,0
2016-01-01 00:00:00+01:00,63707.0
2016-01-01 01:00:00+01:00,62205.0
2016-01-01 02:00:00+01:00,60615.0
2016-01-01 03:00:00+01:00,56584.0
2016-01-01 04:00:00+01:00,56541.0
2016-01-01 05:00:00+01:00,56919.0
2016-01-01 06:00:00+01:00,57544.0
2016-01-01 07:00:00+01:00,57475.0
2016-01-01 08:00:00+01:00,56583.0
2016-01-01 09:00:00+01:00,59229.0
2016-01-01 10:00:00+01:00,61779.0
2016-01-01 11:00:00+01:00,64340.0
2016-01-01 12:00:00+01:00,65352.0
2016-01-01 13:00:00+01:00,65443.0
2016-01-01 14:00:00+01:00,64045.0
2016-01-01 15:00:00+01:00,62546.0
2016-01-01 16:00:00+01:00,63163.0
2016-01-01 17:00:00+01:00,66550.0
2016-01-01 18:00:00+01:00,69851.0
2016-01-01 19:00:00+01:00,70466.0
2016-01-01 20:00:00+01:00,69182.0
2016-01-01 21:00:00+01:00,68609.0
2016-01-01 22:00:00+01:00,69028.0
2016-01-01 23:00:00+01:00,68115.0
2016-01-02 00:00:00+01:00,64735.0
2016-01-02 01:00:00+01:00,60559.0
2016-01-02 02:00:00+01:00,59614.0
2016-01-02 03:00:00+01:00,58427.0
2016-01-02 04:00:00+01:00,58007.0
2016-01-02 05:00:00+01:00,58003.0
2016-01-02 06:00:00+01:00,59088.0
2016-01-02 07:00:00+01:00,60116.0
2016-01-02 08:00:00+01:00,62421.0
2016-01-02 09:00:00+01:00,66665.0
2016-01-02 10:00:00+01:00,69224.0
2016-01-02 11:00:00+01:00,70317.0
2016-01-02 12:00:00+01:00,71286.0
2016-01-02 13:00:00+01:00,69555.0
2016-01-02 14:00:00+01:00,67815.0
2016-01-02 15:00:00+01:00,66862.0
2016-01-02 16:00:00+01:00,67607.0
2016-01-02 17:00:00+01:00,71320.0
2016-01-02 18:00:00+01:00,74727.0
2016-01-02 19:00:00+01:00,74546.0
2016-01-02 20:00:00+01:00,71875.0
2016-01-02 21:00:00+01:00,69309.0
2016-01-02 22:00:00+01:00,70347.0
2016-01-02 23:00:00+01:00,70307.0
2016-01-03 00:00:00+01:00,65452.0
2016-01-03 01:00:00+01:00,62329.0
2016-01-03 02:00:00+01:00,58505.0
2016-01-03 03:00:00+01:00,54316.0
2016-01-03 04:00:00+01:00,53652.0
2016-01-03 05:00:00+01:00,52712.0
2016-01-03 06:00:00+01:00,53320.0
2016-01-03 07:00:00+01:00,53883.0
2016-01-03 08:00:00+01:00,56966.0
2016-01-03 09:00:00+01:00,61003.0
2016-01-03 10:00:00+01:00,65416.0
2016-01-03 11:00:00+01:00,67833.0
2016-01-03 12:00:00+01:00,68506.0
2016-01-03 13:00:00+01:00,67278.0
2016-01-03 14:00:00+01:00,64581.0
2016-01-03 15:00:00+01:00,63663.0
2016-01-03 16:00:00+01:00,64597.0
2016-01-03 17:00:00+01:00,67949.0
2016-01-03 18:00:00+01:00,70996.0
2016-01-03 19:00:00+01:00,71286.0
2016-01-03 20:00:00+01:00,69351.0
2016-01-03 21:00:00+01:00,68050.0
2016-01-03 22:00:00+01:00,68172.0
2016-01-03 23:00:00+01:00,68091.0
2016-01-04 00:00:00+01:00,63565.0
2016-01-04 01:00:00+01:00,61685.0
2016-01-04 02:00:00+01:00,60789.0
2016-01-04 03:00:00+01:00,59960.0
2016-01-04 04:00:00+01:00,60326.0
2016-01-04 05:00:00+01:00,62533.0
2016-01-04 06:00:00+01:00,67505.0
2016-01-04 07:00:00+01:00,73506.0
2016-01-04 08:00:00+01:00,78688.0
2016-01-04 09:00:00+01:00,80316.0
2016-01-04 10:00:00+01:00,80891.0
2016-01-04 11:00:00+01:00,81745.0
2016-01-04 12:00:00+01:00,81247.0
2016-01-04 13:00:00+01:00,80279.0
2016-01-04 14:00:00+01:00,78875.0
2016-01-04 15:00:00+01:00,77943.0
2016-01-04 16:00:00+01:00,78374.0
2016-01-04 17:00:00+01:00,81063.0
2016-01-04 18:00:00+01:00,83135.0
2016-01-04 19:00:00+01:00,82315.0
2016-01-04 20:00:00+01:00,77788.0
2016-01-04 21:00:00+01:00,73521.0
2016-01-04 22:00:00+01:00,73180.0
2016-01-04 23:00:00+01:00,72519.0
2016-01-05 00:00:00+01:00,69927.0
2016-01-05 01:00:00+01:00,67797.0
2016-01-05 02:00:00+01:00,66767.0
2016-01-05 03:00:00+01:00,65529.0
2016-01-05 04:00:00+01:00,66290.0
2016-01-05 05:00:00+01:00,67441.0
2016-01-05 06:00:00+01:00,71790.0
2016-01-05 07:00:00+01:00,77795.0
2016-01-05 08:00:00+01:00,81322.0
2016-01-05 09:00:00+01:00,82928.0
2016-01-05 10:00:00+01:00,83127.0
2016-01-05 11:00:00+01:00,83447.0
2016-01-05 12:00:00+01:00,82718.0
2016-01-05 13:00:00+01:00,81872.0
2016-01-05 14:00:00+01:00,79575.0
2016-01-05 15:00:00+01:00,78290.0
2016-01-05 16:00:00+01:00,78722.0
2016-01-05 17:00:00+01:00,81635.0
2016-01-05 18:00:00+01:00,83470.0
2016-01-05 19:00:00+01:00,82959.0
2016-01-05 20:00:00+01:00,78939.0
2016-01-05 21:00:00+01:00,76356.0
2016-01-05 22:00:00+01:00,75279.0
2016-01-05 23:00:00+01:00,72906.0
2016-01-06 00:00:00+01:00,69136.0
2016-01-06 01:00:00+01:00,67516.0
2016-01-06 02:00:00+01:00,67397.0
2016-01-06 03:00:00+01:00,67125.0
2016-01-06 04:00:00+01:00,65454.0
2016-01-06 05:00:00+01:00,66625.0
2016-01-06 06:00:00+01:00,70607.0
2016-01-06 07:00:00+01:00,76927.0
2016-01-06 08:00:00+01:00,79654.0
2016-01-06 09:00:00+01:00,79997.0
2016-01-06 10:00:00+01:00,80393.0
2016-01-06 11:00:00+01:00,81042.0
2016-01-06 12:00:00+01:00,80925.0
2016-01-06 13:00:00+01:00,79729.0
2016-01-06 14:00:00+01:00,78417.0
2016-01-06 15:00:00+01:00,77598.0
2016-01-06 16:00:00+01:00,78579.0
2016-01-06 17:00:00+01:00,81441.0
2016-01-06 18:00:00+01:00,83423.0
2016-01-06 19:00:00+01:00,82675.0
2016-01-06 20:00:00+01:00,78667.0
2016-01-06 21:00:00+01:00,74786.0
2016-01-06 22:00:00+01:00,74263.0
2016-01-06 23:00:00+01:00,72814.0
2016-01-07 00:00:00+01:00,69958.0
2016-01-07 01:00:00+01:00,68576.0
2016-01-07 02:00:00+01:00,68310.0
2016-01-07 03:00:00+01:00,68160.0
2016-01-07 04:00:00+01:00,68165.0
2016-01-07 05:00:00+01:00,70327.0
2016-01-07 06:00:00+01:00,74150.0
2016-01-07 07:00:00+01:00,80646.0
2016-01-07 08:00:00+01:00,82527.0
2016-01-07 09:00:00+01:00,83522.0
2016-01-07 10:00:00+01:00,84186.0
2016-01-07 11:00:00+01:00,84767.0
2016-01-07 12:00:00+01:00,84140.0
2016-01-07 13:00:00+01:00,82586.0
2016-01-07 14:00:00+01:00,80750.0
2016-01-07 15:00:00+01:00,79950.0
2016-01-07 16:00:00+01:00,79735.0
2016-01-07 17:00:00+01:00,81711.0
2016-01-07 18:00:00+01:00,83385.0
2016-01-07 19:00:00+01:00,82696.0
2016-01-07 20:00:00+01:00,78521.0
2016-01-07 21:00:00+01:00,75530.0
2016-01-07 22:00:00+01:00,74949.0
2016-01-07 23:00:00+01:00,72669.0
2016-01-08 00:00:00+01:00,67900.0
2016-01-08 01:00:00+01:00,63707.0
2016-01-08 02:00:00+01:00,62843.0
2016-01-08 03:00:00+01:00,61835.0
2016-01-08 04:00:00+01:00,62521.0
2016-01-08 05:00:00+01:00,63138.0
2016-01-08 06:00:00+01:00,67994.0
2016-01-08 07:00:00+01:00,74140.0
2016-01-08 08:00:00+01:00,78905.0
2016-01-08 09:00:00+01:00,79303.0
2016-01-08 10:00:00+01:00,79451.0
2016-01-08 11:00:00+01:00,79323.0
2016-01-08 12:00:00+01:00,78528.0
2016-01-08 13:00:00+01:00,77106.0
2016-01-08 14:00:00+01:00,76023.0
2016-01-08 15:00:00+01:00,75326.0
2016-01-08 16:00:00+01:00,76248.0
2016-01-08 17:00:00+01:00,79199.0
2016-01-08 18:00:00+01:00,81794.0
2016-01-08 19:00:00+01:00,81368.0
2016-01-08 20:00:00+01:00,75795.0
2016-01-08 21:00:00+01:00,72595.0
2016-01-08 22:00:00+01:00,71954.0
2016-01-08 23:00:00+01:00,72184.0
2016-01-09 00:00:00+01:00,66805.0
2016-01-09 01:00:00+01:00,63686.0
2016-01-09 02:00:00+01:00,62352.0
2016-01-09 03:00:00+01:00,61843.0
2016-01-09 04:00:00+01:00,62617.0
2016-01-09 05:00:00+01:00,61523.0
2016-01-09 06:00:00+01:00,62501.0
2016-01-09 07:00:00+01:00,65303.0
2016-01-09 08:00:00+01:00,67572.0
2016-01-09 09:00:00+01:00,70202.0
2016-01-09 10:00:00+01:00,72533.0
2016-01-09 11:00:00+01:00,72933.0
2016-01-09 12:00:00+01:00,72971.0
2016-01-09 13:00:00+01:00,71911.0
2016-01-09 14:00:00+01:00,70233.0
2016-01-09 15:00:00+01:00,69048.0
2016-01-09 16:00:00+01:00,69084.0
2016-01-09 17:00:00+01:00,71121.0
2016-01-09 18:00:00+01:00,73595.0
2016-01-09 19:00:00+01:00,73495.0
2016-01-09 20:00:00+01:00,70853.0
2016-01-09 21:00:00+01:00,69327.0
2016-01-09 22:00:00+01:00,69576.0
2016-01-09 23:00:00+01:00,67416.0
2016-01-10 00:00:00+01:00,66240.0
2016-01-10 01:00:00+01:00,64090.0
2016-01-10 02:00:00+01:00,61423.0
2016-01-10 03:00:00+01:00,60602.0
2016-01-10 04:00:00+01:00,59924.0
2016-01-10 05:00:00+01:00,59571.0
2016-01-10 06:00:00+01:00,59138.0
2016-01-10 07:00:00+01:00,59428.0
2016-01-10 08:00:00+01:00,60531.0
2016-01-10 09:00:00+01:00,62395.0
2016-01-10 10:00:00+01:00,64567.0
2016-01-10 11:00:00+01:00,66150.0
2016-01-10 12:00:00+01:00,67004.0
2016-01-10 13:00:00+01:00,66211.0
2016-01-10 14:00:00+01:00,64694.0
2016-01-10 15:00:00+01:00,64419.0
2016-01-10 16:00:00+01:00,65146.0
2016-01-10 17:00:00+01:00,67910.0
2016-01-10 18:00:00+01:00,71575.0
2016-01-10 19:00:00+01:00,72594.0
2016-01-10 20:00:00+01:00,70756.0
2016-01-10 21:00:00+01:00,69607.0
2016-01-10 22:00:00+01:00,69777.0
2016-01-10 23:00:00+01:00,68529.0
2016-01-11 00:00:00+01:00,65635.0
2016-01-11 01:00:00+01:00,64680.0
2016-01-11 02:00:00+01:00,63583.0
2016-01-11 03:00:00+01:00,63263.0
2016-01-11 04:00:00+01:00,63642.0
2016-01-11 05:00:00+01:00,65332.0
2016-01-11 06:00:00+01:00,69797.0
2016-01-11 07:00:00+01:00,76501.0
2016-01-11 08:00:00+01:00,80021.0
2016-01-11 09:00:00+01:00,81706.0
2016-01-11 10:00:00+01:00,82881.0
2016-01-11 11:00:00+01:00,84307.0
2016-01-11 12:00:00+01:00,84548.0
2016-01-11 13:00:00+01:00,83943.0
2016-01-11 14:00:00+01:00,82499.0
2016-01-11 15:00:00+01:00,81648.0
2016-01-11 16:00:00+01:00,81810.0
2016-01-11 17:00:00+01:00,82636.0
2016-01-11 18:00:00+01:00,85220.0
2016-01-11 19:00:00+01:00,84863.0
2016-01-11 20:00:00+01:00,79301.0
2016-01-11 21:00:00+01:00,76823.0
2016-01-11 22:00:00+01:00,75844.0
2016-01-11 23:00:00+01:00,74368.0
2016-01-12 00:00:00+01:00,71123.0
2016-01-12 01:00:00+01:00,69444.0
2016-01-12 02:00:00+01:00,68765.0
2016-01-12 03:00:00+01:00,68920.0
2016-01-12 04:00:00+01:00,69439.0
2016-01-12 05:00:00+01:00,70362.0
2016-01-12 06:00:00+01:00,73176.0
2016-01-12 07:00:00+01:00,79984.0
2016-01-12 08:00:00+01:00,83878.0
2016-01-12 09:00:00+01:00,85145.0
2016-01-12 10:00:00+01:00,85123.0
2016-01-12 11:00:00+01:00,85369.0
2016-01-12 12:00:00+01:00,85204.0
2016-01-12 13:00:00+01:00,84810.0
2016-01-12 14:00:00+01:00,83438.0
2016-01-12 15:00:00+01:00,82763.0
2016-01-12 16:00:00+01:00,83893.0
2016-01-12 17:00:00+01:00,85904.0
2016-01-12 18:00:00+01:00,88499.0
2016-01-12 19:00:00+01:00,88079.0
2016-01-12 20:00:00+01:00,84194.0
2016-01-12 21:00:00+01:00,80006.0
2016-01-12 22:00:00+01:00,79193.0
2016-01-12 23:00:00+01:00,77350.0
2016-01-13 00:00:00+01:00,74566.0
2016-01-13 01:00:00+01:00,73108.0
2016-01-13 02:00:00+01:00,72396.0
2016-01-13 03:00:00+01:00,70925.0
2016-01-13 04:00:00+01:00,70838.0
2016-01-13 05:00:00+01:00,72042.0
2016-01-13 06:00:00+01:00,75751.0
2016-01-13 07:00:00+01:00,83023.0
2016-01-13 08:00:00+01:00,85255.0
2016-01-13 09:00:00+01:00,86309.0
2016-01-13 10:00:00+01:00,86663.0
2016-01-13 11:00:00+01:00,86472.0
2016-01-13 12:00:00+01:00,85643.0
2016-01-13 13:00:00+01:00,84365.0
2016-01-13 14:00:00+01:00,82679.0
2016-01-13 15:00:00+01:00,81602.0
2016-01-13 16:00:00+01:00,81818.0
2016-01-13 17:00:00+01:00,83843.0
2016-01-13 18:00:00+01:00,86895.0
2016-01-13 19:00:00+01:00,87341.0
2016-01-13 20:00:00+01:00,84631.0
2016-01-13 21:00:00+01:00,80842.0
2016-01-13 22:00:00+01:00,80121.0
2016-01-13 23:00:00+01:00,77704.0
2016-01-14 00:00:00+01:00,72117.0
2016-01-14 01:00:00+01:00,69755.0
2016-01-14 02:00:00+01:00,69523.0
2016-01-14 03:00:00+01:00,68452.0
2016-01-14 04:00:00+01:00,68254.0
2016-01-14 05:00:00+01:00,69885.0
2016-01-14 06:00:00+01:00,75230.0
2016-01-14 07:00:00+01:00,81025.0
2016-01-14 08:00:00+01:00,83928.0
2016-01-14 09:00:00+01:00,84623.0
2016-01-14 10:00:00+01:00,84952.0
2016-01-14 11:00:00+01:00,84544.0
2016-01-14 12:00:00+01:00,83794.0
2016-01-14 13:00:00+01:00,82952.0
2016-01-14 14:00:00+01:00,81610.0
2016-01-14 15:00:00+01:00,81135.0
2016-01-14 16:00:00+01:00,81502.0
2016-01-14 17:00:00+01:00,83144.0
2016-01-14 18:00:00+01:00,86469.0
2016-01-14 19:00:00+01:00,87007.0
2016-01-14 20:00:00+01:00,83973.0
2016-01-14 21:00:00+01:00,81464.0
2016-01-14 22:00:00+01:00,81182.0
2016-01-14 23:00:00+01:00,79731.0
2016-01-15 00:00:00+01:00,76284.0
2016-01-15 01:00:00+01:00,72357.0
2016-01-15 02:00:00+01:00,71228.0
2016-01-15 03:00:00+01:00,70217.0
2016-01-15 04:00:00+01:00,71271.0
2016-01-15 05:00:00+01:00,72597.0
2016-01-15 06:00:00+01:00,77775.0
2016-01-15 07:00:00+01:00,83813.0
2016-01-15 08:00:00+01:00,86600.0
2016-01-15 09:00:00+01:00,87027.0
2016-01-15 10:00:00+01:00,86834.0
2016-01-15 11:00:00+01:00,86799.0
2016-01-15 12:00:00+01:00,86228.0
2016-01-15 13:00:00+01:00,85131.0
2016-01-15 14:00:00+01:00,83340.0
2016-01-15 15:00:00+01:00,82067.0
2016-01-15 16:00:00+01:00,81669.0
2016-01-15 17:00:00+01:00,83731.0
2016-01-15 18:00:00+01:00,86774.0
2016-01-15 19:00:00+01:00,86368.0
2016-01-15 20:00:00+01:00,83785.0
2016-01-15 21:00:00+01:00,81767.0
2016-01-15 22:00:00+01:00,81500.0
2016-01-15 23:00:00+01:00,80296.0
2016-01-16 00:00:00+01:00,76221.0
2016-01-16 01:00:00+01:00,72503.0
2016-01-16 02:00:00+01:00,70674.0
2016-01-16 03:00:00+01:00,69411.0
2016-01-16 04:00:00+01:00,69138.0
2016-01-16 05:00:00+01:00,68390.0
2016-01-16 06:00:00+01:00,70571.0
2016-01-16 07:00:00+01:00,73059.0
2016-01-16 08:00:00+01:00,76831.0
2016-01-16 09:00:00+01:00,79611.0
2016-01-16 10:00:00+01:00,80905.0
2016-01-16 11:00:00+01:00,81288.0
2016-01-16 12:00:00+01:00,81252.0
2016-01-16 13:00:00+01:00,80123.0
2016-01-16 14:00:00+01:00,77983.0
2016-01-16 15:00:00+01:00,75626.0
2016-01-16 16:00:00+01:00,75409.0
2016-01-16 17:00:00+01:00,79117.0
2016-01-16 18:00:00+01:00,82240.0
2016-01-16 19:00:00+01:00,82871.0
2016-01-16 20:00:00+01:00,80416.0
2016-01-16 21:00:00+01:00,77895.0
2016-01-16 22:00:00+01:00,78949.0
2016-01-16 23:00:00+01:00,78293.0
2016-01-17 00:00:00+01:00,75966.0
2016-01-17 01:00:00+01:00,73184.0
2016-01-17 02:00:00+01:00,70118.0
2016-01-17 03:00:00+01:00,67655.0
2016-01-17 04:00:00+01:00,66764.0
2016-01-17 05:00:00+01:00,67107.0
2016-01-17 06:00:00+01:00,67743.0
2016-01-17 07:00:00+01:00,68878.0
2016-01-17 08:00:00+01:00,71297.0
2016-01-17 09:00:00+01:00,73640.0
2016-01-17 10:00:00+01:00,76497.0
2016-01-17 11:00:00+01:00,77894.0
2016-01-17 12:00:00+01:00,78200.0
2016-01-17 13:00:00+01:00,76707.0
2016-01-17 14:00:00+01:00,74788.0
2016-01-17 15:00:00+01:00,73083.0
2016-01-17 16:00:00+01:00,74229.0
2016-01-17 17:00:00+01:00,77052.0
2016-01-17 18:00:00+01:00,81338.0
2016-01-17 19:00:00+01:00,83633.0
2016-01-17 20:00:00+01:00,81784.0
2016-01-17 21:00:00+01:00,79642.0
2016-01-17 22:00:00+01:00,79899.0
2016-01-17 23:00:00+01:00,78590.0
2016-01-18 00:00:00+01:00,76618.0
2016-01-18 01:00:00+01:00,74448.0
2016-01-18 02:00:00+01:00,73987.0
2016-01-18 03:00:00+01:00,72940.0
2016-01-18 04:00:00+01:00,72847.0
2016-01-18 05:00:00+01:00,75394.0
2016-01-18 06:00:00+01:00,80483.0
2016-01-18 07:00:00+01:00,86339.0
2016-01-18 08:00:00+01:00,88212.0
2016-01-18 09:00:00+01:00,89121.0
2016-01-18 10:00:00+01:00,88837.0
2016-01-18 11:00:00+01:00,88821.0
2016-01-18 12:00:00+01:00,87551.0
2016-01-18 13:00:00+01:00,86364.0
2016-01-18 14:00:00+01:00,85533.0
2016-01-18 15:00:00+01:00,84492.0
2016-01-18 16:00:00+01:00,85060.0
2016-01-18 17:00:00+01:00,88692.0
2016-01-18 18:00:00+01:00,89785.0
2016-01-18 19:00:00+01:00,89369.0
2016-01-18 20:00:00+01:00,88175.0
2016-01-18 21:00:00+01:00,85540.0
2016-01-18 22:00:00+01:00,84636.0
2016-01-18 23:00:00+01:00,82622.0
2016-01-19 00:00:00+01:00,79470.0
2016-01-19 01:00:00+01:00,75916.0
2016-01-19 02:00:00+01:00,74692.0
2016-01-19 03:00:00+01:00,73270.0
2016-01-19 04:00:00+01:00,73139.0
2016-01-19 05:00:00+01:00,75708.0
2016-01-19 06:00:00+01:00,80410.0
2016-01-19 07:00:00+01:00,84648.0
2016-01-19 08:00:00+01:00,86334.0
2016-01-19 09:00:00+01:00,87513.0
2016-01-19 10:00:00+01:00,87801.0
2016-01-19 11:00:00+01:00,87868.0
2016-01-19 12:00:00+01:00,87468.0
2016-01-19 13:00:00+01:00,86808.0
2016-01-19 14:00:00+01:00,85354.0
2016-01-19 15:00:00+01:00,83927.0
2016-01-19 16:00:00+01:00,83451.0
2016-01-19 17:00:00+01:00,86305.0
2016-01-19 18:00:00+01:00,87311.0
2016-01-19 19:00:00+01:00,87062.0
2016-01-19 20:00:00+01:00,86584.0
2016-01-19 21:00:00+01:00,84080.0
2016-01-19 22:00:00+01:00,82965.0
2016-01-19 23:00:00+01:00,81236.0
2016-01-20 00:00:00+01:00,79268.0
2016-01-20 01:00:00+01:00,78232.0
2016-01-20 02:00:00+01:00,75915.0
2016-01-20 03:00:00+01:00,74002.0
2016-01-20 04:00:00+01:00,73914.0
2016-01-20 05:00:00+01:00,76333.0
2016-01-20 06:00:00+01:00,80141.0
2016-01-20 07:00:00+01:00,84645.0
2016-01-20 08:00:00+01:00,86357.0
2016-01-20 09:00:00+01:00,87027.0
2016-01-20 10:00:00+01:00,87364.0
2016-01-20 11:00:00+01:00,87441.0
2016-01-20 12:00:00+01:00,86953.0
2016-01-20 13:00:00+01:00,86457.0
2016-01-20 14:00:00+01:00,85207.0
2016-01-20 15:00:00+01:00,84670.0
2016-01-20 16:00:00+01:00,78922.0
2016-01-20 17:00:00+01:00,79934.0
2016-01-20 18:00:00+01:00,83956.0
2016-01-20 19:00:00+01:00,84099.0
2016-01-20 20:00:00+01:00,82456.0
2016-01-20 21:00:00+01:00,80207.0
2016-01-20 22:00:00+01:00,80286.0
2016-01-20 23:00:00+01:00,80915.0
2016-01-21 00:00:00+01:00,77743.0
2016-01-21 01:00:00+01:00,76136.0
2016-01-21 02:00:00+01:00,75465.0
2016-01-21 03:00:00+01:00,73219.0
2016-01-21 04:00:00+01:00,72858.0
2016-01-21 05:00:00+01:00,74332.0
2016-01-21 06:00:00+01:00,78040.0
2016-01-21 07:00:00+01:00,82819.0
2016-01-21 08:00:00+01:00,83768.0
2016-01-21 09:00:00+01:00,84600.0
2016-01-21 10:00:00+01:00,84518.0
2016-01-21 11:00:00+01:00,84416.0
2016-01-21 12:00:00+01:00,84140.0
2016-01-21 13:00:00+01:00,82370.0
2016-01-21 14:00:00+01:00,79922.0
2016-01-21 15:00:00+01:00,78031.0
2016-01-21 16:00:00+01:00,77824.0
2016-01-21 17:00:00+01:00,79700.0
2016-01-21 18:00:00+01:00,84466.0
2016-01-21 19:00:00+01:00,85044.0
2016-01-21 20:00:00+01:00,83003.0
2016-01-21 21:00:00+01:00,83573.0
2016-01-21 22:00:00+01:00,82842.0
2016-01-21 23:00:00+01:00,82191.0
2016-01-22 00:00:00+01:00,79330.0
2016-01-22 01:00:00+01:00,78613.0
2016-01-22 02:00:00+01:00,76828.0
2016-01-22 03:00:00+01:00,74835.0
2016-01-22 04:00:00+01:00,73955.0
2016-01-22 05:00:00+01:00,76024.0
2016-01-22 06:00:00+01:00,80459.0
2016-01-22 07:00:00+01:00,85008.0
2016-01-22 08:00:00+01:00,87384.0
2016-01-22 09:00:00+01:00,87653.0
2016-01-22 10:00:00+01:00,88408.0
2016-01-22 11:00:00+01:00,88116.0
2016-01-22 12:00:00+01:00,87267.0
2016-01-22 13:00:00+01:00,85390.0
2016-01-22 14:00:00+01:00,83089.0
2016-01-22 15:00:00+01:00,81899.0
2016-01-22 16:00:00+01:00,81504.0
2016-01-22 17:00:00+01:00,85304.0
2016-01-22 18:00:00+01:00,89035.0
2016-01-22 19:00:00+01:00,88293.0
2016-01-22 20:00:00+01:00,84329.0
2016-01-22 21:00:00+01:00,80645.0
2016-01-22 22:00:00+01:00,80913.0
2016-01-22 23:00:00+01:00,79982.0
2016-01-23 00:00:00+01:00,75955.0
2016-01-23 01:00:00+01:00,72710.0
2016-01-23 02:00:00+01:00,70786.0
2016-01-23 03:00:00+01:00,68670.0
2016-01-23 04:00:00+01:00,68104.0
2016-01-23 05:00:00+01:00,68687.0
2016-01-23 06:00:00+01:00,71227.0
2016-01-23 07:00:00+01:00,73777.0
2016-01-23 08:00:00+01:00,75780.0
2016-01-23 09:00:00+01:00,76833.0
2016-01-23 10:00:00+01:00,78113.0
2016-01-23 11:00:00+01:00,78532.0
2016-01-23 12:00:00+01:00,78602.0
2016-01-23 13:00:00+01:00,76783.0
2016-01-23 14:00:00+01:00,73697.0
2016-01-23 15:00:00+01:00,71777.0
2016-01-23 16:00:00+01:00,73046.0
2016-01-23 17:00:00+01:00,76623.0
2016-01-23 18:00:00+01:00,79955.0
2016-01-23 19:00:00+01:00,79960.0
2016-01-23 20:00:00+01:00,77093.0
2016-01-23 21:00:00+01:00,75311.0
2016-01-23 22:00:00+01:00,76577.0
2016-01-23 23:00:00+01:00,75144.0
2016-01-24 00:00:00+01:00,73416.0
2016-01-24 01:00:00+01:00,70637.0
2016-01-24 02:00:00+01:00,68822.0
2016-01-24 03:00:00+01:00,66810.0
2016-01-24 04:00:00+01:00,64799.0
2016-01-24 05:00:00+01:00,65001.0
2016-01-24 06:00:00+01:00,66243.0
2016-01-24 07:00:00+01:00,67911.0
2016-01-24 08:00:00+01:00,69428.0
2016-01-24 09:00:00+01:00,71739.0
2016-01-24 10:00:00+01:00,73789.0
2016-01-24 11:00:00+01:00,74620.0
2016-01-24 12:00:00+01:00,74601.0
2016-01-24 13:00:00+01:00,72391.0
2016-01-24 14:00:00+01:00,69085.0
2016-01-24 15:00:00+01:00,67885.0
2016-01-24 16:00:00+01:00,67773.0
2016-01-24 17:00:00+01:00,70718.0
2016-01-24 18:00:00+01:00,74862.0
2016-01-24 19:00:00+01:00,75608.0
2016-01-24 20:00:00+01:00,74762.0
2016-01-24 21:00:00+01:00,73746.0
2016-01-24 22:00:00+01:00,74785.0
2016-01-24 23:00:00+01:00,74231.0
2016-01-25 00:00:00+01:00,71131.0
2016-01-25 01:00:00+01:00,69733.0
2016-01-25 02:00:00+01:00,69222.0
2016-01-25 03:00:00+01:00,67913.0
2016-01-25 04:00:00+01:00,67933.0
2016-01-25 05:00:00+01:00,69656.0
2016-01-25 06:00:00+01:00,74546.0
2016-01-25 07:00:00+01:00,80830.0
2016-01-25 08:00:00+01:00,84219.0
2016-01-25 09:00:00+01:00,83690.0
2016-01-25 10:00:00+01:00,83370.0
2016-01-25 11:00:00+01:00,82965.0
2016-01-25 12:00:00+01:00,82664.0
2016-01-25 13:00:00+01:00,81589.0
2016-01-25 14:00:00+01:00,79785.0
2016-01-25 15:00:00+01:00,78625.0
2016-01-25 16:00:00+01:00,78421.0
2016-01-25 17:00:00+01:00,80723.0
2016-01-25 18:00:00+01:00,84470.0
2016-01-25 19:00:00+01:00,84362.0
2016-01-25 20:00:00+01:00,80114.0
2016-01-25 21:00:00+01:00,75298.0
2016-01-25 22:00:00+01:00,75013.0
2016-01-25 23:00:00+01:00,75218.0
2016-01-26 00:00:00+01:00,69042.0
2016-01-26 01:00:00+01:00,66524.0
2016-01-26 02:00:00+01:00,65412.0
2016-01-26 03:00:00+01:00,63705.0
2016-01-26 04:00:00+01:00,63526.0
2016-01-26 05:00:00+01:00,64712.0
2016-01-26 06:00:00+01:00,72502.0
2016-01-26 07:00:00+01:00,79437.0
2016-01-26 08:00:00+01:00,81258.0
2016-01-26 09:00:00+01:00,81069.0
2016-01-26 10:00:00+01:00,81062.0
2016-01-26 11:00:00+01:00,81226.0
2016-01-26 12:00:00+01:00,80683.0
2016-01-26 13:00:00+01:00,79513.0
2016-01-26 14:00:00+01:00,78151.0
2016-01-26 15:00:00+01:00,77263.0
2016-01-26 16:00:00+01:00,77340.0
2016-01-26 17:00:00+01:00,78378.0
2016-01-26 18:00:00+01:00,82873.0
2016-01-26 19:00:00+01:00,83598.0
2016-01-26 20:00:00+01:00,77639.0
2016-01-26 21:00:00+01:00,74962.0
2016-01-26 22:00:00+01:00,74890.0
2016-01-26 23:00:00+01:00,75820.0
2016-01-27 00:00:00+01:00,72963.0
2016-01-27 01:00:00+01:00,70438.0
2016-01-27 02:00:00+01:00,68757.0
2016-01-27 03:00:00+01:00,67378.0
2016-01-27 04:00:00+01:00,66760.0
2016-01-27 05:00:00+01:00,67873.0
2016-01-27 06:00:00+01:00,73853.0
2016-01-27 07:00:00+01:00,80465.0
2016-01-27 08:00:00+01:00,82804.0
2016-01-27 09:00:00+01:00,82241.0
2016-01-27 10:00:00+01:00,82111.0
2016-01-27 11:00:00+01:00,82764.0
2016-01-27 12:00:00+01:00,82754.0
2016-01-27 13:00:00+01:00,81793.0
2016-01-27 14:00:00+01:00,80863.0
2016-01-27 15:00:00+01:00,78966.0
2016-01-27 16:00:00+01:00,78688.0
2016-01-27 17:00:00+01:00,79744.0
2016-01-27 18:00:00+01:00,83176.0
2016-01-27 19:00:00+01:00,83111.0
2016-01-27 20:00:00+01:00,77634.0
2016-01-27 21:00:00+01:00,74425.0
2016-01-27 22:00:00+01:00,74346.0
2016-01-27 23:00:00+01:00,74073.0
2016-01-28 00:00:00+01:00,68518.0
2016-01-28 01:00:00+01:00,66001.0
2016-01-28 02:00:00+01:00,64890.0
2016-01-28 03:00:00+01:00,64128.0
2016-01-28 04:00:00+01:00,64967.0
2016-01-28 05:00:00+01:00,65792.0
2016-01-28 06:00:00+01:00,70613.0
2016-01-28 07:00:00+01:00,77583.0
2016-01-28 08:00:00+01:00,79190.0
2016-01-28 09:00:00+01:00,79379.0
2016-01-28 10:00:00+01:00,79975.0
2016-01-28 11:00:00+01:00,81422.0
2016-01-28 12:00:00+01:00,80716.0
2016-01-28 13:00:00+01:00,79782.0
2016-01-28 14:00:00+01:00,78326.0
2016-01-28 15:00:00+01:00,77438.0
2016-01-28 16:00:00+01:00,78309.0
2016-01-28 17:00:00+01:00,81059.0
2016-01-28 18:00:00+01:00,83633.0
2016-01-28 19:00:00+01:00,83931.0
2016-01-28 20:00:00+01:00,79532.0
2016-01-28 21:00:00+01:00,76136.0
2016-01-28 22:00:00+01:00,75952.0
2016-01-28 23:00:00+01:00,76044.0
2016-01-29 00:00:00+01:00,73416.0
2016-01-29 01:00:00+01:00,69945.0
2016-01-29 02:00:00+01:00,68538.0
2016-01-29 03:00:00+01:00,64947.0
2016-01-29 04:00:00+01:00,65368.0
2016-01-29 05:00:00+01:00,67351.0
2016-01-29 06:00:00+01:00,74764.0
2016-01-29 07:00:00+01:00,81510.0
2016-01-29 08:00:00+01:00,83082.0
2016-01-29 09:00:00+01:00,82475.0
2016-01-29 10:00:00+01:00,82170.0
2016-01-29 11:00:00+01:00,82446.0
2016-01-29 12:00:00+01:00,81862.0
2016-01-29 13:00:00+01:00,80921.0
2016-01-29 14:00:00+01:00,79218.0
2016-01-29 15:00:00+01:00,77636.0
2016-01-29 16:00:00+01:00,76597.0
2016-01-29 17:00:00+01:00,79289.0
2016-01-29 18:00:00+01:00,84101.0
2016-01-29 19:00:00+01:00,83711.0
2016-01-29 20:00:00+01:00,79269.0
2016-01-29 21:00:00+01:00,76273.0
2016-01-29 22:00:00+01:00,76990.0
2016-01-29 23:00:00+01:00,76848.0
2016-01-30 00:00:00+01:00,69693.0
2016-01-30 01:00:00+01:00,68178.0
2016-01-30 02:00:00+01:00,65654.0
2016-01-30 03:00:00+01:00,63955.0
2016-01-30 04:00:00+01:00,62930.0
2016-01-30 05:00:00+01:00,63575.0
2016-01-30 06:00:00+01:00,64311.0
2016-01-30 07:00:00+01:00,67102.0
2016-01-30 08:00:00+01:00,69326.0
2016-01-30 09:00:00+01:00,72122.0
2016-01-30 10:00:00+01:00,72944.0
2016-01-30 11:00:00+01:00,73042.0
2016-01-30 12:00:00+01:00,72890.0
2016-01-30 13:00:00+01:00,71050.0
2016-01-30 14:00:00+01:00,69261.0
2016-01-30 15:00:00+01:00,68243.0
2016-01-30 16:00:00+01:00,68163.0
2016-01-30 17:00:00+01:00,71375.0
2016-01-30 18:00:00+01:00,75061.0
2016-01-30 19:00:00+01:00,74072.0
2016-01-30 20:00:00+01:00,70249.0
2016-01-30 21:00:00+01:00,66871.0
2016-01-30 22:00:00+01:00,67915.0
2016-01-30 23:00:00+01:00,68464.0
2016-01-31 00:00:00+01:00,65716.0
2016-01-31 01:00:00+01:00,63447.0
2016-01-31 02:00:00+01:00,61391.0
2016-01-31 03:00:00+01:00,58136.0
2016-01-31 04:00:00+01:00,58001.0
2016-01-31 05:00:00+01:00,58258.0
2016-01-31 06:00:00+01:00,58677.0
2016-01-31 07:00:00+01:00,60220.0
2016-01-31 08:00:00+01:00,63127.0
2016-01-31 09:00:00+01:00,64651.0
2016-01-31 10:00:00+01:00,66843.0
2016-01-31 11:00:00+01:00,68641.0
2016-01-31 12:00:00+01:00,68959.0
2016-01-31 13:00:00+01:00,67547.0
2016-01-31 14:00:00+01:00,65800.0
2016-01-31 15:00:00+01:00,65695.0
2016-01-31 16:00:00+01:00,65915.0
2016-01-31 17:00:00+01:00,68927.0
2016-01-31 18:00:00+01:00,72819.0
2016-01-31 19:00:00+01:00,73910.0
2016-01-31 20:00:00+01:00,72130.0
2016-01-31 21:00:00+01:00,70581.0
2016-01-31 22:00:00+01:00,71104.0
2016-01-31 23:00:00+01:00,69769.0
2016-02-01 00:00:00+01:00,68510.0
2016-02-01 01:00:00+01:00,67276.0
2016-02-01 02:00:00+01:00,65658.0
2016-02-01 03:00:00+01:00,65030.0
2016-02-01 04:00:00+01:00,65080.0
2016-02-01 05:00:00+01:00,68198.0
2016-02-01 06:00:00+01:00,73191.0
2016-02-01 07:00:00+01:00,79349.0
2016-02-01 08:00:00+01:00,81422.0
2016-02-01 09:00:00+01:00,81540.0
2016-02-01 10:00:00+01:00,80684.0
2016-02-01 11:00:00+01:00,80356.0
2016-02-01 12:00:00+01:00,79620.0
2016-02-01 13:00:00+01:00,79034.0
2016-02-01 14:00:00+01:00,76791.0
2016-02-01 15:00:00+01:00,74999.0
2016-02-01 16:00:00+01:00,74238.0
2016-02-01 17:00:00+01:00,75715.0
2016-02-01 18:00:00+01:00,80095.0
2016-02-01 19:00:00+01:00,78969.0
2016-02-01 20:00:00+01:00,75187.0
2016-02-01 21:00:00+01:00,71826.0
2016-02-01 22:00:00+01:00,71702.0
2016-02-01 23:00:00+01:00,71487.0
2016-02-02 00:00:00+01:00,69012.0
2016-02-02 01:00:00+01:00,66227.0
2016-02-02 02:00:00+01:00,65369.0
2016-02-02 03:00:00+01:00,63691.0
2016-02-02 04:00:00+01:00,63219.0
2016-02-02 05:00:00+01:00,66321.0
2016-02-02 06:00:00+01:00,72010.0
2016-02-02 07:00:00+01:00,77444.0
2016-02-02 08:00:00+01:00,79496.0
2016-02-02 09:00:00+01:00,79910.0
2016-02-02 10:00:00+01:00,80589.0
2016-02-02 11:00:00+01:00,81121.0
2016-02-02 12:00:00+01:00,80590.0
2016-02-02 13:00:00+01:00,79844.0
2016-02-02 14:00:00+01:00,77777.0
2016-02-02 15:00:00+01:00,75614.0
2016-02-02 16:00:00+01:00,75570.0
2016-02-02 17:00:00+01:00,78243.0
2016-02-02 18:00:00+01:00,81748.0
2016-02-02 19:00:00+01:00,80617.0
2016-02-02 20:00:00+01:00,76975.0
2016-02-02 21:00:00+01:00,72998.0
2016-02-02 22:00:00+01:00,72948.0
2016-02-02 23:00:00+01:00,72443.0
2016-02-03 00:00:00+01:00,68429.0
2016-02-03 01:00:00+01:00,66674.0
2016-02-03 02:00:00+01:00,65578.0
2016-02-03 03:00:00+01:00,65259.0
2016-02-03 04:00:00+01:00,66076.0
2016-02-03 05:00:00+01:00,67170.0
2016-02-03 06:00:00+01:00,73476.0
2016-02-03 07:00:00+01:00,78682.0
2016-02-03 08:00:00+01:00,80723.0
2016-02-03 09:00:00+01:00,81155.0
2016-02-03 10:00:00+01:00,82052.0
2016-02-03 11:00:00+01:00,82648.0
2016-02-03 12:00:00+01:00,81951.0
2016-02-03 13:00:00+01:00,81737.0
2016-02-03 14:00:00+01:00,80058.0
2016-02-03 15:00:00+01:00,79932.0
2016-02-03 16:00:00+01:00,79806.0
2016-02-03 17:00:00+01:00,81024.0
2016-02-03 18:00:00+01:00,83454.0
2016-02-03 19:00:00+01:00,83680.0
2016-02-03 20:00:00+01:00,79555.0
2016-02-03 21:00:00+01:00,76266.0
2016-02-03 22:00:00+01:00,76223.0
2016-02-03 23:00:00+01:00,75867.0
2016-02-04 00:00:00+01:00,73162.0
2016-02-04 01:00:00+01:00,71300.0
2016-02-04 02:00:00+01:00,70024.0
2016-02-04 03:00:00+01:00,69426.0
2016-02-04 04:00:00+01:00,69319.0
2016-02-04 05:00:00+01:00,71474.0
2016-02-04 06:00:00+01:00,76338.0
2016-02-04 07:00:00+01:00,82204.0
2016-02-04 08:00:00+01:00,84152.0
2016-02-04 09:00:00+01:00,85002.0
2016-02-04 10:00:00+01:00,85076.0
2016-02-04 11:00:00+01:00,85284.0
2016-02-04 12:00:00+01:00,84454.0
2016-02-04 13:00:00+01:00,84483.0
2016-02-04 14:00:00+01:00,83202.0
2016-02-04 15:00:00+01:00,81206.0
2016-02-04 16:00:00+01:00,81202.0
2016-02-04 17:00:00+01:00,82190.0
2016-02-04 18:00:00+01:00,84664.0
2016-02-04 19:00:00+01:00,84176.0
2016-02-04 20:00:00+01:00,80398.0
2016-02-04 21:00:00+01:00,77613.0
2016-02-04 22:00:00+01:00,77504.0
2016-02-04 23:00:00+01:00,76867.0
2016-02-05 00:00:00+01:00,71647.0
2016-02-05 01:00:00+01:00,69433.0
2016-02-05 02:00:00+01:00,68397.0
2016-02-05 03:00:00+01:00,67582.0
2016-02-05 04:00:00+01:00,67275.0
2016-02-05 05:00:00+01:00,69293.0
2016-02-05 06:00:00+01:00,74981.0
2016-02-05 07:00:00+01:00,80402.0
2016-02-05 08:00:00+01:00,81454.0
2016-02-05 09:00:00+01:00,82019.0
2016-02-05 10:00:00+01:00,81794.0
2016-02-05 11:00:00+01:00,82034.0
2016-02-05 12:00:00+01:00,81124.0
2016-02-05 13:00:00+01:00,79727.0
2016-02-05 14:00:00+01:00,78482.0
2016-02-05 15:00:00+01:00,77096.0
2016-02-05 16:00:00+01:00,76672.0
2016-02-05 17:00:00+01:00,77618.0
2016-02-05 18:00:00+01:00,80425.0
2016-02-05 19:00:00+01:00,81138.0
2016-02-05 20:00:00+01:00,76231.0
2016-02-05 21:00:00+01:00,73580.0
2016-02-05 22:00:00+01:00,74203.0
2016-02-05 23:00:00+01:00,74120.0
2016-02-06 00:00:00+01:00,71250.0
2016-02-06 01:00:00+01:00,67671.0
2016-02-06 02:00:00+01:00,64894.0
2016-02-06 03:00:00+01:00,64159.0
2016-02-06 04:00:00+01:00,64153.0
2016-02-06 05:00:00+01:00,64694.0
2016-02-06 06:00:00+01:00,65737.0
2016-02-06 07:00:00+01:00,68224.0
2016-02-06 08:00:00+01:00,72434.0
2016-02-06 09:00:00+01:00,74545.0
2016-02-06 10:00:00+01:00,74899.0
2016-02-06 11:00:00+01:00,74978.0
2016-02-06 12:00:00+01:00,74112.0
2016-02-06 13:00:00+01:00,72574.0
2016-02-06 14:00:00+01:00,71429.0
2016-02-06 15:00:00+01:00,70723.0
2016-02-06 16:00:00+01:00,70699.0
2016-02-06 17:00:00+01:00,73389.0
2016-02-06 18:00:00+01:00,76186.0
2016-02-06 19:00:00+01:00,75809.0
2016-02-06 20:00:00+01:00,73309.0
2016-02-06 21:00:00+01:00,68450.0
2016-02-06 22:00:00+01:00,68926.0
2016-02-06 23:00:00+01:00,69155.0
2016-02-07 00:00:00+01:00,65730.0
2016-02-07 01:00:00+01:00,62880.0
2016-02-07 02:00:00+01:00,59675.0
2016-02-07 03:00:00+01:00,57587.0
2016-02-07 04:00:00+01:00,56885.0
2016-02-07 05:00:00+01:00,58887.0
2016-02-07 06:00:00+01:00,60288.0
2016-02-07 07:00:00+01:00,59855.0
2016-02-07 08:00:00+01:00,61984.0
2016-02-07 09:00:00+01:00,64636.0
2016-02-07 10:00:00+01:00,63811.0
2016-02-07 11:00:00+01:00,65779.0
2016-02-07 12:00:00+01:00,65443.0
2016-02-07 13:00:00+01:00,65841.0
2016-02-07 14:00:00+01:00,64595.0
2016-02-07 15:00:00+01:00,64638.0
2016-02-07 16:00:00+01:00,65170.0
2016-02-07 17:00:00+01:00,67404.0
2016-02-07 18:00:00+01:00,68938.0
2016-02-07 19:00:00+01:00,72323.0
2016-02-07 20:00:00+01:00,65268.0
2016-02-07 21:00:00+01:00,67109.0
2016-02-07 22:00:00+01:00,67824.0
2016-02-07 23:00:00+01:00,68301.0
2016-02-08 00:00:00+01:00,65348.0
2016-02-08 01:00:00+01:00,63285.0
2016-02-08 02:00:00+01:00,61667.0
2016-02-08 03:00:00+01:00,60418.0
2016-02-08 04:00:00+01:00,60090.0
2016-02-08 05:00:00+01:00,63384.0
2016-02-08 06:00:00+01:00,70153.0
2016-02-08 07:00:00+01:00,77858.0
2016-02-08 08:00:00+01:00,79318.0
2016-02-08 09:00:00+01:00,80262.0
2016-02-08 10:00:00+01:00,81298.0
2016-02-08 11:00:00+01:00,81940.0
2016-02-08 12:00:00+01:00,81615.0
2016-02-08 13:00:00+01:00,80649.0
2016-02-08 14:00:00+01:00,79222.0
2016-02-08 15:00:00+01:00,78403.0
2016-02-08 16:00:00+01:00,78307.0
2016-02-08 17:00:00+01:00,79414.0
2016-02-08 18:00:00+01:00,82533.0
2016-02-08 19:00:00+01:00,81985.0
2016-02-08 20:00:00+01:00,79396.0
2016-02-08 21:00:00+01:00,75023.0
2016-02-08 22:00:00+01:00,74113.0
2016-02-08 23:00:00+01:00,71699.0
2016-02-09 00:00:00+01:00,71647.0
2016-02-09 01:00:00+01:00,69171.0
2016-02-09 02:00:00+01:00,68358.0
2016-02-09 03:00:00+01:00,67243.0
2016-02-09 04:00:00+01:00,66425.0
2016-02-09 05:00:00+01:00,67479.0
2016-02-09 06:00:00+01:00,70551.0
2016-02-09 07:00:00+01:00,76253.0
2016-02-09 08:00:00+01:00,78312.0
2016-02-09 09:00:00+01:00,79242.0
2016-02-09 10:00:00+01:00,80082.0
2016-02-09 11:00:00+01:00,80433.0
2016-02-09 12:00:00+01:00,80520.0
2016-02-09 13:00:00+01:00,81091.0
2016-02-09 14:00:00+01:00,79501.0
2016-02-09 15:00:00+01:00,78157.0
2016-02-09 16:00:00+01:00,76984.0
2016-02-09 17:00:00+01:00,78479.0
2016-02-09 18:00:00+01:00,80371.0
2016-02-09 19:00:00+01:00,80739.0
2016-02-09 20:00:00+01:00,77462.0
2016-02-09 21:00:00+01:00,74222.0
2016-02-09 22:00:00+01:00,73486.0
2016-02-09 23:00:00+01:00,73131.0
2016-02-10 00:00:00+01:00,71940.0
2016-02-10 01:00:00+01:00,71137.0
2016-02-10 02:00:00+01:00,70750.0
2016-02-10 03:00:00+01:00,70136.0
2016-02-10 04:00:00+01:00,70301.0
2016-02-10 05:00:00+01:00,70983.0
2016-02-10 06:00:00+01:00,75247.0
2016-02-10 07:00:00+01:00,79267.0
2016-02-10 08:00:00+01:00,82636.0
2016-02-10 09:00:00+01:00,82684.0
2016-02-10 10:00:00+01:00,82614.0
2016-02-10 11:00:00+01:00,82616.0
2016-02-10 12:00:00+01:00,82168.0
2016-02-10 13:00:00+01:00,80961.0
2016-02-10 14:00:00+01:00,79306.0
2016-02-10 15:00:00+01:00,77859.0
2016-02-10 16:00:00+01:00,77263.0
2016-02-10 17:00:00+01:00,77550.0
2016-02-10 18:00:00+01:00,79312.0
2016-02-10 19:00:00+01:00,80610.0
2016-02-10 20:00:00+01:00,79719.0
2016-02-10 21:00:00+01:00,77173.0
2016-02-10 22:00:00+01:00,76066.0
2016-02-10 23:00:00+01:00,74454.0
2016-02-11 00:00:00+01:00,71899.0
2016-02-11 01:00:00+01:00,69936.0
2016-02-11 02:00:00+01:00,69018.0
2016-02-11 03:00:00+01:00,68014.0
2016-02-11 04:00:00+01:00,67761.0
2016-02-11 05:00:00+01:00,69065.0
2016-02-11 06:00:00+01:00,74791.0
2016-02-11 07:00:00+01:00,79298.0
2016-02-11 08:00:00+01:00,81510.0
2016-02-11 09:00:00+01:00,82758.0
2016-02-11 10:00:00+01:00,83121.0
2016-02-11 11:00:00+01:00,83256.0
2016-02-11 12:00:00+01:00,82407.0
2016-02-11 13:00:00+01:00,81674.0
2016-02-11 14:00:00+01:00,80381.0
2016-02-11 15:00:00+01:00,79108.0
2016-02-11 16:00:00+01:00,78676.0
2016-02-11 17:00:00+01:00,79663.0
2016-02-11 18:00:00+01:00,82016.0
2016-02-11 19:00:00+01:00,82823.0
2016-02-11 20:00:00+01:00,81145.0
2016-02-11 21:00:00+01:00,78885.0
2016-02-11 22:00:00+01:00,78561.0
2016-02-11 23:00:00+01:00,76938.0
2016-02-12 00:00:00+01:00,72809.0
2016-02-12 01:00:00+01:00,71375.0
2016-02-12 02:00:00+01:00,70908.0
2016-02-12 03:00:00+01:00,69584.0
2016-02-12 04:00:00+01:00,69545.0
2016-02-12 05:00:00+01:00,71323.0
2016-02-12 06:00:00+01:00,77942.0
2016-02-12 07:00:00+01:00,82906.0
2016-02-12 08:00:00+01:00,84007.0
2016-02-12 09:00:00+01:00,83992.0
2016-02-12 10:00:00+01:00,84322.0
2016-02-12 11:00:00+01:00,84067.0
2016-02-12 12:00:00+01:00,83991.0
2016-02-12 13:00:00+01:00,82216.0
2016-02-12 14:00:00+01:00,80475.0
2016-02-12 15:00:00+01:00,79854.0
2016-02-12 16:00:00+01:00,79538.0
2016-02-12 17:00:00+01:00,81445.0
2016-02-12 18:00:00+01:00,82666.0
2016-02-12 19:00:00+01:00,81989.0
2016-02-12 20:00:00+01:00,79690.0
2016-02-12 21:00:00+01:00,75960.0
2016-02-12 22:00:00+01:00,75262.0
2016-02-12 23:00:00+01:00,73876.0
2016-02-13 00:00:00+01:00,71291.0
2016-02-13 01:00:00+01:00,69117.0
2016-02-13 02:00:00+01:00,67663.0
2016-02-13 03:00:00+01:00,66000.0
2016-02-13 04:00:00+01:00,65791.0
2016-02-13 05:00:00+01:00,66642.0
2016-02-13 06:00:00+01:00,67463.0
2016-02-13 07:00:00+01:00,69832.0
2016-02-13 08:00:00+01:00,73825.0
2016-02-13 09:00:00+01:00,76236.0
2016-02-13 10:00:00+01:00,77429.0
2016-02-13 11:00:00+01:00,78275.0
2016-02-13 12:00:00+01:00,78047.0
2016-02-13 13:00:00+01:00,76033.0
2016-02-13 14:00:00+01:00,73871.0
2016-02-13 15:00:00+01:00,73143.0
2016-02-13 16:00:00+01:00,73137.0
2016-02-13 17:00:00+01:00,75574.0
2016-02-13 18:00:00+01:00,78511.0
2016-02-13 19:00:00+01:00,77471.0
2016-02-13 20:00:00+01:00,75255.0
2016-02-13 21:00:00+01:00,72499.0
2016-02-13 22:00:00+01:00,72646.0
2016-02-13 23:00:00+01:00,72417.0
2016-02-14 00:00:00+01:00,66737.0
2016-02-14 01:00:00+01:00,65190.0
2016-02-14 02:00:00+01:00,63757.0
2016-02-14 03:00:00+01:00,62254.0
2016-02-14 04:00:00+01:00,61529.0
2016-02-14 05:00:00+01:00,60858.0
2016-02-14 06:00:00+01:00,60627.0
2016-02-14 07:00:00+01:00,62217.0
2016-02-14 08:00:00+01:00,63129.0
2016-02-14 09:00:00+01:00,66255.0
2016-02-14 10:00:00+01:00,68547.0
2016-02-14 11:00:00+01:00,70442.0
2016-02-14 12:00:00+01:00,70853.0
2016-02-14 13:00:00+01:00,69333.0
2016-02-14 14:00:00+01:00,66767.0
2016-02-14 15:00:00+01:00,66016.0
2016-02-14 16:00:00+01:00,65989.0
2016-02-14 17:00:00+01:00,68429.0
2016-02-14 18:00:00+01:00,73412.0
2016-02-14 19:00:00+01:00,74446.0
2016-02-14 20:00:00+01:00,71907.0
2016-02-14 21:00:00+01:00,70033.0
2016-02-14 22:00:00+01:00,70320.0
2016-02-14 23:00:00+01:00,69420.0
2016-02-15 00:00:00+01:00,66643.0
2016-02-15 01:00:00+01:00,66850.0
2016-02-15 02:00:00+01:00,66904.0
2016-02-15 03:00:00+01:00,65347.0
2016-02-15 04:00:00+01:00,65417.0
2016-02-15 05:00:00+01:00,67124.0
2016-02-15 06:00:00+01:00,72684.0
2016-02-15 07:00:00+01:00,78458.0
2016-02-15 08:00:00+01:00,81776.0
2016-02-15 09:00:00+01:00,82933.0
2016-02-15 10:00:00+01:00,83423.0
2016-02-15 11:00:00+01:00,84380.0
2016-02-15 12:00:00+01:00,83793.0
2016-02-15 13:00:00+01:00,83445.0
2016-02-15 14:00:00+01:00,81553.0
2016-02-15 15:00:00+01:00,80628.0
2016-02-15 16:00:00+01:00,80371.0
2016-02-15 17:00:00+01:00,81163.0
2016-02-15 18:00:00+01:00,82906.0
2016-02-15 19:00:00+01:00,84102.0
2016-02-15 20:00:00+01:00,81377.0
2016-02-15 21:00:00+01:00,79560.0
2016-02-15 22:00:00+01:00,77672.0
2016-02-15 23:00:00+01:00,75705.0
2016-02-16 00:00:00+01:00,71638.0
2016-02-16 01:00:00+01:00,70054.0
2016-02-16 02:00:00+01:00,69016.0
2016-02-16 03:00:00+01:00,68060.0
2016-02-16 04:00:00+01:00,68453.0
2016-02-16 05:00:00+01:00,70452.0
2016-02-16 06:00:00+01:00,77762.0
2016-02-16 07:00:00+01:00,83005.0
2016-02-16 08:00:00+01:00,83430.0
2016-02-16 09:00:00+01:00,83732.0
2016-02-16 10:00:00+01:00,84262.0
2016-02-16 11:00:00+01:00,84026.0
2016-02-16 12:00:00+01:00,83044.0
2016-02-16 13:00:00+01:00,82216.0
2016-02-16 14:00:00+01:00,80618.0
2016-02-16 15:00:00+01:00,79910.0
2016-02-16 16:00:00+01:00,79901.0
2016-02-16 17:00:00+01:00,80035.0
2016-02-16 18:00:00+01:00,82174.0
2016-02-16 19:00:00+01:00,83732.0
2016-02-16 20:00:00+01:00,82251.0
2016-02-16 21:00:00+01:00,80487.0
2016-02-16 22:00:00+01:00,80139.0
2016-02-16 23:00:00+01:00,80111.0
2016-02-17 00:00:00+01:00,77327.0
2016-02-17 01:00:00+01:00,75825.0
2016-02-17 02:00:00+01:00,73593.0
2016-02-17 03:00:00+01:00,72343.0
2016-02-17 04:00:00+01:00,71852.0
2016-02-17 05:00:00+01:00,74596.0
2016-02-17 06:00:00+01:00,78545.0
2016-02-17 07:00:00+01:00,81660.0
2016-02-17 08:00:00+01:00,83155.0
2016-02-17 09:00:00+01:00,84337.0
2016-02-17 10:00:00+01:00,84705.0
2016-02-17 11:00:00+01:00,84674.0
2016-02-17 12:00:00+01:00,83623.0
2016-02-17 13:00:00+01:00,82010.0
2016-02-17 14:00:00+01:00,80549.0
2016-02-17 15:00:00+01:00,79646.0
2016-02-17 16:00:00+01:00,78915.0
2016-02-17 17:00:00+01:00,78428.0
2016-02-17 18:00:00+01:00,81774.0
2016-02-17 19:00:00+01:00,83129.0
2016-02-17 20:00:00+01:00,82846.0
2016-02-17 21:00:00+01:00,80516.0
2016-02-17 22:00:00+01:00,79818.0
2016-02-17 23:00:00+01:00,78770.0
2016-02-18 00:00:00+01:00,78630.0
2016-02-18 01:00:00+01:00,76266.0
2016-02-18 02:00:00+01:00,74922.0
2016-02-18 03:00:00+01:00,72206.0
2016-02-18 04:00:00+01:00,71888.0
2016-02-18 05:00:00+01:00,73583.0
2016-02-18 06:00:00+01:00,79652.0
2016-02-18 07:00:00+01:00,83190.0
2016-02-18 08:00:00+01:00,84829.0
2016-02-18 09:00:00+01:00,85805.0
2016-02-18 10:00:00+01:00,86082.0
2016-02-18 11:00:00+01:00,86548.0
2016-02-18 12:00:00+01:00,85590.0
2016-02-18 13:00:00+01:00,84422.0
2016-02-18 14:00:00+01:00,82797.0
2016-02-18 15:00:00+01:00,81206.0
2016-02-18 16:00:00+01:00,80456.0
2016-02-18 17:00:00+01:00,80256.0
2016-02-18 18:00:00+01:00,83821.0
2016-02-18 19:00:00+01:00,85558.0
2016-02-18 20:00:00+01:00,83620.0
2016-02-18 21:00:00+01:00,81911.0
2016-02-18 22:00:00+01:00,81119.0
2016-02-18 23:00:00+01:00,81255.0
2016-02-19 00:00:00+01:00,77974.0
2016-02-19 01:00:00+01:00,75973.0
2016-02-19 02:00:00+01:00,74223.0
2016-02-19 03:00:00+01:00,71923.0
2016-02-19 04:00:00+01:00,71893.0
2016-02-19 05:00:00+01:00,74761.0
2016-02-19 06:00:00+01:00,79662.0
2016-02-19 07:00:00+01:00,82829.0
2016-02-19 08:00:00+01:00,84826.0
2016-02-19 09:00:00+01:00,86108.0
2016-02-19 10:00:00+01:00,86165.0
2016-02-19 11:00:00+01:00,86303.0
2016-02-19 12:00:00+01:00,85813.0
2016-02-19 13:00:00+01:00,84929.0
2016-02-19 14:00:00+01:00,83489.0
2016-02-19 15:00:00+01:00,81963.0
2016-02-19 16:00:00+01:00,81410.0
2016-02-19 17:00:00+01:00,82089.0
2016-02-19 18:00:00+01:00,84703.0
2016-02-19 19:00:00+01:00,86165.0
2016-02-19 20:00:00+01:00,83997.0
2016-02-19 21:00:00+01:00,81190.0
2016-02-19 22:00:00+01:00,81352.0
2016-02-19 23:00:00+01:00,80466.0
2016-02-20 00:00:00+01:00,74690.0
2016-02-20 01:00:00+01:00,72611.0
2016-02-20 02:00:00+01:00,71115.0
2016-02-20 03:00:00+01:00,67819.0
2016-02-20 04:00:00+01:00,66509.0
2016-02-20 05:00:00+01:00,66346.0
2016-02-20 06:00:00+01:00,68068.0
2016-02-20 07:00:00+01:00,72374.0
2016-02-20 08:00:00+01:00,73757.0
2016-02-20 09:00:00+01:00,75767.0
2016-02-20 10:00:00+01:00,76681.0
2016-02-20 11:00:00+01:00,77275.0
2016-02-20 12:00:00+01:00,77107.0
2016-02-20 13:00:00+01:00,76525.0
2016-02-20 14:00:00+01:00,72676.0
2016-02-20 15:00:00+01:00,70544.0
2016-02-20 16:00:00+01:00,69926.0
2016-02-20 17:00:00+01:00,70109.0
2016-02-20 18:00:00+01:00,74321.0
2016-02-20 19:00:00+01:00,74976.0
2016-02-20 20:00:00+01:00,72292.0
2016-02-20 21:00:00+01:00,69988.0
2016-02-20 22:00:00+01:00,71312.0
2016-02-20 23:00:00+01:00,72270.0
2016-02-21 00:00:00+01:00,67053.0
2016-02-21 01:00:00+01:00,65897.0
2016-02-21 02:00:00+01:00,63671.0
2016-02-21 03:00:00+01:00,60473.0
2016-02-21 04:00:00+01:00,58580.0
2016-02-21 05:00:00+01:00,58016.0
2016-02-21 06:00:00+01:00,58398.0
2016-02-21 07:00:00+01:00,59247.0
2016-02-21 08:00:00+01:00,61926.0
2016-02-21 09:00:00+01:00,63551.0
2016-02-21 10:00:00+01:00,64943.0
2016-02-21 11:00:00+01:00,67734.0
2016-02-21 12:00:00+01:00,68353.0
2016-02-21 13:00:00+01:00,65820.0
2016-02-21 14:00:00+01:00,64004.0
2016-02-21 15:00:00+01:00,62191.0
2016-02-21 16:00:00+01:00,60586.0
2016-02-21 17:00:00+01:00,61806.0
2016-02-21 18:00:00+01:00,65497.0
2016-02-21 19:00:00+01:00,67354.0
2016-02-21 20:00:00+01:00,67094.0
2016-02-21 21:00:00+01:00,65254.0
2016-02-21 22:00:00+01:00,65447.0
2016-02-21 23:00:00+01:00,65576.0
2016-02-22 00:00:00+01:00,60958.0
2016-02-22 01:00:00+01:00,60530.0
2016-02-22 02:00:00+01:00,59322.0
2016-02-22 03:00:00+01:00,56671.0
2016-02-22 04:00:00+01:00,56504.0
2016-02-22 05:00:00+01:00,60425.0
2016-02-22 06:00:00+01:00,67928.0
2016-02-22 07:00:00+01:00,72738.0
2016-02-22 08:00:00+01:00,75539.0
2016-02-22 09:00:00+01:00,77568.0
2016-02-22 10:00:00+01:00,78550.0
2016-02-22 11:00:00+01:00,79214.0
2016-02-22 12:00:00+01:00,78323.0
2016-02-22 13:00:00+01:00,77554.0
2016-02-22 14:00:00+01:00,76695.0
2016-02-22 15:00:00+01:00,75996.0
2016-02-22 16:00:00+01:00,76316.0
2016-02-22 17:00:00+01:00,77415.0
2016-02-22 18:00:00+01:00,79342.0
2016-02-22 19:00:00+01:00,80640.0
2016-02-22 20:00:00+01:00,77840.0
2016-02-22 21:00:00+01:00,74114.0
2016-02-22 22:00:00+01:00,73180.0
2016-02-22 23:00:00+01:00,71616.0
2016-02-23 00:00:00+01:00,67829.0
2016-02-23 01:00:00+01:00,66613.0
2016-02-23 02:00:00+01:00,65514.0
2016-02-23 03:00:00+01:00,64793.0
2016-02-23 04:00:00+01:00,64788.0
2016-02-23 05:00:00+01:00,65843.0
2016-02-23 06:00:00+01:00,71931.0
2016-02-23 07:00:00+01:00,77264.0
2016-02-23 08:00:00+01:00,78935.0
2016-02-23 09:00:00+01:00,80056.0
2016-02-23 10:00:00+01:00,80261.0
2016-02-23 11:00:00+01:00,80658.0
2016-02-23 12:00:00+01:00,79728.0
2016-02-23 13:00:00+01:00,78872.0
2016-02-23 14:00:00+01:00,77898.0
2016-02-23 15:00:00+01:00,76485.0
2016-02-23 16:00:00+01:00,75857.0
2016-02-23 17:00:00+01:00,75793.0
2016-02-23 18:00:00+01:00,78377.0
2016-02-23 19:00:00+01:00,80188.0
2016-02-23 20:00:00+01:00,78124.0
2016-02-23 21:00:00+01:00,73850.0
2016-02-23 22:00:00+01:00,74505.0
2016-02-23 23:00:00+01:00,73818.0
2016-02-24 00:00:00+01:00,70095.0
2016-02-24 01:00:00+01:00,67538.0
2016-02-24 02:00:00+01:00,66229.0
2016-02-24 03:00:00+01:00,64622.0
2016-02-24 04:00:00+01:00,64558.0
2016-02-24 05:00:00+01:00,66783.0
2016-02-24 06:00:00+01:00,71682.0
2016-02-24 07:00:00+01:00,76562.0
2016-02-24 08:00:00+01:00,78719.0
2016-02-24 09:00:00+01:00,80289.0
2016-02-24 10:00:00+01:00,79789.0
2016-02-24 11:00:00+01:00,79988.0
2016-02-24 12:00:00+01:00,79185.0
2016-02-24 13:00:00+01:00,78178.0
2016-02-24 14:00:00+01:00,75860.0
2016-02-24 15:00:00+01:00,74872.0
2016-02-24 16:00:00+01:00,75051.0
2016-02-24 17:00:00+01:00,75655.0
2016-02-24 18:00:00+01:00,78302.0
2016-02-24 19:00:00+01:00,79533.0
2016-02-24 20:00:00+01:00,79207.0
2016-02-24 21:00:00+01:00,75933.0
2016-02-24 22:00:00+01:00,75245.0
2016-02-24 23:00:00+01:00,74635.0
2016-02-25 00:00:00+01:00,70920.0
2016-02-25 01:00:00+01:00,68118.0
2016-02-25 02:00:00+01:00,67612.0
2016-02-25 03:00:00+01:00,67259.0
2016-02-25 04:00:00+01:00,66997.0
2016-02-25 05:00:00+01:00,68435.0
2016-02-25 06:00:00+01:00,73818.0
2016-02-25 07:00:00+01:00,77735.0
2016-02-25 08:00:00+01:00,79900.0
2016-02-25 09:00:00+01:00,80595.0
2016-02-25 10:00:00+01:00,79990.0
2016-02-25 11:00:00+01:00,79456.0
2016-02-25 12:00:00+01:00,79115.0
2016-02-25 13:00:00+01:00,78170.0
2016-02-25 14:00:00+01:00,76572.0
2016-02-25 15:00:00+01:00,75729.0
2016-02-25 16:00:00+01:00,75532.0
2016-02-25 17:00:00+01:00,76357.0
2016-02-25 18:00:00+01:00,78545.0
2016-02-25 19:00:00+01:00,79467.0
2016-02-25 20:00:00+01:00,78103.0
2016-02-25 21:00:00+01:00,77099.0
2016-02-25 22:00:00+01:00,76534.0
2016-02-25 23:00:00+01:00,74913.0
2016-02-26 00:00:00+01:00,70427.0
2016-02-26 01:00:00+01:00,68680.0
2016-02-26 02:00:00+01:00,67423.0
2016-02-26 03:00:00+01:00,65829.0
2016-02-26 04:00:00+01:00,65844.0
2016-02-26 05:00:00+01:00,67901.0
2016-02-26 06:00:00+01:00,73681.0
2016-02-26 07:00:00+01:00,78384.0
2016-02-26 08:00:00+01:00,80237.0
2016-02-26 09:00:00+01:00,81225.0
2016-02-26 10:00:00+01:00,80823.0
2016-02-26 11:00:00+01:00,79775.0
2016-02-26 12:00:00+01:00,78956.0
2016-02-26 13:00:00+01:00,77298.0
2016-02-26 14:00:00+01:00,75357.0
2016-02-26 15:00:00+01:00,74836.0
2016-02-26 16:00:00+01:00,75573.0
2016-02-26 17:00:00+01:00,77214.0
2016-02-26 18:00:00+01:00,79704.0
2016-02-26 19:00:00+01:00,81503.0
2016-02-26 20:00:00+01:00,80070.0
2016-02-26 21:00:00+01:00,76442.0
2016-02-26 22:00:00+01:00,75766.0
2016-02-26 23:00:00+01:00,74649.0
2016-02-27 00:00:00+01:00,71817.0
2016-02-27 01:00:00+01:00,69242.0
2016-02-27 02:00:00+01:00,67705.0
2016-02-27 03:00:00+01:00,67091.0
2016-02-27 04:00:00+01:00,66308.0
2016-02-27 05:00:00+01:00,66982.0
2016-02-27 06:00:00+01:00,67314.0
2016-02-27 07:00:00+01:00,69520.0
2016-02-27 08:00:00+01:00,71442.0
2016-02-27 09:00:00+01:00,72950.0
2016-02-27 10:00:00+01:00,72750.0
2016-02-27 11:00:00+01:00,72267.0
2016-02-27 12:00:00+01:00,71944.0
2016-02-27 13:00:00+01:00,70035.0
2016-02-27 14:00:00+01:00,68333.0
2016-02-27 15:00:00+01:00,68095.0
2016-02-27 16:00:00+01:00,68617.0
2016-02-27 17:00:00+01:00,70599.0
2016-02-27 18:00:00+01:00,74041.0
2016-02-27 19:00:00+01:00,74240.0
2016-02-27 20:00:00+01:00,71622.0
2016-02-27 21:00:00+01:00,70256.0
2016-02-27 22:00:00+01:00,70617.0
2016-02-27 23:00:00+01:00,69886.0
2016-02-28 00:00:00+01:00,68954.0
2016-02-28 01:00:00+01:00,67832.0
2016-02-28 02:00:00+01:00,66099.0
2016-02-28 03:00:00+01:00,64500.0
2016-02-28 04:00:00+01:00,64071.0
2016-02-28 05:00:00+01:00,64334.0
2016-02-28 06:00:00+01:00,64425.0
2016-02-28 07:00:00+01:00,65359.0
2016-02-28 08:00:00+01:00,66713.0
2016-02-28 09:00:00+01:00,68193.0
2016-02-28 10:00:00+01:00,68517.0
2016-02-28 11:00:00+01:00,68509.0
2016-02-28 12:00:00+01:00,69092.0
2016-02-28 13:00:00+01:00,67637.0
2016-02-28 14:00:00+01:00,66386.0
2016-02-28 15:00:00+01:00,65830.0
2016-02-28 16:00:00+01:00,65533.0
2016-02-28 17:00:00+01:00,67152.0
2016-02-28 18:00:00+01:00,72277.0
2016-02-28 19:00:00+01:00,73948.0
2016-02-28 20:00:00+01:00,72219.0
2016-02-28 21:00:00+01:00,70587.0
2016-02-28 22:00:00+01:00,70636.0
2016-02-28 23:00:00+01:00,70111.0
2016-02-29 00:00:00+01:00,68024.0
2016-02-29 01:00:00+01:00,67706.0
2016-02-29 02:00:00+01:00,67255.0
2016-02-29 03:00:00+01:00,66596.0
2016-02-29 04:00:00+01:00,66561.0
2016-02-29 05:00:00+01:00,68308.0
2016-02-29 06:00:00+01:00,73008.0
2016-02-29 07:00:00+01:00,78293.0
2016-02-29 08:00:00+01:00,81886.0
2016-02-29 09:00:00+01:00,83451.0
2016-02-29 10:00:00+01:00,83509.0
2016-02-29 11:00:00+01:00,82924.0
2016-02-29 12:00:00+01:00,82426.0
2016-02-29 13:00:00+01:00,81083.0
2016-02-29 14:00:00+01:00,79060.0
2016-02-29 15:00:00+01:00,76984.0
2016-02-29 16:00:00+01:00,76312.0
2016-02-29 17:00:00+01:00,76809.0
2016-02-29 18:00:00+01:00,78721.0
2016-02-29 19:00:00+01:00,80685.0
2016-02-29 20:00:00+01:00,79540.0
2016-02-29 21:00:00+01:00,77497.0
2016-02-29 22:00:00+01:00,76690.0
2016-02-29 23:00:00+01:00,76301.0
2016-03-01 00:00:00+01:00,72672.0
2016-03-01 01:00:00+01:00,70864.0
2016-03-01 02:00:00+01:00,69969.0
2016-03-01 03:00:00+01:00,69385.0
2016-03-01 04:00:00+01:00,69289.0
2016-03-01 05:00:00+01:00,72075.0
2016-03-01 06:00:00+01:00,75664.0
2016-03-01 07:00:00+01:00,78412.0
2016-03-01 08:00:00+01:00,80579.0
2016-03-01 09:00:00+01:00,81956.0
2016-03-01 10:00:00+01:00,82630.0
2016-03-01 11:00:00+01:00,83374.0
2016-03-01 12:00:00+01:00,83310.0
2016-03-01 13:00:00+01:00,82333.0
2016-03-01 14:00:00+01:00,80314.0
2016-03-01 15:00:00+01:00,78530.0
2016-03-01 16:00:00+01:00,77803.0
2016-03-01 17:00:00+01:00,77996.0
2016-03-01 18:00:00+01:00,81858.0
2016-03-01 19:00:00+01:00,83815.0
2016-03-01 20:00:00+01:00,81471.0
2016-03-01 21:00:00+01:00,78928.0
2016-03-01 22:00:00+01:00,77203.0
2016-03-01 23:00:00+01:00,74309.0
2016-03-02 00:00:00+01:00,71825.0
2016-03-02 01:00:00+01:00,67520.0
2016-03-02 02:00:00+01:00,66154.0
2016-03-02 03:00:00+01:00,64335.0
2016-03-02 04:00:00+01:00,64444.0
2016-03-02 05:00:00+01:00,66797.0
2016-03-02 06:00:00+01:00,71931.0
2016-03-02 07:00:00+01:00,77028.0
2016-03-02 08:00:00+01:00,79826.0
2016-03-02 09:00:00+01:00,81702.0
2016-03-02 10:00:00+01:00,81875.0
2016-03-02 11:00:00+01:00,82218.0
2016-03-02 12:00:00+01:00,80742.0
2016-03-02 13:00:00+01:00,79866.0
2016-03-02 14:00:00+01:00,78580.0
2016-03-02 15:00:00+01:00,77876.0
2016-03-02 16:00:00+01:00,77390.0
2016-03-02 17:00:00+01:00,77534.0
2016-03-02 18:00:00+01:00,80464.0
2016-03-02 19:00:00+01:00,81892.0
2016-03-02 20:00:00+01:00,79969.0
2016-03-02 21:00:00+01:00,77274.0
2016-03-02 22:00:00+01:00,76298.0
2016-03-02 23:00:00+01:00,74792.0
2016-03-03 00:00:00+01:00,70122.0
2016-03-03 01:00:00+01:00,68947.0
2016-03-03 02:00:00+01:00,69423.0
2016-03-03 03:00:00+01:00,69476.0
2016-03-03 04:00:00+01:00,68908.0
2016-03-03 05:00:00+01:00,70306.0
2016-03-03 06:00:00+01:00,75062.0
2016-03-03 07:00:00+01:00,79546.0
2016-03-03 08:00:00+01:00,80812.0
2016-03-03 09:00:00+01:00,81990.0
2016-03-03 10:00:00+01:00,81686.0
2016-03-03 11:00:00+01:00,82102.0
2016-03-03 12:00:00+01:00,81015.0
2016-03-03 13:00:00+01:00,79839.0
2016-03-03 14:00:00+01:00,78649.0
2016-03-03 15:00:00+01:00,76812.0
2016-03-03 16:00:00+01:00,76553.0
2016-03-03 17:00:00+01:00,77377.0
2016-03-03 18:00:00+01:00,79629.0
2016-03-03 19:00:00+01:00,80933.0
2016-03-03 20:00:00+01:00,79344.0
2016-03-03 21:00:00+01:00,77270.0
2016-03-03 22:00:00+01:00,76379.0
2016-03-03 23:00:00+01:00,75474.0
2016-03-04 00:00:00+01:00,72020.0
2016-03-04 01:00:00+01:00,69712.0
2016-03-04 02:00:00+01:00,67805.0
2016-03-04 03:00:00+01:00,67485.0
2016-03-04 04:00:00+01:00,67645.0
2016-03-04 05:00:00+01:00,68935.0
2016-03-04 06:00:00+01:00,75348.0
2016-03-04 07:00:00+01:00,79826.0
2016-03-04 08:00:00+01:00,80127.0
2016-03-04 09:00:00+01:00,81305.0
2016-03-04 10:00:00+01:00,80764.0
2016-03-04 11:00:00+01:00,80326.0
2016-03-04 12:00:00+01:00,79040.0
2016-03-04 13:00:00+01:00,77863.0
2016-03-04 14:00:00+01:00,76356.0
2016-03-04 15:00:00+01:00,74806.0
2016-03-04 16:00:00+01:00,74304.0
2016-03-04 17:00:00+01:00,74590.0
2016-03-04 18:00:00+01:00,77901.0
2016-03-04 19:00:00+01:00,78915.0
2016-03-04 20:00:00+01:00,75618.0
2016-03-04 21:00:00+01:00,73501.0
2016-03-04 22:00:00+01:00,74056.0
2016-03-04 23:00:00+01:00,72957.0
2016-03-05 00:00:00+01:00,69405.0
2016-03-05 01:00:00+01:00,65575.0
2016-03-05 02:00:00+01:00,64211.0
2016-03-05 03:00:00+01:00,63694.0
2016-03-05 04:00:00+01:00,63684.0
2016-03-05 05:00:00+01:00,63679.0
2016-03-05 06:00:00+01:00,64410.0
2016-03-05 07:00:00+01:00,65416.0
2016-03-05 08:00:00+01:00,69448.0
2016-03-05 09:00:00+01:00,72004.0
2016-03-05 10:00:00+01:00,72344.0
2016-03-05 11:00:00+01:00,72347.0
2016-03-05 12:00:00+01:00,72327.0
2016-03-05 13:00:00+01:00,70822.0
2016-03-05 14:00:00+01:00,69213.0
2016-03-05 15:00:00+01:00,68558.0
2016-03-05 16:00:00+01:00,68429.0
2016-03-05 17:00:00+01:00,70569.0
2016-03-05 18:00:00+01:00,73633.0
2016-03-05 19:00:00+01:00,74757.0
2016-03-05 20:00:00+01:00,72182.0
2016-03-05 21:00:00+01:00,70673.0
2016-03-05 22:00:00+01:00,70726.0
2016-03-05 23:00:00+01:00,70732.0
2016-03-06 00:00:00+01:00,68436.0
2016-03-06 01:00:00+01:00,66053.0
2016-03-06 02:00:00+01:00,64793.0
2016-03-06 03:00:00+01:00,63546.0
2016-03-06 04:00:00+01:00,63301.0
2016-03-06 05:00:00+01:00,63407.0
2016-03-06 06:00:00+01:00,63633.0
2016-03-06 07:00:00+01:00,63853.0
2016-03-06 08:00:00+01:00,65123.0
2016-03-06 09:00:00+01:00,67152.0
2016-03-06 10:00:00+01:00,68176.0
2016-03-06 11:00:00+01:00,69279.0
2016-03-06 12:00:00+01:00,69307.0
2016-03-06 13:00:00+01:00,68320.0
2016-03-06 14:00:00+01:00,67404.0
2016-03-06 15:00:00+01:00,66343.0
2016-03-06 16:00:00+01:00,65902.0
2016-03-06 17:00:00+01:00,65938.0
2016-03-06 18:00:00+01:00,70782.0
2016-03-06 19:00:00+01:00,72611.0
2016-03-06 20:00:00+01:00,70937.0
2016-03-06 21:00:00+01:00,69573.0
2016-03-06 22:00:00+01:00,69373.0
2016-03-06 23:00:00+01:00,69381.0
2016-03-07 00:00:00+01:00,66294.0
2016-03-07 01:00:00+01:00,64994.0
2016-03-07 02:00:00+01:00,64095.0
2016-03-07 03:00:00+01:00,63742.0
2016-03-07 04:00:00+01:00,64032.0
2016-03-07 05:00:00+01:00,67219.0
2016-03-07 06:00:00+01:00,73525.0
2016-03-07 07:00:00+01:00,77143.0
2016-03-07 08:00:00+01:00,79865.0
2016-03-07 09:00:00+01:00,81022.0
2016-03-07 10:00:00+01:00,81396.0
2016-03-07 11:00:00+01:00,82000.0
2016-03-07 12:00:00+01:00,82169.0
2016-03-07 13:00:00+01:00,80800.0
2016-03-07 14:00:00+01:00,79657.0
2016-03-07 15:00:00+01:00,78895.0
2016-03-07 16:00:00+01:00,77638.0
2016-03-07 17:00:00+01:00,77230.0
2016-03-07 18:00:00+01:00,80323.0
2016-03-07 19:00:00+01:00,82348.0
2016-03-07 20:00:00+01:00,80860.0
2016-03-07 21:00:00+01:00,78703.0
2016-03-07 22:00:00+01:00,77308.0
2016-03-07 23:00:00+01:00,75027.0
2016-03-08 00:00:00+01:00,71183.0
2016-03-08 01:00:00+01:00,69585.0
2016-03-08 02:00:00+01:00,68252.0
2016-03-08 03:00:00+01:00,66962.0
2016-03-08 04:00:00+01:00,67039.0
2016-03-08 05:00:00+01:00,68744.0
2016-03-08 06:00:00+01:00,74333.0
2016-03-08 07:00:00+01:00,78258.0
2016-03-08 08:00:00+01:00,79504.0
2016-03-08 09:00:00+01:00,80770.0
2016-03-08 10:00:00+01:00,81479.0
2016-03-08 11:00:00+01:00,81869.0
2016-03-08 12:00:00+01:00,81474.0
2016-03-08 13:00:00+01:00,81116.0
2016-03-08 14:00:00+01:00,79356.0
2016-03-08 15:00:00+01:00,78248.0
2016-03-08 16:00:00+01:00,77764.0
2016-03-08 17:00:00+01:00,77989.0
2016-03-08 18:00:00+01:00,79329.0
2016-03-08 19:00:00+01:00,81496.0
2016-03-08 20:00:00+01:00,81158.0
2016-03-08 21:00:00+01:00,78341.0
2016-03-08 22:00:00+01:00,76186.0
2016-03-08 23:00:00+01:00,75328.0
2016-03-09 00:00:00+01:00,73070.0
2016-03-09 01:00:00+01:00,70994.0
2016-03-09 02:00:00+01:00,69904.0
2016-03-09 03:00:00+01:00,69632.0
2016-03-09 04:00:00+01:00,69929.0
2016-03-09 05:00:00+01:00,71098.0
2016-03-09 06:00:00+01:00,75980.0
2016-03-09 07:00:00+01:00,81009.0
2016-03-09 08:00:00+01:00,83130.0
2016-03-09 09:00:00+01:00,84133.0
2016-03-09 10:00:00+01:00,82861.0
2016-03-09 11:00:00+01:00,81635.0
2016-03-09 12:00:00+01:00,81233.0
2016-03-09 13:00:00+01:00,80362.0
2016-03-09 14:00:00+01:00,79874.0
2016-03-09 15:00:00+01:00,79535.0
2016-03-09 16:00:00+01:00,79031.0
2016-03-09 17:00:00+01:00,79035.0
2016-03-09 18:00:00+01:00,81228.0
2016-03-09 19:00:00+01:00,82459.0
2016-03-09 20:00:00+01:00,79690.0
2016-03-09 21:00:00+01:00,76521.0
2016-03-09 22:00:00+01:00,74914.0
2016-03-09 23:00:00+01:00,73905.0
2016-03-10 00:00:00+01:00,74291.0
2016-03-10 01:00:00+01:00,72516.0
2016-03-10 02:00:00+01:00,71400.0
2016-03-10 03:00:00+01:00,69560.0
2016-03-10 04:00:00+01:00,68758.0
2016-03-10 05:00:00+01:00,70959.0
2016-03-10 06:00:00+01:00,75495.0
2016-03-10 07:00:00+01:00,79360.0
2016-03-10 08:00:00+01:00,80445.0
2016-03-10 09:00:00+01:00,81099.0
2016-03-10 10:00:00+01:00,81035.0
2016-03-10 11:00:00+01:00,80618.0
2016-03-10 12:00:00+01:00,78681.0
2016-03-10 13:00:00+01:00,77491.0
2016-03-10 14:00:00+01:00,76549.0
2016-03-10 15:00:00+01:00,75860.0
2016-03-10 16:00:00+01:00,75428.0
2016-03-10 17:00:00+01:00,76869.0
2016-03-10 18:00:00+01:00,78614.0
2016-03-10 19:00:00+01:00,80544.0
2016-03-10 20:00:00+01:00,78941.0
2016-03-10 21:00:00+01:00,77320.0
2016-03-10 22:00:00+01:00,76523.0
2016-03-10 23:00:00+01:00,76384.0
2016-03-11 00:00:00+01:00,73949.0
2016-03-11 01:00:00+01:00,71677.0
2016-03-11 02:00:00+01:00,70190.0
2016-03-11 03:00:00+01:00,68302.0
2016-03-11 04:00:00+01:00,68335.0
2016-03-11 05:00:00+01:00,70786.0
2016-03-11 06:00:00+01:00,76156.0
2016-03-11 07:00:00+01:00,79593.0
2016-03-11 08:00:00+01:00,80643.0
2016-03-11 09:00:00+01:00,81189.0
2016-03-11 10:00:00+01:00,81189.0
2016-03-11 11:00:00+01:00,80930.0
2016-03-11 12:00:00+01:00,80395.0
2016-03-11 13:00:00+01:00,78774.0
2016-03-11 14:00:00+01:00,77669.0
2016-03-11 15:00:00+01:00,76443.0
2016-03-11 16:00:00+01:00,75912.0
2016-03-11 17:00:00+01:00,76531.0
2016-03-11 18:00:00+01:00,78160.0
2016-03-11 19:00:00+01:00,80229.0
2016-03-11 20:00:00+01:00,78466.0
2016-03-11 21:00:00+01:00,75542.0
2016-03-11 22:00:00+01:00,75780.0
2016-03-11 23:00:00+01:00,74000.0
2016-03-12 00:00:00+01:00,69320.0
2016-03-12 01:00:00+01:00,66585.0
2016-03-12 02:00:00+01:00,65006.0
2016-03-12 03:00:00+01:00,63668.0
2016-03-12 04:00:00+01:00,63271.0
2016-03-12 05:00:00+01:00,63632.0
2016-03-12 06:00:00+01:00,64366.0
2016-03-12 07:00:00+01:00,66181.0
2016-03-12 08:00:00+01:00,68958.0
2016-03-12 09:00:00+01:00,70683.0
2016-03-12 10:00:00+01:00,70773.0
2016-03-12 11:00:00+01:00,71099.0
2016-03-12 12:00:00+01:00,71102.0
2016-03-12 13:00:00+01:00,69218.0
2016-03-12 14:00:00+01:00,67409.0
2016-03-12 15:00:00+01:00,66684.0
2016-03-12 16:00:00+01:00,66446.0
2016-03-12 17:00:00+01:00,68068.0
2016-03-12 18:00:00+01:00,71158.0
2016-03-12 19:00:00+01:00,73097.0
2016-03-12 20:00:00+01:00,71600.0
2016-03-12 21:00:00+01:00,69918.0
2016-03-12 22:00:00+01:00,69705.0
2016-03-12 23:00:00+01:00,68527.0
2016-03-13 00:00:00+01:00,66571.0
2016-03-13 01:00:00+01:00,64929.0
2016-03-13 02:00:00+01:00,64140.0
2016-03-13 03:00:00+01:00,63359.0
2016-03-13 04:00:00+01:00,63208.0
2016-03-13 05:00:00+01:00,63482.0
2016-03-13 06:00:00+01:00,64032.0
2016-03-13 07:00:00+01:00,63821.0
2016-03-13 08:00:00+01:00,65384.0
2016-03-13 09:00:00+01:00,66843.0
2016-03-13 10:00:00+01:00,68069.0
2016-03-13 11:00:00+01:00,68819.0
2016-03-13 12:00:00+01:00,68980.0
2016-03-13 13:00:00+01:00,68311.0
2016-03-13 14:00:00+01:00,66996.0
2016-03-13 15:00:00+01:00,65952.0
2016-03-13 16:00:00+01:00,65780.0
2016-03-13 17:00:00+01:00,65681.0
2016-03-13 18:00:00+01:00,69096.0
2016-03-13 19:00:00+01:00,72135.0
2016-03-13 20:00:00+01:00,71821.0
2016-03-13 21:00:00+01:00,70478.0
2016-03-13 22:00:00+01:00,70175.0
2016-03-13 23:00:00+01:00,68864.0
2016-03-14 00:00:00+01:00,66831.0
2016-03-14 01:00:00+01:00,65645.0
2016-03-14 02:00:00+01:00,65360.0
2016-03-14 03:00:00+01:00,65021.0
2016-03-14 04:00:00+01:00,64765.0
2016-03-14 05:00:00+01:00,66446.0
2016-03-14 06:00:00+01:00,73261.0
2016-03-14 07:00:00+01:00,76893.0
2016-03-14 08:00:00+01:00,79257.0
2016-03-14 09:00:00+01:00,79582.0
2016-03-14 10:00:00+01:00,78733.0
2016-03-14 11:00:00+01:00,78245.0
2016-03-14 12:00:00+01:00,76921.0
2016-03-14 13:00:00+01:00,75377.0
2016-03-14 14:00:00+01:00,73888.0
2016-03-14 15:00:00+01:00,72853.0
2016-03-14 16:00:00+01:00,72592.0
2016-03-14 17:00:00+01:00,74924.0
2016-03-14 18:00:00+01:00,76889.0
2016-03-14 19:00:00+01:00,78945.0
2016-03-14 20:00:00+01:00,77782.0
2016-03-14 21:00:00+01:00,74946.0
2016-03-14 22:00:00+01:00,74638.0
2016-03-14 23:00:00+01:00,74723.0
2016-03-15 00:00:00+01:00,71927.0
2016-03-15 01:00:00+01:00,69730.0
2016-03-15 02:00:00+01:00,68476.0
2016-03-15 03:00:00+01:00,66512.0
2016-03-15 04:00:00+01:00,66526.0
2016-03-15 05:00:00+01:00,68436.0
2016-03-15 06:00:00+01:00,74255.0
2016-03-15 07:00:00+01:00,77843.0
2016-03-15 08:00:00+01:00,78770.0
2016-03-15 09:00:00+01:00,79538.0
2016-03-15 10:00:00+01:00,79189.0
2016-03-15 11:00:00+01:00,78749.0
2016-03-15 12:00:00+01:00,77808.0
2016-03-15 13:00:00+01:00,76490.0
2016-03-15 14:00:00+01:00,74882.0
2016-03-15 15:00:00+01:00,73894.0
2016-03-15 16:00:00+01:00,73362.0
2016-03-15 17:00:00+01:00,74298.0
2016-03-15 18:00:00+01:00,77512.0
2016-03-15 19:00:00+01:00,79057.0
2016-03-15 20:00:00+01:00,76994.0
2016-03-15 21:00:00+01:00,74080.0
2016-03-15 22:00:00+01:00,73617.0
2016-03-15 23:00:00+01:00,74260.0
2016-03-16 00:00:00+01:00,70550.0
2016-03-16 01:00:00+01:00,67416.0
2016-03-16 02:00:00+01:00,66744.0
2016-03-16 03:00:00+01:00,66060.0
2016-03-16 04:00:00+01:00,66272.0
2016-03-16 05:00:00+01:00,68780.0
2016-03-16 06:00:00+01:00,73998.0
2016-03-16 07:00:00+01:00,77694.0
2016-03-16 08:00:00+01:00,79958.0
2016-03-16 09:00:00+01:00,80720.0
2016-03-16 10:00:00+01:00,80443.0
2016-03-16 11:00:00+01:00,79188.0
2016-03-16 12:00:00+01:00,77439.0
2016-03-16 13:00:00+01:00,76630.0
2016-03-16 14:00:00+01:00,75961.0
2016-03-16 15:00:00+01:00,75176.0
2016-03-16 16:00:00+01:00,74770.0
2016-03-16 17:00:00+01:00,75871.0
2016-03-16 18:00:00+01:00,77493.0
2016-03-16 19:00:00+01:00,79497.0
2016-03-16 20:00:00+01:00,77983.0
2016-03-16 21:00:00+01:00,75303.0
2016-03-16 22:00:00+01:00,75294.0
2016-03-16 23:00:00+01:00,75369.0
2016-03-17 00:00:00+01:00,69822.0
2016-03-17 01:00:00+01:00,68094.0
2016-03-17 02:00:00+01:00,67357.0
2016-03-17 03:00:00+01:00,64892.0
2016-03-17 04:00:00+01:00,65121.0
2016-03-17 05:00:00+01:00,68688.0
2016-03-17 06:00:00+01:00,75430.0
2016-03-17 07:00:00+01:00,77053.0
2016-03-17 08:00:00+01:00,77865.0
2016-03-17 09:00:00+01:00,78091.0
2016-03-17 10:00:00+01:00,77189.0
2016-03-17 11:00:00+01:00,76578.0
2016-03-17 12:00:00+01:00,75398.0
2016-03-17 13:00:00+01:00,74255.0
2016-03-17 14:00:00+01:00,72674.0
2016-03-17 15:00:00+01:00,72582.0
2016-03-17 16:00:00+01:00,72394.0
2016-03-17 17:00:00+01:00,73799.0
2016-03-17 18:00:00+01:00,76686.0
2016-03-17 19:00:00+01:00,78243.0
2016-03-17 20:00:00+01:00,77945.0
2016-03-17 21:00:00+01:00,74286.0
2016-03-17 22:00:00+01:00,74288.0
2016-03-17 23:00:00+01:00,74417.0
2016-03-18 00:00:00+01:00,70864.0
2016-03-18 01:00:00+01:00,69072.0
2016-03-18 02:00:00+01:00,68242.0
2016-03-18 03:00:00+01:00,66509.0
2016-03-18 04:00:00+01:00,66724.0
2016-03-18 05:00:00+01:00,69647.0
2016-03-18 06:00:00+01:00,74649.0
2016-03-18 07:00:00+01:00,76372.0
2016-03-18 08:00:00+01:00,77439.0
2016-03-18 09:00:00+01:00,78090.0
2016-03-18 10:00:00+01:00,77783.0
2016-03-18 11:00:00+01:00,76534.0
2016-03-18 12:00:00+01:00,75527.0
2016-03-18 13:00:00+01:00,73733.0
2016-03-18 14:00:00+01:00,71221.0
2016-03-18 15:00:00+01:00,69959.0
2016-03-18 16:00:00+01:00,70219.0
2016-03-18 17:00:00+01:00,73000.0
2016-03-18 18:00:00+01:00,75601.0
2016-03-18 19:00:00+01:00,78262.0
2016-03-18 20:00:00+01:00,76634.0
2016-03-18 21:00:00+01:00,74246.0
2016-03-18 22:00:00+01:00,73563.0
2016-03-18 23:00:00+01:00,73269.0
2016-03-19 00:00:00+01:00,70087.0
2016-03-19 01:00:00+01:00,67651.0
2016-03-19 02:00:00+01:00,65913.0
2016-03-19 03:00:00+01:00,62847.0
2016-03-19 04:00:00+01:00,62608.0
2016-03-19 05:00:00+01:00,63935.0
2016-03-19 06:00:00+01:00,65521.0
2016-03-19 07:00:00+01:00,66134.0
2016-03-19 08:00:00+01:00,68281.0
2016-03-19 09:00:00+01:00,69797.0
2016-03-19 10:00:00+01:00,69185.0
2016-03-19 11:00:00+01:00,68136.0
2016-03-19 12:00:00+01:00,67109.0
2016-03-19 13:00:00+01:00,65239.0
2016-03-19 14:00:00+01:00,63727.0
2016-03-19 15:00:00+01:00,62891.0
2016-03-19 16:00:00+01:00,62657.0
2016-03-19 17:00:00+01:00,64130.0
2016-03-19 18:00:00+01:00,67800.0
2016-03-19 19:00:00+01:00,70836.0
2016-03-19 20:00:00+01:00,70527.0
2016-03-19 21:00:00+01:00,67921.0
2016-03-19 22:00:00+01:00,68432.0
2016-03-19 23:00:00+01:00,69331.0
2016-03-20 00:00:00+01:00,65559.0
2016-03-20 01:00:00+01:00,63231.0
2016-03-20 02:00:00+01:00,61467.0
2016-03-20 03:00:00+01:00,59271.0
2016-03-20 04:00:00+01:00,58931.0
2016-03-20 05:00:00+01:00,59061.0
2016-03-20 06:00:00+01:00,58552.0
2016-03-20 07:00:00+01:00,58824.0
2016-03-20 08:00:00+01:00,59798.0
2016-03-20 09:00:00+01:00,61171.0
2016-03-20 10:00:00+01:00,60594.0
2016-03-20 11:00:00+01:00,61270.0
2016-03-20 12:00:00+01:00,61635.0
2016-03-20 13:00:00+01:00,60647.0
2016-03-20 14:00:00+01:00,58475.0
2016-03-20 15:00:00+01:00,57376.0
2016-03-20 16:00:00+01:00,57078.0
2016-03-20 17:00:00+01:00,59763.0
2016-03-20 18:00:00+01:00,63508.0
2016-03-20 19:00:00+01:00,68005.0
2016-03-20 20:00:00+01:00,67772.0
2016-03-20 21:00:00+01:00,67129.0
2016-03-20 22:00:00+01:00,67935.0
2016-03-20 23:00:00+01:00,67089.0
2016-03-21 00:00:00+01:00,63078.0
2016-03-21 01:00:00+01:00,61028.0
2016-03-21 02:00:00+01:00,59774.0
2016-03-21 03:00:00+01:00,58890.0
2016-03-21 04:00:00+01:00,59381.0
2016-03-21 05:00:00+01:00,63113.0
2016-03-21 06:00:00+01:00,70001.0
2016-03-21 07:00:00+01:00,73235.0
2016-03-21 08:00:00+01:00,76105.0
2016-03-21 09:00:00+01:00,76710.0
2016-03-21 10:00:00+01:00,77137.0
2016-03-21 11:00:00+01:00,77402.0
2016-03-21 12:00:00+01:00,76459.0
2016-03-21 13:00:00+01:00,75775.0
2016-03-21 14:00:00+01:00,74312.0
2016-03-21 15:00:00+01:00,73037.0
2016-03-21 16:00:00+01:00,72401.0
2016-03-21 17:00:00+01:00,72484.0
2016-03-21 18:00:00+01:00,74510.0
2016-03-21 19:00:00+01:00,76395.0
2016-03-21 20:00:00+01:00,75984.0
2016-03-21 21:00:00+01:00,73566.0
2016-03-21 22:00:00+01:00,73204.0
2016-03-21 23:00:00+01:00,72681.0
2016-03-22 00:00:00+01:00,69317.0
2016-03-22 01:00:00+01:00,66812.0
2016-03-22 02:00:00+01:00,65557.0
2016-03-22 03:00:00+01:00,63875.0
2016-03-22 04:00:00+01:00,64054.0
2016-03-22 05:00:00+01:00,67096.0
2016-03-22 06:00:00+01:00,72018.0
2016-03-22 07:00:00+01:00,75295.0
2016-03-22 08:00:00+01:00,76212.0
2016-03-22 09:00:00+01:00,77002.0
2016-03-22 10:00:00+01:00,77185.0
2016-03-22 11:00:00+01:00,77241.0
2016-03-22 12:00:00+01:00,76508.0
2016-03-22 13:00:00+01:00,75843.0
2016-03-22 14:00:00+01:00,74810.0
2016-03-22 15:00:00+01:00,73732.0
2016-03-22 16:00:00+01:00,73047.0
2016-03-22 17:00:00+01:00,73306.0
2016-03-22 18:00:00+01:00,75023.0
2016-03-22 19:00:00+01:00,77338.0
2016-03-22 20:00:00+01:00,76461.0
2016-03-22 21:00:00+01:00,73813.0
2016-03-22 22:00:00+01:00,73688.0
2016-03-22 23:00:00+01:00,71771.0
2016-03-23 00:00:00+01:00,68093.0
2016-03-23 01:00:00+01:00,65930.0
2016-03-23 02:00:00+01:00,64700.0
2016-03-23 03:00:00+01:00,63265.0
2016-03-23 04:00:00+01:00,62977.0
2016-03-23 05:00:00+01:00,65428.0
2016-03-23 06:00:00+01:00,69834.0
2016-03-23 07:00:00+01:00,73057.0
2016-03-23 08:00:00+01:00,75341.0
2016-03-23 09:00:00+01:00,76334.0
2016-03-23 10:00:00+01:00,75733.0
2016-03-23 11:00:00+01:00,75799.0
2016-03-23 12:00:00+01:00,75205.0
2016-03-23 13:00:00+01:00,74254.0
2016-03-23 14:00:00+01:00,72629.0
2016-03-23 15:00:00+01:00,71080.0
2016-03-23 16:00:00+01:00,70377.0
2016-03-23 17:00:00+01:00,70941.0
2016-03-23 18:00:00+01:00,72940.0
2016-03-23 19:00:00+01:00,75415.0
2016-03-23 20:00:00+01:00,74468.0
2016-03-23 21:00:00+01:00,72223.0
2016-03-23 22:00:00+01:00,71057.0
2016-03-23 23:00:00+01:00,70358.0
2016-03-24 00:00:00+01:00,65900.0
2016-03-24 01:00:00+01:00,63528.0
2016-03-24 02:00:00+01:00,62281.0
2016-03-24 03:00:00+01:00,60871.0
2016-03-24 04:00:00+01:00,61370.0
2016-03-24 05:00:00+01:00,63220.0
2016-03-24 06:00:00+01:00,68778.0
2016-03-24 07:00:00+01:00,72503.0
2016-03-24 08:00:00+01:00,73980.0
2016-03-24 09:00:00+01:00,73817.0
2016-03-24 10:00:00+01:00,73988.0
2016-03-24 11:00:00+01:00,73794.0
2016-03-24 12:00:00+01:00,73496.0
2016-03-24 13:00:00+01:00,72693.0
2016-03-24 14:00:00+01:00,70832.0
2016-03-24 15:00:00+01:00,69806.0
2016-03-24 16:00:00+01:00,69333.0
2016-03-24 17:00:00+01:00,69464.0
2016-03-24 18:00:00+01:00,71516.0
2016-03-24 19:00:00+01:00,73428.0
2016-03-24 20:00:00+01:00,72464.0
2016-03-24 21:00:00+01:00,70183.0
2016-03-24 22:00:00+01:00,70015.0
2016-03-24 23:00:00+01:00,68224.0
2016-03-25 00:00:00+01:00,63982.0
2016-03-25 01:00:00+01:00,61028.0
2016-03-25 02:00:00+01:00,59028.0
2016-03-25 03:00:00+01:00,58191.0
2016-03-25 04:00:00+01:00,58420.0
2016-03-25 05:00:00+01:00,59453.0
2016-03-25 06:00:00+01:00,62064.0
2016-03-25 07:00:00+01:00,64801.0
2016-03-25 08:00:00+01:00,67457.0
2016-03-25 09:00:00+01:00,68938.0
2016-03-25 10:00:00+01:00,69460.0
2016-03-25 11:00:00+01:00,70633.0
2016-03-25 12:00:00+01:00,69172.0
2016-03-25 13:00:00+01:00,67402.0
2016-03-25 14:00:00+01:00,65875.0
2016-03-25 15:00:00+01:00,64828.0
2016-03-25 16:00:00+01:00,64384.0
2016-03-25 17:00:00+01:00,64070.0
2016-03-25 18:00:00+01:00,66103.0
2016-03-25 19:00:00+01:00,70080.0
2016-03-25 20:00:00+01:00,69638.0
2016-03-25 21:00:00+01:00,67719.0
2016-03-25 22:00:00+01:00,66756.0
2016-03-25 23:00:00+01:00,65427.0
2016-03-26 00:00:00+01:00,62880.0
2016-03-26 01:00:00+01:00,61059.0
2016-03-26 02:00:00+01:00,60050.0
2016-03-26 03:00:00+01:00,59032.0
2016-03-26 04:00:00+01:00,58472.0
2016-03-26 05:00:00+01:00,58634.0
2016-03-26 06:00:00+01:00,59083.0
2016-03-26 07:00:00+01:00,60904.0
2016-03-26 08:00:00+01:00,63146.0
2016-03-26 09:00:00+01:00,65321.0
2016-03-26 10:00:00+01:00,64812.0
2016-03-26 11:00:00+01:00,64733.0
2016-03-26 12:00:00+01:00,64508.0
2016-03-26 13:00:00+01:00,62918.0
2016-03-26 14:00:00+01:00,60321.0
2016-03-26 15:00:00+01:00,59062.0
2016-03-26 16:00:00+01:00,58561.0
2016-03-26 17:00:00+01:00,59636.0
2016-03-26 18:00:00+01:00,61778.0
2016-03-26 19:00:00+01:00,65775.0
2016-03-26 20:00:00+01:00,63382.0
2016-03-26 21:00:00+01:00,61512.0
2016-03-26 22:00:00+01:00,61290.0
2016-03-26 23:00:00+01:00,60377.0
2016-03-27 00:00:00+01:00,56428.0
2016-03-27 01:00:00+01:00,54399.0
2016-03-27 03:00:00+02:00,52259.0
2016-03-27 04:00:00+02:00,50933.0
2016-03-27 05:00:00+02:00,51187.0
2016-03-27 06:00:00+02:00,50798.0
2016-03-27 07:00:00+02:00,51314.0
2016-03-27 08:00:00+02:00,53394.0
2016-03-27 09:00:00+02:00,56468.0
2016-03-27 10:00:00+02:00,57810.0
2016-03-27 11:00:00+02:00,58734.0
2016-03-27 12:00:00+02:00,58816.0
2016-03-27 13:00:00+02:00,56287.0
2016-03-27 14:00:00+02:00,54702.0
2016-03-27 15:00:00+02:00,54251.0
2016-03-27 16:00:00+02:00,53409.0
2016-03-27 17:00:00+02:00,53895.0
2016-03-27 18:00:00+02:00,57326.0
2016-03-27 19:00:00+02:00,60257.0
2016-03-27 20:00:00+02:00,61725.0
2016-03-27 21:00:00+02:00,61748.0
2016-03-27 22:00:00+02:00,62321.0
2016-03-27 23:00:00+02:00,61481.0
2016-03-28 00:00:00+02:00,56465.0
2016-03-28 01:00:00+02:00,52170.0
2016-03-28 02:00:00+02:00,50808.0
2016-03-28 03:00:00+02:00,48965.0
2016-03-28 04:00:00+02:00,49208.0
2016-03-28 05:00:00+02:00,49517.0
2016-03-28 06:00:00+02:00,51314.0
2016-03-28 07:00:00+02:00,52528.0
2016-03-28 08:00:00+02:00,53635.0
2016-03-28 09:00:00+02:00,54890.0
2016-03-28 10:00:00+02:00,55524.0
2016-03-28 11:00:00+02:00,56590.0
2016-03-28 12:00:00+02:00,57315.0
2016-03-28 13:00:00+02:00,56118.0
2016-03-28 14:00:00+02:00,53235.0
2016-03-28 15:00:00+02:00,50674.0
2016-03-28 16:00:00+02:00,50124.0
2016-03-28 17:00:00+02:00,52279.0
2016-03-28 18:00:00+02:00,53242.0
2016-03-28 19:00:00+02:00,55806.0
2016-03-28 20:00:00+02:00,57376.0
2016-03-28 21:00:00+02:00,58057.0
2016-03-28 22:00:00+02:00,58942.0
2016-03-28 23:00:00+02:00,59028.0
2016-03-29 00:00:00+02:00,58420.0
2016-03-29 01:00:00+02:00,57234.0
2016-03-29 02:00:00+02:00,55370.0
2016-03-29 03:00:00+02:00,54994.0
2016-03-29 04:00:00+02:00,56279.0
2016-03-29 05:00:00+02:00,59198.0
2016-03-29 06:00:00+02:00,64008.0
2016-03-29 07:00:00+02:00,68697.0
2016-03-29 08:00:00+02:00,70173.0
2016-03-29 09:00:00+02:00,71367.0
2016-03-29 10:00:00+02:00,72000.0
2016-03-29 11:00:00+02:00,72062.0
2016-03-29 12:00:00+02:00,71181.0
2016-03-29 13:00:00+02:00,69785.0
2016-03-29 14:00:00+02:00,69132.0
2016-03-29 15:00:00+02:00,67381.0
2016-03-29 16:00:00+02:00,66465.0
2016-03-29 17:00:00+02:00,66125.0
2016-03-29 18:00:00+02:00,68023.0
2016-03-29 19:00:00+02:00,69833.0
2016-03-29 20:00:00+02:00,69918.0
2016-03-29 21:00:00+02:00,69071.0
2016-03-29 22:00:00+02:00,68650.0
2016-03-29 23:00:00+02:00,67254.0
2016-03-30 00:00:00+02:00,63154.0
2016-03-30 01:00:00+02:00,60019.0
2016-03-30 02:00:00+02:00,58447.0
2016-03-30 03:00:00+02:00,57252.0
2016-03-30 04:00:00+02:00,57116.0
2016-03-30 05:00:00+02:00,58469.0
2016-03-30 06:00:00+02:00,64310.0
2016-03-30 07:00:00+02:00,68296.0
2016-03-30 08:00:00+02:00,69682.0
2016-03-30 09:00:00+02:00,70717.0
2016-03-30 10:00:00+02:00,71349.0
2016-03-30 11:00:00+02:00,71286.0
2016-03-30 12:00:00+02:00,70841.0
2016-03-30 13:00:00+02:00,70168.0
2016-03-30 14:00:00+02:00,69762.0
2016-03-30 15:00:00+02:00,68720.0
2016-03-30 16:00:00+02:00,66787.0
2016-03-30 17:00:00+02:00,65813.0
2016-03-30 18:00:00+02:00,66486.0
2016-03-30 19:00:00+02:00,67734.0
2016-03-30 20:00:00+02:00,69985.0
2016-03-30 21:00:00+02:00,68961.0
2016-03-30 22:00:00+02:00,69305.0
2016-03-30 23:00:00+02:00,67321.0
2016-03-31 00:00:00+02:00,64924.0
2016-03-31 01:00:00+02:00,63005.0
2016-03-31 02:00:00+02:00,61258.0
2016-03-31 03:00:00+02:00,60697.0
2016-03-31 04:00:00+02:00,60459.0
2016-03-31 05:00:00+02:00,61935.0
2016-03-31 06:00:00+02:00,66859.0
2016-03-31 07:00:00+02:00,70924.0
2016-03-31 08:00:00+02:00,70689.0
2016-03-31 09:00:00+02:00,72038.0
2016-03-31 10:00:00+02:00,72728.0
2016-03-31 11:00:00+02:00,72686.0
2016-03-31 12:00:00+02:00,72193.0
2016-03-31 13:00:00+02:00,71925.0
2016-03-31 14:00:00+02:00,70884.0
2016-03-31 15:00:00+02:00,69583.0
2016-03-31 16:00:00+02:00,68692.0
2016-03-31 17:00:00+02:00,68803.0
2016-03-31 18:00:00+02:00,69175.0
2016-03-31 19:00:00+02:00,70711.0
2016-03-31 20:00:00+02:00,71682.0
2016-03-31 21:00:00+02:00,69451.0
2016-03-31 22:00:00+02:00,67452.0
2016-03-31 23:00:00+02:00,65243.0
2016-04-01 00:00:00+02:00,63302.0
2016-04-01 01:00:00+02:00,61479.0
2016-04-01 02:00:00+02:00,58448.0
2016-04-01 03:00:00+02:00,57701.0
2016-04-01 04:00:00+02:00,57756.0
2016-04-01 05:00:00+02:00,59416.0
2016-04-01 06:00:00+02:00,64325.0
2016-04-01 07:00:00+02:00,67031.0
2016-04-01 08:00:00+02:00,67594.0
2016-04-01 09:00:00+02:00,68229.0
2016-04-01 10:00:00+02:00,68786.0
2016-04-01 11:00:00+02:00,69113.0
2016-04-01 12:00:00+02:00,68821.0
2016-04-01 13:00:00+02:00,68053.0
2016-04-01 14:00:00+02:00,67054.0
2016-04-01 15:00:00+02:00,65772.0
2016-04-01 16:00:00+02:00,65015.0
2016-04-01 17:00:00+02:00,65570.0
2016-04-01 18:00:00+02:00,66495.0
2016-04-01 19:00:00+02:00,67231.0
2016-04-01 20:00:00+02:00,67345.0
2016-04-01 21:00:00+02:00,65749.0
2016-04-01 22:00:00+02:00,65703.0
2016-04-01 23:00:00+02:00,64326.0
2016-04-02 00:00:00+02:00,60127.0
2016-04-02 01:00:00+02:00,58254.0
2016-04-02 02:00:00+02:00,56609.0
2016-04-02 03:00:00+02:00,54841.0
2016-04-02 04:00:00+02:00,54003.0
2016-04-02 05:00:00+02:00,54692.0
2016-04-02 06:00:00+02:00,56544.0
2016-04-02 07:00:00+02:00,57926.0
2016-04-02 08:00:00+02:00,58900.0
2016-04-02 09:00:00+02:00,59541.0
2016-04-02 10:00:00+02:00,59086.0
2016-04-02 11:00:00+02:00,58599.0
2016-04-02 12:00:00+02:00,58316.0
2016-04-02 13:00:00+02:00,56264.0
2016-04-02 14:00:00+02:00,54608.0
2016-04-02 15:00:00+02:00,53399.0
2016-04-02 16:00:00+02:00,52954.0
2016-04-02 17:00:00+02:00,54017.0
2016-04-02 18:00:00+02:00,55948.0
2016-04-02 19:00:00+02:00,57981.0
2016-04-02 20:00:00+02:00,58756.0
2016-04-02 21:00:00+02:00,58207.0
2016-04-02 22:00:00+02:00,57559.0
2016-04-02 23:00:00+02:00,56284.0
2016-04-03 00:00:00+02:00,55024.0
2016-04-03 01:00:00+02:00,53101.0
2016-04-03 02:00:00+02:00,51642.0
2016-04-03 03:00:00+02:00,50458.0
2016-04-03 04:00:00+02:00,50002.0
2016-04-03 05:00:00+02:00,49632.0
2016-04-03 06:00:00+02:00,50317.0
2016-04-03 07:00:00+02:00,50855.0
2016-04-03 08:00:00+02:00,52600.0
2016-04-03 09:00:00+02:00,54471.0
2016-04-03 10:00:00+02:00,55733.0
2016-04-03 11:00:00+02:00,56047.0
2016-04-03 12:00:00+02:00,55454.0
2016-04-03 13:00:00+02:00,53314.0
2016-04-03 14:00:00+02:00,51200.0
2016-04-03 15:00:00+02:00,50029.0
2016-04-03 16:00:00+02:00,50981.0
2016-04-03 17:00:00+02:00,51731.0
2016-04-03 18:00:00+02:00,54813.0
2016-04-03 19:00:00+02:00,57728.0
2016-04-03 20:00:00+02:00,58399.0
2016-04-03 21:00:00+02:00,58978.0
2016-04-03 22:00:00+02:00,59808.0
2016-04-03 23:00:00+02:00,58078.0
2016-04-04 00:00:00+02:00,54057.0
2016-04-04 01:00:00+02:00,52910.0
2016-04-04 02:00:00+02:00,53143.0
2016-04-04 03:00:00+02:00,53384.0
2016-04-04 04:00:00+02:00,54141.0
2016-04-04 05:00:00+02:00,55371.0
2016-04-04 06:00:00+02:00,60472.0
2016-04-04 07:00:00+02:00,64048.0
2016-04-04 08:00:00+02:00,66077.0
2016-04-04 09:00:00+02:00,66920.0
2016-04-04 10:00:00+02:00,67801.0
2016-04-04 11:00:00+02:00,68215.0
2016-04-04 12:00:00+02:00,67797.0
2016-04-04 13:00:00+02:00,66128.0
2016-04-04 14:00:00+02:00,64220.0
2016-04-04 15:00:00+02:00,62246.0
2016-04-04 16:00:00+02:00,61455.0
2016-04-04 17:00:00+02:00,62570.0
2016-04-04 18:00:00+02:00,64196.0
2016-04-04 19:00:00+02:00,64973.0
2016-04-04 20:00:00+02:00,65301.0
2016-04-04 21:00:00+02:00,64437.0
2016-04-04 22:00:00+02:00,63902.0
2016-04-04 23:00:00+02:00,61485.0
2016-04-05 00:00:00+02:00,59366.0
2016-04-05 01:00:00+02:00,57662.0
2016-04-05 02:00:00+02:00,56907.0
2016-04-05 03:00:00+02:00,56032.0
2016-04-05 04:00:00+02:00,56249.0
2016-04-05 05:00:00+02:00,58195.0
2016-04-05 06:00:00+02:00,62198.0
2016-04-05 07:00:00+02:00,64857.0
2016-04-05 08:00:00+02:00,65798.0
2016-04-05 09:00:00+02:00,66277.0
2016-04-05 10:00:00+02:00,66818.0
2016-04-05 11:00:00+02:00,66892.0
2016-04-05 12:00:00+02:00,66548.0
2016-04-05 13:00:00+02:00,65813.0
2016-04-05 14:00:00+02:00,64354.0
2016-04-05 15:00:00+02:00,63828.0
2016-04-05 16:00:00+02:00,63533.0
2016-04-05 17:00:00+02:00,64017.0
2016-04-05 18:00:00+02:00,64702.0
2016-04-05 19:00:00+02:00,65166.0
2016-04-05 20:00:00+02:00,65199.0
2016-04-05 21:00:00+02:00,64405.0
2016-04-05 22:00:00+02:00,63634.0
2016-04-05 23:00:00+02:00,61406.0
2016-04-06 00:00:00+02:00,60082.0
2016-04-06 01:00:00+02:00,57842.0
2016-04-06 02:00:00+02:00,56761.0
2016-04-06 03:00:00+02:00,55215.0
2016-04-06 04:00:00+02:00,55419.0
2016-04-06 05:00:00+02:00,57080.0
2016-04-06 06:00:00+02:00,61780.0
2016-04-06 07:00:00+02:00,65091.0
2016-04-06 08:00:00+02:00,66901.0
2016-04-06 09:00:00+02:00,68747.0
2016-04-06 10:00:00+02:00,70013.0
2016-04-06 11:00:00+02:00,70315.0
2016-04-06 12:00:00+02:00,70198.0
2016-04-06 13:00:00+02:00,69936.0
2016-04-06 14:00:00+02:00,69901.0
2016-04-06 15:00:00+02:00,68470.0
2016-04-06 16:00:00+02:00,67165.0
2016-04-06 17:00:00+02:00,67036.0
2016-04-06 18:00:00+02:00,67175.0
2016-04-06 19:00:00+02:00,67292.0
2016-04-06 20:00:00+02:00,67816.0
2016-04-06 21:00:00+02:00,66589.0
2016-04-06 22:00:00+02:00,66747.0
2016-04-06 23:00:00+02:00,65406.0
2016-04-07 00:00:00+02:00,60796.0
2016-04-07 01:00:00+02:00,58900.0
2016-04-07 02:00:00+02:00,58274.0
2016-04-07 03:00:00+02:00,57450.0
2016-04-07 04:00:00+02:00,57312.0
2016-04-07 05:00:00+02:00,58613.0
2016-04-07 06:00:00+02:00,62436.0
2016-04-07 07:00:00+02:00,66383.0
2016-04-07 08:00:00+02:00,68183.0
2016-04-07 09:00:00+02:00,69589.0
2016-04-07 10:00:00+02:00,70133.0
2016-04-07 11:00:00+02:00,69451.0
2016-04-07 12:00:00+02:00,68989.0
2016-04-07 13:00:00+02:00,68346.0
2016-04-07 14:00:00+02:00,67228.0
2016-04-07 15:00:00+02:00,66275.0
2016-04-07 16:00:00+02:00,65411.0
2016-04-07 17:00:00+02:00,65202.0
2016-04-07 18:00:00+02:00,66212.0
2016-04-07 19:00:00+02:00,67355.0
2016-04-07 20:00:00+02:00,67000.0
2016-04-07 21:00:00+02:00,65821.0
2016-04-07 22:00:00+02:00,65222.0
2016-04-07 23:00:00+02:00,63675.0
2016-04-08 00:00:00+02:00,61569.0
2016-04-08 01:00:00+02:00,60440.0
2016-04-08 02:00:00+02:00,59842.0
2016-04-08 03:00:00+02:00,58980.0
2016-04-08 04:00:00+02:00,58945.0
2016-04-08 05:00:00+02:00,60926.0
2016-04-08 06:00:00+02:00,65490.0
2016-04-08 07:00:00+02:00,68538.0
2016-04-08 08:00:00+02:00,69111.0
2016-04-08 09:00:00+02:00,70208.0
2016-04-08 10:00:00+02:00,70860.0
2016-04-08 11:00:00+02:00,71060.0
2016-04-08 12:00:00+02:00,70590.0
2016-04-08 13:00:00+02:00,69732.0
2016-04-08 14:00:00+02:00,68344.0
2016-04-08 15:00:00+02:00,66935.0
2016-04-08 16:00:00+02:00,66728.0
2016-04-08 17:00:00+02:00,67407.0
2016-04-08 18:00:00+02:00,68066.0
2016-04-08 19:00:00+02:00,68782.0
2016-04-08 20:00:00+02:00,68473.0
2016-04-08 21:00:00+02:00,67264.0
2016-04-08 22:00:00+02:00,65605.0
2016-04-08 23:00:00+02:00,63214.0
2016-04-09 00:00:00+02:00,61114.0
2016-04-09 01:00:00+02:00,57903.0
2016-04-09 02:00:00+02:00,55846.0
2016-04-09 03:00:00+02:00,55068.0
2016-04-09 04:00:00+02:00,54741.0
2016-04-09 05:00:00+02:00,55264.0
2016-04-09 06:00:00+02:00,56298.0
2016-04-09 07:00:00+02:00,57460.0
2016-04-09 08:00:00+02:00,60184.0
2016-04-09 09:00:00+02:00,61009.0
2016-04-09 10:00:00+02:00,60889.0
2016-04-09 11:00:00+02:00,60052.0
2016-04-09 12:00:00+02:00,60266.0
2016-04-09 13:00:00+02:00,59400.0
2016-04-09 14:00:00+02:00,58270.0
2016-04-09 15:00:00+02:00,57039.0
2016-04-09 16:00:00+02:00,56113.0
2016-04-09 17:00:00+02:00,57874.0
2016-04-09 18:00:00+02:00,58838.0
2016-04-09 19:00:00+02:00,60465.0
2016-04-09 20:00:00+02:00,61199.0
2016-04-09 21:00:00+02:00,59851.0
2016-04-09 22:00:00+02:00,58962.0
2016-04-09 23:00:00+02:00,57101.0
2016-04-10 00:00:00+02:00,54636.0
2016-04-10 01:00:00+02:00,53046.0
2016-04-10 02:00:00+02:00,52367.0
2016-04-10 03:00:00+02:00,51837.0
2016-04-10 04:00:00+02:00,51230.0
2016-04-10 05:00:00+02:00,51250.0
2016-04-10 06:00:00+02:00,51490.0
2016-04-10 07:00:00+02:00,52544.0
2016-04-10 08:00:00+02:00,55018.0
2016-04-10 09:00:00+02:00,57647.0
2016-04-10 10:00:00+02:00,58195.0
2016-04-10 11:00:00+02:00,57945.0
2016-04-10 12:00:00+02:00,58439.0
2016-04-10 13:00:00+02:00,56263.0
2016-04-10 14:00:00+02:00,53395.0
2016-04-10 15:00:00+02:00,52077.0
2016-04-10 16:00:00+02:00,51377.0
2016-04-10 17:00:00+02:00,51529.0
2016-04-10 18:00:00+02:00,54242.0
2016-04-10 19:00:00+02:00,56372.0
2016-04-10 20:00:00+02:00,57242.0
2016-04-10 21:00:00+02:00,58557.0
2016-04-10 22:00:00+02:00,59653.0
2016-04-10 23:00:00+02:00,58780.0
2016-04-11 00:00:00+02:00,55775.0
2016-04-11 01:00:00+02:00,54376.0
2016-04-11 02:00:00+02:00,53586.0
2016-04-11 03:00:00+02:00,53235.0
2016-04-11 04:00:00+02:00,53346.0
2016-04-11 05:00:00+02:00,55763.0
2016-04-11 06:00:00+02:00,60877.0
2016-04-11 07:00:00+02:00,65036.0
2016-04-11 08:00:00+02:00,66343.0
2016-04-11 09:00:00+02:00,66541.0
2016-04-11 10:00:00+02:00,66111.0
2016-04-11 11:00:00+02:00,65864.0
2016-04-11 12:00:00+02:00,65092.0
2016-04-11 13:00:00+02:00,64226.0
2016-04-11 14:00:00+02:00,63850.0
2016-04-11 15:00:00+02:00,62744.0
2016-04-11 16:00:00+02:00,61902.0
2016-04-11 17:00:00+02:00,62517.0
2016-04-11 18:00:00+02:00,63568.0
2016-04-11 19:00:00+02:00,64731.0
2016-04-11 20:00:00+02:00,64423.0
2016-04-11 21:00:00+02:00,63658.0
2016-04-11 22:00:00+02:00,61749.0
2016-04-11 23:00:00+02:00,60693.0
2016-04-12 00:00:00+02:00,58297.0
2016-04-12 01:00:00+02:00,56622.0
2016-04-12 02:00:00+02:00,55587.0
2016-04-12 03:00:00+02:00,54816.0
2016-04-12 04:00:00+02:00,54953.0
2016-04-12 05:00:00+02:00,57653.0
2016-04-12 06:00:00+02:00,62692.0
2016-04-12 07:00:00+02:00,65749.0
2016-04-12 08:00:00+02:00,66724.0
2016-04-12 09:00:00+02:00,68005.0
2016-04-12 10:00:00+02:00,68327.0
2016-04-12 11:00:00+02:00,68277.0
2016-04-12 12:00:00+02:00,67739.0
2016-04-12 13:00:00+02:00,66589.0
2016-04-12 14:00:00+02:00,65178.0
2016-04-12 15:00:00+02:00,64251.0
2016-04-12 16:00:00+02:00,63797.0
2016-04-12 17:00:00+02:00,64334.0
2016-04-12 18:00:00+02:00,65135.0
2016-04-12 19:00:00+02:00,66071.0
2016-04-12 20:00:00+02:00,65883.0
2016-04-12 21:00:00+02:00,64092.0
2016-04-12 22:00:00+02:00,62729.0
2016-04-12 23:00:00+02:00,61539.0
2016-04-13 00:00:00+02:00,58968.0
2016-04-13 01:00:00+02:00,57254.0
2016-04-13 02:00:00+02:00,56475.0
2016-04-13 03:00:00+02:00,55644.0
2016-04-13 04:00:00+02:00,56252.0
2016-04-13 05:00:00+02:00,59088.0
2016-04-13 06:00:00+02:00,63091.0
2016-04-13 07:00:00+02:00,66793.0
2016-04-13 08:00:00+02:00,67247.0
2016-04-13 09:00:00+02:00,68119.0
2016-04-13 10:00:00+02:00,68814.0
2016-04-13 11:00:00+02:00,68523.0
2016-04-13 12:00:00+02:00,67809.0
2016-04-13 13:00:00+02:00,66962.0
2016-04-13 14:00:00+02:00,66148.0
2016-04-13 15:00:00+02:00,64604.0
2016-04-13 16:00:00+02:00,63733.0
2016-04-13 17:00:00+02:00,62869.0
2016-04-13 18:00:00+02:00,64356.0
2016-04-13 19:00:00+02:00,65355.0
2016-04-13 20:00:00+02:00,65383.0
2016-04-13 21:00:00+02:00,64944.0
2016-04-13 22:00:00+02:00,63345.0
2016-04-13 23:00:00+02:00,61014.0
2016-04-14 00:00:00+02:00,59227.0
2016-04-14 01:00:00+02:00,57130.0
2016-04-14 02:00:00+02:00,55941.0
2016-04-14 03:00:00+02:00,55323.0
2016-04-14 04:00:00+02:00,55977.0
2016-04-14 05:00:00+02:00,58369.0
2016-04-14 06:00:00+02:00,63135.0
2016-04-14 07:00:00+02:00,66336.0
2016-04-14 08:00:00+02:00,67464.0
2016-04-14 09:00:00+02:00,68543.0
2016-04-14 10:00:00+02:00,69090.0
2016-04-14 11:00:00+02:00,68765.0
2016-04-14 12:00:00+02:00,67573.0
2016-04-14 13:00:00+02:00,66980.0
2016-04-14 14:00:00+02:00,66096.0
2016-04-14 15:00:00+02:00,65275.0
2016-04-14 16:00:00+02:00,64753.0
2016-04-14 17:00:00+02:00,65150.0
2016-04-14 18:00:00+02:00,65643.0
2016-04-14 19:00:00+02:00,65901.0
2016-04-14 20:00:00+02:00,66830.0
2016-04-14 21:00:00+02:00,66763.0
2016-04-14 22:00:00+02:00,65229.0
2016-04-14 23:00:00+02:00,62991.0
2016-04-15 00:00:00+02:00,61018.0
2016-04-15 01:00:00+02:00,58702.0
2016-04-15 02:00:00+02:00,58055.0
2016-04-15 03:00:00+02:00,57508.0
2016-04-15 04:00:00+02:00,57912.0
2016-04-15 05:00:00+02:00,59491.0
2016-04-15 06:00:00+02:00,63296.0
2016-04-15 07:00:00+02:00,66408.0
2016-04-15 08:00:00+02:00,67234.0
2016-04-15 09:00:00+02:00,69433.0
2016-04-15 10:00:00+02:00,70067.0
2016-04-15 11:00:00+02:00,70140.0
2016-04-15 12:00:00+02:00,69857.0
2016-04-15 13:00:00+02:00,68143.0
2016-04-15 14:00:00+02:00,66850.0
2016-04-15 15:00:00+02:00,65469.0
2016-04-15 16:00:00+02:00,64063.0
2016-04-15 17:00:00+02:00,63755.0
2016-04-15 18:00:00+02:00,63853.0
2016-04-15 19:00:00+02:00,64277.0
2016-04-15 20:00:00+02:00,64040.0
2016-04-15 21:00:00+02:00,63954.0
2016-04-15 22:00:00+02:00,63356.0
2016-04-15 23:00:00+02:00,61971.0
2016-04-16 00:00:00+02:00,58314.0
2016-04-16 01:00:00+02:00,56190.0
2016-04-16 02:00:00+02:00,52961.0
2016-04-16 03:00:00+02:00,51202.0
2016-04-16 04:00:00+02:00,50780.0
2016-04-16 05:00:00+02:00,50622.0
2016-04-16 06:00:00+02:00,51096.0
2016-04-16 07:00:00+02:00,52048.0
2016-04-16 08:00:00+02:00,54471.0
2016-04-16 09:00:00+02:00,56653.0
2016-04-16 10:00:00+02:00,57482.0
2016-04-16 11:00:00+02:00,56875.0
2016-04-16 12:00:00+02:00,55923.0
2016-04-16 13:00:00+02:00,55778.0
2016-04-16 14:00:00+02:00,54231.0
2016-04-16 15:00:00+02:00,52454.0
2016-04-16 16:00:00+02:00,52184.0
2016-04-16 17:00:00+02:00,53372.0
2016-04-16 18:00:00+02:00,56311.0
2016-04-16 19:00:00+02:00,57306.0
2016-04-16 20:00:00+02:00,57427.0
2016-04-16 21:00:00+02:00,58694.0
2016-04-16 22:00:00+02:00,58628.0
2016-04-16 23:00:00+02:00,57289.0
2016-04-17 00:00:00+02:00,54484.0
2016-04-17 01:00:00+02:00,52165.0
2016-04-17 02:00:00+02:00,51142.0
2016-04-17 03:00:00+02:00,50492.0
2016-04-17 04:00:00+02:00,50101.0
2016-04-17 05:00:00+02:00,50009.0
2016-04-17 06:00:00+02:00,50392.0
2016-04-17 07:00:00+02:00,50886.0
2016-04-17 08:00:00+02:00,52166.0
2016-04-17 09:00:00+02:00,54653.0
2016-04-17 10:00:00+02:00,55088.0
2016-04-17 11:00:00+02:00,56047.0
2016-04-17 12:00:00+02:00,55826.0
2016-04-17 13:00:00+02:00,54144.0
2016-04-17 14:00:00+02:00,52124.0
2016-04-17 15:00:00+02:00,51193.0
2016-04-17 16:00:00+02:00,51807.0
2016-04-17 17:00:00+02:00,52541.0
2016-04-17 18:00:00+02:00,54873.0
2016-04-17 19:00:00+02:00,57026.0
2016-04-17 20:00:00+02:00,58040.0
2016-04-17 21:00:00+02:00,58930.0
2016-04-17 22:00:00+02:00,58726.0
2016-04-17 23:00:00+02:00,57748.0
2016-04-18 00:00:00+02:00,56473.0
2016-04-18 01:00:00+02:00,54658.0
2016-04-18 02:00:00+02:00,53449.0
2016-04-18 03:00:00+02:00,53037.0
2016-04-18 04:00:00+02:00,53181.0
2016-04-18 05:00:00+02:00,56037.0
2016-04-18 06:00:00+02:00,60709.0
2016-04-18 07:00:00+02:00,63104.0
2016-04-18 08:00:00+02:00,64379.0
2016-04-18 09:00:00+02:00,65998.0
2016-04-18 10:00:00+02:00,66686.0
2016-04-18 11:00:00+02:00,67077.0
2016-04-18 12:00:00+02:00,66527.0
2016-04-18 13:00:00+02:00,65896.0
2016-04-18 14:00:00+02:00,64608.0
2016-04-18 15:00:00+02:00,63238.0
2016-04-18 16:00:00+02:00,62608.0
2016-04-18 17:00:00+02:00,61880.0
2016-04-18 18:00:00+02:00,62434.0
2016-04-18 19:00:00+02:00,63021.0
2016-04-18 20:00:00+02:00,62808.0
2016-04-18 21:00:00+02:00,61486.0
2016-04-18 22:00:00+02:00,60902.0
2016-04-18 23:00:00+02:00,60503.0
2016-04-19 00:00:00+02:00,56928.0
2016-04-19 01:00:00+02:00,54882.0
2016-04-19 02:00:00+02:00,53880.0
2016-04-19 03:00:00+02:00,53614.0
2016-04-19 04:00:00+02:00,54182.0
2016-04-19 05:00:00+02:00,55612.0
2016-04-19 06:00:00+02:00,59867.0
2016-04-19 07:00:00+02:00,62479.0
2016-04-19 08:00:00+02:00,62958.0
2016-04-19 09:00:00+02:00,64093.0
2016-04-19 10:00:00+02:00,64916.0
2016-04-19 11:00:00+02:00,65522.0
2016-04-19 12:00:00+02:00,64911.0
2016-04-19 13:00:00+02:00,64521.0
2016-04-19 14:00:00+02:00,63867.0
2016-04-19 15:00:00+02:00,62504.0
2016-04-19 16:00:00+02:00,61203.0
2016-04-19 17:00:00+02:00,60156.0
2016-04-19 18:00:00+02:00,60465.0
2016-04-19 19:00:00+02:00,60747.0
2016-04-19 20:00:00+02:00,60866.0
2016-04-19 21:00:00+02:00,61216.0
2016-04-19 22:00:00+02:00,61675.0
2016-04-19 23:00:00+02:00,61362.0
2016-04-20 00:00:00+02:00,59938.0
2016-04-20 01:00:00+02:00,58117.0
2016-04-20 02:00:00+02:00,56714.0
2016-04-20 03:00:00+02:00,56041.0
2016-04-20 04:00:00+02:00,55741.0
2016-04-20 05:00:00+02:00,57019.0
2016-04-20 06:00:00+02:00,60733.0
2016-04-20 07:00:00+02:00,63974.0
2016-04-20 08:00:00+02:00,65746.0
2016-04-20 09:00:00+02:00,67131.0
2016-04-20 10:00:00+02:00,67086.0
2016-04-20 11:00:00+02:00,67186.0
2016-04-20 12:00:00+02:00,66223.0
2016-04-20 13:00:00+02:00,65906.0
2016-04-20 14:00:00+02:00,65523.0
2016-04-20 15:00:00+02:00,64501.0
2016-04-20 16:00:00+02:00,63928.0
2016-04-20 17:00:00+02:00,63986.0
2016-04-20 18:00:00+02:00,64146.0
2016-04-20 19:00:00+02:00,64525.0
2016-04-20 20:00:00+02:00,64319.0
2016-04-20 21:00:00+02:00,63677.0
2016-04-20 22:00:00+02:00,63776.0
2016-04-20 23:00:00+02:00,62459.0
2016-04-21 00:00:00+02:00,58712.0
2016-04-21 01:00:00+02:00,56696.0
2016-04-21 02:00:00+02:00,55787.0
2016-04-21 03:00:00+02:00,55073.0
2016-04-21 04:00:00+02:00,54837.0
2016-04-21 05:00:00+02:00,55773.0
2016-04-21 06:00:00+02:00,60152.0
2016-04-21 07:00:00+02:00,62552.0
2016-04-21 08:00:00+02:00,63433.0
2016-04-21 09:00:00+02:00,63524.0
2016-04-21 10:00:00+02:00,63637.0
2016-04-21 11:00:00+02:00,63117.0
2016-04-21 12:00:00+02:00,62917.0
2016-04-21 13:00:00+02:00,62582.0
2016-04-21 14:00:00+02:00,61725.0
2016-04-21 15:00:00+02:00,60727.0
2016-04-21 16:00:00+02:00,59666.0
2016-04-21 17:00:00+02:00,59907.0
2016-04-21 18:00:00+02:00,60048.0
2016-04-21 19:00:00+02:00,60934.0
2016-04-21 20:00:00+02:00,61188.0
2016-04-21 21:00:00+02:00,59948.0
2016-04-21 22:00:00+02:00,59363.0
2016-04-21 23:00:00+02:00,58175.0
2016-04-22 00:00:00+02:00,55149.0
2016-04-22 01:00:00+02:00,53736.0
2016-04-22 02:00:00+02:00,52880.0
2016-04-22 03:00:00+02:00,52373.0
2016-04-22 04:00:00+02:00,52274.0
2016-04-22 05:00:00+02:00,53788.0
2016-04-22 06:00:00+02:00,57829.0
2016-04-22 07:00:00+02:00,60275.0
2016-04-22 08:00:00+02:00,61886.0
2016-04-22 09:00:00+02:00,62589.0
2016-04-22 10:00:00+02:00,62820.0
2016-04-22 11:00:00+02:00,62900.0
2016-04-22 12:00:00+02:00,62547.0
2016-04-22 13:00:00+02:00,62044.0
2016-04-22 14:00:00+02:00,61638.0
2016-04-22 15:00:00+02:00,60971.0
2016-04-22 16:00:00+02:00,60039.0
2016-04-22 17:00:00+02:00,60629.0
2016-04-22 18:00:00+02:00,60644.0
2016-04-22 19:00:00+02:00,60846.0
2016-04-22 20:00:00+02:00,60822.0
2016-04-22 21:00:00+02:00,59861.0
2016-04-22 22:00:00+02:00,59740.0
2016-04-22 23:00:00+02:00,58392.0
2016-04-23 00:00:00+02:00,57764.0
2016-04-23 01:00:00+02:00,55578.0
2016-04-23 02:00:00+02:00,54064.0
2016-04-23 03:00:00+02:00,52823.0
2016-04-23 04:00:00+02:00,52389.0
2016-04-23 05:00:00+02:00,52331.0
2016-04-23 06:00:00+02:00,52535.0
2016-04-23 07:00:00+02:00,53029.0
2016-04-23 08:00:00+02:00,55736.0
2016-04-23 09:00:00+02:00,57703.0
2016-04-23 10:00:00+02:00,58580.0
2016-04-23 11:00:00+02:00,59253.0
2016-04-23 12:00:00+02:00,59619.0
2016-04-23 13:00:00+02:00,58967.0
2016-04-23 14:00:00+02:00,57520.0
2016-04-23 15:00:00+02:00,56688.0
2016-04-23 16:00:00+02:00,55771.0
2016-04-23 17:00:00+02:00,55882.0
2016-04-23 18:00:00+02:00,56183.0
2016-04-23 19:00:00+02:00,57263.0
2016-04-23 20:00:00+02:00,57839.0
2016-04-23 21:00:00+02:00,58086.0
2016-04-23 22:00:00+02:00,58119.0
2016-04-23 23:00:00+02:00,57625.0
2016-04-24 00:00:00+02:00,54256.0
2016-04-24 01:00:00+02:00,50841.0
2016-04-24 02:00:00+02:00,48861.0
2016-04-24 03:00:00+02:00,48026.0
2016-04-24 04:00:00+02:00,48013.0
2016-04-24 05:00:00+02:00,47975.0
2016-04-24 06:00:00+02:00,47658.0
2016-04-24 07:00:00+02:00,49053.0
2016-04-24 08:00:00+02:00,49702.0
2016-04-24 09:00:00+02:00,51500.0
2016-04-24 10:00:00+02:00,52543.0
2016-04-24 11:00:00+02:00,53314.0
2016-04-24 12:00:00+02:00,53764.0
2016-04-24 13:00:00+02:00,53327.0
2016-04-24 14:00:00+02:00,52738.0
2016-04-24 15:00:00+02:00,51083.0
2016-04-24 16:00:00+02:00,51518.0
2016-04-24 17:00:00+02:00,52465.0
2016-04-24 18:00:00+02:00,54259.0
2016-04-24 19:00:00+02:00,56343.0
2016-04-24 20:00:00+02:00,56653.0
2016-04-24 21:00:00+02:00,56752.0
2016-04-24 22:00:00+02:00,56675.0
2016-04-24 23:00:00+02:00,56564.0
2016-04-25 00:00:00+02:00,53755.0
2016-04-25 01:00:00+02:00,52517.0
2016-04-25 02:00:00+02:00,52249.0
2016-04-25 03:00:00+02:00,52447.0
2016-04-25 04:00:00+02:00,52409.0
2016-04-25 05:00:00+02:00,53890.0
2016-04-25 06:00:00+02:00,57741.0
2016-04-25 07:00:00+02:00,60027.0
2016-04-25 08:00:00+02:00,62050.0
2016-04-25 09:00:00+02:00,63969.0
2016-04-25 10:00:00+02:00,64932.0
2016-04-25 11:00:00+02:00,65117.0
2016-04-25 12:00:00+02:00,64348.0
2016-04-25 13:00:00+02:00,63581.0
2016-04-25 14:00:00+02:00,62784.0
2016-04-25 15:00:00+02:00,62337.0
2016-04-25 16:00:00+02:00,61991.0
2016-04-25 17:00:00+02:00,61926.0
2016-04-25 18:00:00+02:00,62192.0
2016-04-25 19:00:00+02:00,62676.0
2016-04-25 20:00:00+02:00,62581.0
2016-04-25 21:00:00+02:00,61956.0
2016-04-25 22:00:00+02:00,62260.0
2016-04-25 23:00:00+02:00,61254.0
2016-04-26 00:00:00+02:00,57258.0
2016-04-26 01:00:00+02:00,55217.0
2016-04-26 02:00:00+02:00,54462.0
2016-04-26 03:00:00+02:00,54115.0
2016-04-26 04:00:00+02:00,53840.0
2016-04-26 05:00:00+02:00,54941.0
2016-04-26 06:00:00+02:00,59635.0
2016-04-26 07:00:00+02:00,63456.0
2016-04-26 08:00:00+02:00,65426.0
2016-04-26 09:00:00+02:00,67227.0
2016-04-26 10:00:00+02:00,68156.0
2016-04-26 11:00:00+02:00,69084.0
2016-04-26 12:00:00+02:00,68250.0
2016-04-26 13:00:00+02:00,68219.0
2016-04-26 14:00:00+02:00,67724.0
2016-04-26 15:00:00+02:00,66823.0
2016-04-26 16:00:00+02:00,66096.0
2016-04-26 17:00:00+02:00,65962.0
2016-04-26 18:00:00+02:00,65898.0
2016-04-26 19:00:00+02:00,65842.0
2016-04-26 20:00:00+02:00,65870.0
2016-04-26 21:00:00+02:00,64961.0
2016-04-26 22:00:00+02:00,65277.0
2016-04-26 23:00:00+02:00,64388.0
2016-04-27 00:00:00+02:00,60516.0
2016-04-27 01:00:00+02:00,57990.0
2016-04-27 02:00:00+02:00,56527.0
2016-04-27 03:00:00+02:00,55593.0
2016-04-27 04:00:00+02:00,55575.0
2016-04-27 05:00:00+02:00,56569.0
2016-04-27 06:00:00+02:00,60379.0
2016-04-27 07:00:00+02:00,64376.0
2016-04-27 08:00:00+02:00,67191.0
2016-04-27 09:00:00+02:00,68828.0
2016-04-27 10:00:00+02:00,68536.0
2016-04-27 11:00:00+02:00,68712.0
2016-04-27 12:00:00+02:00,68533.0
2016-04-27 13:00:00+02:00,67857.0
2016-04-27 14:00:00+02:00,67335.0
2016-04-27 15:00:00+02:00,66158.0
2016-04-27 16:00:00+02:00,65203.0
2016-04-27 17:00:00+02:00,64167.0
2016-04-27 18:00:00+02:00,63545.0
2016-04-27 19:00:00+02:00,63076.0
2016-04-27 20:00:00+02:00,62379.0
2016-04-27 21:00:00+02:00,62534.0
2016-04-27 22:00:00+02:00,61920.0
2016-04-27 23:00:00+02:00,61273.0
2016-04-28 00:00:00+02:00,58991.0
2016-04-28 01:00:00+02:00,56473.0
2016-04-28 02:00:00+02:00,54920.0
2016-04-28 03:00:00+02:00,54012.0
2016-04-28 04:00:00+02:00,54239.0
2016-04-28 05:00:00+02:00,56393.0
2016-04-28 06:00:00+02:00,61032.0
2016-04-28 07:00:00+02:00,64333.0
2016-04-28 08:00:00+02:00,65867.0
2016-04-28 09:00:00+02:00,67488.0
2016-04-28 10:00:00+02:00,67700.0
2016-04-28 11:00:00+02:00,67443.0
2016-04-28 12:00:00+02:00,66285.0
2016-04-28 13:00:00+02:00,66336.0
2016-04-28 14:00:00+02:00,64596.0
2016-04-28 15:00:00+02:00,62658.0
2016-04-28 16:00:00+02:00,61560.0
2016-04-28 17:00:00+02:00,61103.0
2016-04-28 18:00:00+02:00,61328.0
2016-04-28 19:00:00+02:00,62053.0
2016-04-28 20:00:00+02:00,62720.0
2016-04-28 21:00:00+02:00,62522.0
2016-04-28 22:00:00+02:00,62777.0
2016-04-28 23:00:00+02:00,61272.0
2016-04-29 00:00:00+02:00,58490.0
2016-04-29 01:00:00+02:00,56884.0
2016-04-29 02:00:00+02:00,55851.0
2016-04-29 03:00:00+02:00,54922.0
2016-04-29 04:00:00+02:00,54884.0
2016-04-29 05:00:00+02:00,56359.0
2016-04-29 06:00:00+02:00,60304.0
2016-04-29 07:00:00+02:00,63855.0
2016-04-29 08:00:00+02:00,66520.0
2016-04-29 09:00:00+02:00,68611.0
2016-04-29 10:00:00+02:00,68899.0
2016-04-29 11:00:00+02:00,68348.0
2016-04-29 12:00:00+02:00,68189.0
2016-04-29 13:00:00+02:00,67273.0
2016-04-29 14:00:00+02:00,65490.0
2016-04-29 15:00:00+02:00,63873.0
2016-04-29 16:00:00+02:00,62549.0
2016-04-29 17:00:00+02:00,61851.0
2016-04-29 18:00:00+02:00,61878.0
2016-04-29 19:00:00+02:00,61608.0
2016-04-29 20:00:00+02:00,61337.0
2016-04-29 21:00:00+02:00,60903.0
2016-04-29 22:00:00+02:00,61579.0
2016-04-29 23:00:00+02:00,61376.0
2016-04-30 00:00:00+02:00,57958.0
2016-04-30 01:00:00+02:00,54993.0
2016-04-30 02:00:00+02:00,52669.0
2016-04-30 03:00:00+02:00,50980.0
2016-04-30 04:00:00+02:00,50078.0
2016-04-30 05:00:00+02:00,51204.0
2016-04-30 06:00:00+02:00,52813.0
2016-04-30 07:00:00+02:00,54990.0
2016-04-30 08:00:00+02:00,57576.0
2016-04-30 09:00:00+02:00,59893.0
2016-04-30 10:00:00+02:00,60585.0
2016-04-30 11:00:00+02:00,60416.0
2016-04-30 12:00:00+02:00,60514.0
2016-04-30 13:00:00+02:00,59832.0
2016-04-30 14:00:00+02:00,58900.0
2016-04-30 15:00:00+02:00,58116.0
2016-04-30 16:00:00+02:00,57965.0
2016-04-30 17:00:00+02:00,58752.0
2016-04-30 18:00:00+02:00,59119.0
2016-04-30 19:00:00+02:00,58991.0
2016-04-30 20:00:00+02:00,58821.0
2016-04-30 21:00:00+02:00,58384.0
2016-04-30 22:00:00+02:00,57556.0
2016-04-30 23:00:00+02:00,56428.0
2016-05-01 00:00:00+02:00,54146.0
2016-05-01 01:00:00+02:00,52060.0
2016-05-01 02:00:00+02:00,50495.0
2016-05-01 03:00:00+02:00,49201.0
2016-05-01 04:00:00+02:00,48492.0
2016-05-01 05:00:00+02:00,48570.0
2016-05-01 06:00:00+02:00,49162.0
2016-05-01 07:00:00+02:00,49899.0
2016-05-01 08:00:00+02:00,50823.0
2016-05-01 09:00:00+02:00,52463.0
2016-05-01 10:00:00+02:00,53804.0
2016-05-01 11:00:00+02:00,54828.0
2016-05-01 12:00:00+02:00,54871.0
2016-05-01 13:00:00+02:00,54103.0
2016-05-01 14:00:00+02:00,52912.0
2016-05-01 15:00:00+02:00,51770.0
2016-05-01 16:00:00+02:00,51247.0
2016-05-01 17:00:00+02:00,51867.0
2016-05-01 18:00:00+02:00,53039.0
2016-05-01 19:00:00+02:00,54128.0
2016-05-01 20:00:00+02:00,55236.0
2016-05-01 21:00:00+02:00,55440.0
2016-05-01 22:00:00+02:00,55822.0
2016-05-01 23:00:00+02:00,55855.0
2016-05-02 00:00:00+02:00,53573.0
2016-05-02 01:00:00+02:00,51927.0
2016-05-02 02:00:00+02:00,51388.0
2016-05-02 03:00:00+02:00,50388.0
2016-05-02 04:00:00+02:00,50682.0
2016-05-02 05:00:00+02:00,53646.0
2016-05-02 06:00:00+02:00,57263.0
2016-05-02 07:00:00+02:00,60565.0
2016-05-02 08:00:00+02:00,63069.0
2016-05-02 09:00:00+02:00,64342.0
2016-05-02 10:00:00+02:00,64334.0
2016-05-02 11:00:00+02:00,63978.0
2016-05-02 12:00:00+02:00,63762.0
2016-05-02 13:00:00+02:00,62683.0
2016-05-02 14:00:00+02:00,61964.0
2016-05-02 15:00:00+02:00,60807.0
2016-05-02 16:00:00+02:00,59767.0
2016-05-02 17:00:00+02:00,59886.0
2016-05-02 18:00:00+02:00,60361.0
2016-05-02 19:00:00+02:00,61085.0
2016-05-02 20:00:00+02:00,61277.0
2016-05-02 21:00:00+02:00,61118.0
2016-05-02 22:00:00+02:00,61275.0
2016-05-02 23:00:00+02:00,59456.0
2016-05-03 00:00:00+02:00,56947.0
2016-05-03 01:00:00+02:00,55239.0
2016-05-03 02:00:00+02:00,54217.0
2016-05-03 03:00:00+02:00,52629.0
2016-05-03 04:00:00+02:00,52960.0
2016-05-03 05:00:00+02:00,55686.0
2016-05-03 06:00:00+02:00,59485.0
2016-05-03 07:00:00+02:00,62165.0
2016-05-03 08:00:00+02:00,63375.0
2016-05-03 09:00:00+02:00,64063.0
2016-05-03 10:00:00+02:00,63772.0
2016-05-03 11:00:00+02:00,63706.0
2016-05-03 12:00:00+02:00,63784.0
2016-05-03 13:00:00+02:00,63430.0
2016-05-03 14:00:00+02:00,62708.0
2016-05-03 15:00:00+02:00,61988.0
2016-05-03 16:00:00+02:00,61132.0
2016-05-03 17:00:00+02:00,60398.0
2016-05-03 18:00:00+02:00,60208.0
2016-05-03 19:00:00+02:00,60135.0
2016-05-03 20:00:00+02:00,60168.0
2016-05-03 21:00:00+02:00,59043.0
2016-05-03 22:00:00+02:00,59225.0
2016-05-03 23:00:00+02:00,58942.0
2016-05-04 00:00:00+02:00,56604.0
2016-05-04 01:00:00+02:00,55091.0
2016-05-04 02:00:00+02:00,54229.0
2016-05-04 03:00:00+02:00,53373.0
2016-05-04 04:00:00+02:00,53305.0
2016-05-04 05:00:00+02:00,55389.0
2016-05-04 06:00:00+02:00,59197.0
2016-05-04 07:00:00+02:00,61925.0
2016-05-04 08:00:00+02:00,63349.0
2016-05-04 09:00:00+02:00,64270.0
2016-05-04 10:00:00+02:00,64274.0
2016-05-04 11:00:00+02:00,63320.0
2016-05-04 12:00:00+02:00,62682.0
2016-05-04 13:00:00+02:00,62313.0
2016-05-04 14:00:00+02:00,61744.0
2016-05-04 15:00:00+02:00,60797.0
2016-05-04 16:00:00+02:00,60754.0
2016-05-04 17:00:00+02:00,60744.0
2016-05-04 18:00:00+02:00,61731.0
2016-05-04 19:00:00+02:00,61858.0
2016-05-04 20:00:00+02:00,61324.0
2016-05-04 21:00:00+02:00,61185.0
2016-05-04 22:00:00+02:00,60978.0
2016-05-04 23:00:00+02:00,61326.0
2016-05-05 00:00:00+02:00,56511.0
2016-05-05 01:00:00+02:00,55545.0
2016-05-05 02:00:00+02:00,54799.0
2016-05-05 03:00:00+02:00,53628.0
2016-05-05 04:00:00+02:00,53098.0
2016-05-05 05:00:00+02:00,52808.0
2016-05-05 06:00:00+02:00,52670.0
2016-05-05 07:00:00+02:00,53756.0
2016-05-05 08:00:00+02:00,54568.0
2016-05-05 09:00:00+02:00,55269.0
2016-05-05 10:00:00+02:00,55541.0
2016-05-05 11:00:00+02:00,55617.0
2016-05-05 12:00:00+02:00,55737.0
2016-05-05 13:00:00+02:00,54221.0
2016-05-05 14:00:00+02:00,52984.0
2016-05-05 15:00:00+02:00,52658.0
2016-05-05 16:00:00+02:00,52331.0
2016-05-05 17:00:00+02:00,52885.0
2016-05-05 18:00:00+02:00,54694.0
2016-05-05 19:00:00+02:00,54755.0
2016-05-05 20:00:00+02:00,55135.0
2016-05-05 21:00:00+02:00,55448.0
2016-05-05 22:00:00+02:00,56003.0
2016-05-05 23:00:00+02:00,56876.0
2016-05-06 00:00:00+02:00,54788.0
2016-05-06 01:00:00+02:00,52448.0
2016-05-06 02:00:00+02:00,51230.0
2016-05-06 03:00:00+02:00,50333.0
2016-05-06 04:00:00+02:00,49816.0
2016-05-06 05:00:00+02:00,51846.0
2016-05-06 06:00:00+02:00,54988.0
2016-05-06 07:00:00+02:00,57111.0
2016-05-06 08:00:00+02:00,58214.0
2016-05-06 09:00:00+02:00,58679.0
2016-05-06 10:00:00+02:00,58885.0
2016-05-06 11:00:00+02:00,59102.0
2016-05-06 12:00:00+02:00,58622.0
2016-05-06 13:00:00+02:00,58653.0
2016-05-06 14:00:00+02:00,58220.0
2016-05-06 15:00:00+02:00,57607.0
2016-05-06 16:00:00+02:00,57137.0
2016-05-06 17:00:00+02:00,57314.0
2016-05-06 18:00:00+02:00,58458.0
2016-05-06 19:00:00+02:00,58030.0
2016-05-06 20:00:00+02:00,57584.0
2016-05-06 21:00:00+02:00,56294.0
2016-05-06 22:00:00+02:00,56249.0
2016-05-06 23:00:00+02:00,55715.0
2016-05-07 00:00:00+02:00,54550.0
2016-05-07 01:00:00+02:00,52802.0
2016-05-07 02:00:00+02:00,51128.0
2016-05-07 03:00:00+02:00,48941.0
2016-05-07 04:00:00+02:00,48103.0
2016-05-07 05:00:00+02:00,49061.0
2016-05-07 06:00:00+02:00,50350.0
2016-05-07 07:00:00+02:00,51722.0
2016-05-07 08:00:00+02:00,53163.0
2016-05-07 09:00:00+02:00,54722.0
2016-05-07 10:00:00+02:00,54208.0
2016-05-07 11:00:00+02:00,53608.0
2016-05-07 12:00:00+02:00,51964.0
2016-05-07 13:00:00+02:00,49207.0
2016-05-07 14:00:00+02:00,48690.0
2016-05-07 15:00:00+02:00,49019.0
2016-05-07 16:00:00+02:00,48899.0
2016-05-07 17:00:00+02:00,50292.0
2016-05-07 18:00:00+02:00,52884.0
2016-05-07 19:00:00+02:00,54085.0
2016-05-07 20:00:00+02:00,54040.0
2016-05-07 21:00:00+02:00,53252.0
2016-05-07 22:00:00+02:00,54120.0
2016-05-07 23:00:00+02:00,53641.0
2016-05-08 00:00:00+02:00,49618.0
2016-05-08 01:00:00+02:00,46555.0
2016-05-08 02:00:00+02:00,45124.0
2016-05-08 03:00:00+02:00,42469.0
2016-05-08 04:00:00+02:00,41493.0
2016-05-08 05:00:00+02:00,40471.0
2016-05-08 06:00:00+02:00,40324.0
2016-05-08 07:00:00+02:00,40662.0
2016-05-08 08:00:00+02:00,41669.0
2016-05-08 09:00:00+02:00,42878.0
2016-05-08 10:00:00+02:00,43460.0
2016-05-08 11:00:00+02:00,44041.0
2016-05-08 12:00:00+02:00,44494.0
2016-05-08 13:00:00+02:00,43483.0
2016-05-08 14:00:00+02:00,42241.0
2016-05-08 15:00:00+02:00,41047.0
2016-05-08 16:00:00+02:00,40553.0
2016-05-08 17:00:00+02:00,43559.0
2016-05-08 18:00:00+02:00,47643.0
2016-05-08 19:00:00+02:00,50968.0
2016-05-08 20:00:00+02:00,52337.0
2016-05-08 21:00:00+02:00,52270.0
2016-05-08 22:00:00+02:00,52846.0
2016-05-08 23:00:00+02:00,52513.0
2016-05-09 00:00:00+02:00,49230.0
2016-05-09 01:00:00+02:00,47184.0
2016-05-09 02:00:00+02:00,46413.0
2016-05-09 03:00:00+02:00,46135.0
2016-05-09 04:00:00+02:00,46623.0
2016-05-09 05:00:00+02:00,48517.0
2016-05-09 06:00:00+02:00,52624.0
2016-05-09 07:00:00+02:00,56764.0
2016-05-09 08:00:00+02:00,58170.0
2016-05-09 09:00:00+02:00,57943.0
2016-05-09 10:00:00+02:00,58476.0
2016-05-09 11:00:00+02:00,58993.0
2016-05-09 12:00:00+02:00,59780.0
2016-05-09 13:00:00+02:00,59556.0
2016-05-09 14:00:00+02:00,58955.0
2016-05-09 15:00:00+02:00,58138.0
2016-05-09 16:00:00+02:00,57430.0
2016-05-09 17:00:00+02:00,57506.0
2016-05-09 18:00:00+02:00,57608.0
2016-05-09 19:00:00+02:00,58289.0
2016-05-09 20:00:00+02:00,57944.0
2016-05-09 21:00:00+02:00,57443.0
2016-05-09 22:00:00+02:00,57282.0
2016-05-09 23:00:00+02:00,55974.0
2016-05-10 00:00:00+02:00,54194.0
2016-05-10 01:00:00+02:00,51235.0
2016-05-10 02:00:00+02:00,50560.0
2016-05-10 03:00:00+02:00,50245.0
2016-05-10 04:00:00+02:00,49698.0
2016-05-10 05:00:00+02:00,52005.0
2016-05-10 06:00:00+02:00,55979.0
2016-05-10 07:00:00+02:00,59006.0
2016-05-10 08:00:00+02:00,60982.0
2016-05-10 09:00:00+02:00,61914.0
2016-05-10 10:00:00+02:00,62843.0
2016-05-10 11:00:00+02:00,63240.0
2016-05-10 12:00:00+02:00,63539.0
2016-05-10 13:00:00+02:00,62584.0
2016-05-10 14:00:00+02:00,61992.0
2016-05-10 15:00:00+02:00,60951.0
2016-05-10 16:00:00+02:00,60010.0
2016-05-10 17:00:00+02:00,59744.0
2016-05-10 18:00:00+02:00,59947.0
2016-05-10 19:00:00+02:00,60287.0
2016-05-10 20:00:00+02:00,59006.0
2016-05-10 21:00:00+02:00,58021.0
2016-05-10 22:00:00+02:00,58255.0
2016-05-10 23:00:00+02:00,58382.0
2016-05-11 00:00:00+02:00,53319.0
2016-05-11 01:00:00+02:00,51284.0
2016-05-11 02:00:00+02:00,50868.0
2016-05-11 03:00:00+02:00,50897.0
2016-05-11 04:00:00+02:00,50588.0
2016-05-11 05:00:00+02:00,51672.0
2016-05-11 06:00:00+02:00,56100.0
2016-05-11 07:00:00+02:00,58613.0
2016-05-11 08:00:00+02:00,61090.0
2016-05-11 09:00:00+02:00,61429.0
2016-05-11 10:00:00+02:00,61464.0
2016-05-11 11:00:00+02:00,61717.0
2016-05-11 12:00:00+02:00,61760.0
2016-05-11 13:00:00+02:00,61681.0
2016-05-11 14:00:00+02:00,61649.0
2016-05-11 15:00:00+02:00,61630.0
2016-05-11 16:00:00+02:00,60637.0
2016-05-11 17:00:00+02:00,60567.0
2016-05-11 18:00:00+02:00,60678.0
2016-05-11 19:00:00+02:00,60196.0
2016-05-11 20:00:00+02:00,59415.0
2016-05-11 21:00:00+02:00,59442.0
2016-05-11 22:00:00+02:00,60082.0
2016-05-11 23:00:00+02:00,59953.0
2016-05-12 00:00:00+02:00,54847.0
2016-05-12 01:00:00+02:00,52302.0
2016-05-12 02:00:00+02:00,51190.0
2016-05-12 03:00:00+02:00,50281.0
2016-05-12 04:00:00+02:00,50167.0
2016-05-12 05:00:00+02:00,50868.0
2016-05-12 06:00:00+02:00,54258.0
2016-05-12 07:00:00+02:00,59505.0
2016-05-12 08:00:00+02:00,60860.0
2016-05-12 09:00:00+02:00,62353.0
2016-05-12 10:00:00+02:00,63649.0
2016-05-12 11:00:00+02:00,64354.0
2016-05-12 12:00:00+02:00,64379.0
2016-05-12 13:00:00+02:00,64045.0
2016-05-12 14:00:00+02:00,62447.0
2016-05-12 15:00:00+02:00,62143.0
2016-05-12 16:00:00+02:00,61210.0
2016-05-12 17:00:00+02:00,60904.0
2016-05-12 18:00:00+02:00,60510.0
2016-05-12 19:00:00+02:00,60173.0
2016-05-12 20:00:00+02:00,59220.0
2016-05-12 21:00:00+02:00,59045.0
2016-05-12 22:00:00+02:00,59170.0
2016-05-12 23:00:00+02:00,57386.0
2016-05-13 00:00:00+02:00,54811.0
2016-05-13 01:00:00+02:00,52711.0
2016-05-13 02:00:00+02:00,52262.0
2016-05-13 03:00:00+02:00,51289.0
2016-05-13 04:00:00+02:00,51675.0
2016-05-13 05:00:00+02:00,52809.0
2016-05-13 06:00:00+02:00,57543.0
2016-05-13 07:00:00+02:00,61627.0
2016-05-13 08:00:00+02:00,62848.0
2016-05-13 09:00:00+02:00,63800.0
2016-05-13 10:00:00+02:00,63448.0
2016-05-13 11:00:00+02:00,63605.0
2016-05-13 12:00:00+02:00,63140.0
2016-05-13 13:00:00+02:00,61498.0
2016-05-13 14:00:00+02:00,60601.0
2016-05-13 15:00:00+02:00,59964.0
2016-05-13 16:00:00+02:00,58999.0
2016-05-13 17:00:00+02:00,58506.0
2016-05-13 18:00:00+02:00,59126.0
2016-05-13 19:00:00+02:00,59012.0
2016-05-13 20:00:00+02:00,58078.0
2016-05-13 21:00:00+02:00,57200.0
2016-05-13 22:00:00+02:00,57668.0
2016-05-13 23:00:00+02:00,58004.0
2016-05-14 00:00:00+02:00,54393.0
2016-05-14 01:00:00+02:00,51270.0
2016-05-14 02:00:00+02:00,49427.0
2016-05-14 03:00:00+02:00,48052.0
2016-05-14 04:00:00+02:00,47798.0
2016-05-14 05:00:00+02:00,47677.0
2016-05-14 06:00:00+02:00,47189.0
2016-05-14 07:00:00+02:00,47890.0
2016-05-14 08:00:00+02:00,49845.0
2016-05-14 09:00:00+02:00,51989.0
2016-05-14 10:00:00+02:00,51283.0
2016-05-14 11:00:00+02:00,50715.0
2016-05-14 12:00:00+02:00,50421.0
2016-05-14 13:00:00+02:00,50478.0
2016-05-14 14:00:00+02:00,49997.0
2016-05-14 15:00:00+02:00,49411.0
2016-05-14 16:00:00+02:00,49163.0
2016-05-14 17:00:00+02:00,50185.0
2016-05-14 18:00:00+02:00,52804.0
2016-05-14 19:00:00+02:00,53763.0
2016-05-14 20:00:00+02:00,53117.0
2016-05-14 21:00:00+02:00,53161.0
2016-05-14 22:00:00+02:00,51741.0
2016-05-14 23:00:00+02:00,52388.0
2016-05-15 00:00:00+02:00,49179.0
2016-05-15 01:00:00+02:00,46597.0
2016-05-15 02:00:00+02:00,44519.0
2016-05-15 03:00:00+02:00,42429.0
2016-05-15 04:00:00+02:00,41586.0
2016-05-15 05:00:00+02:00,40687.0
2016-05-15 06:00:00+02:00,40449.0
2016-05-15 07:00:00+02:00,41232.0
2016-05-15 08:00:00+02:00,42393.0
2016-05-15 09:00:00+02:00,43798.0
2016-05-15 10:00:00+02:00,44623.0
2016-05-15 11:00:00+02:00,45040.0
2016-05-15 12:00:00+02:00,45437.0
2016-05-15 13:00:00+02:00,44936.0
2016-05-15 14:00:00+02:00,43620.0
2016-05-15 15:00:00+02:00,42952.0
2016-05-15 16:00:00+02:00,43841.0
2016-05-15 17:00:00+02:00,44723.0
2016-05-15 18:00:00+02:00,46748.0
2016-05-15 19:00:00+02:00,48925.0
2016-05-15 20:00:00+02:00,50257.0
2016-05-15 21:00:00+02:00,51043.0
2016-05-15 22:00:00+02:00,52002.0
2016-05-15 23:00:00+02:00,51371.0
2016-05-16 00:00:00+02:00,49183.0
2016-05-16 01:00:00+02:00,47587.0
2016-05-16 02:00:00+02:00,46463.0
2016-05-16 03:00:00+02:00,45907.0
2016-05-16 04:00:00+02:00,46433.0
2016-05-16 05:00:00+02:00,47427.0
2016-05-16 06:00:00+02:00,49018.0
2016-05-16 07:00:00+02:00,49888.0
2016-05-16 08:00:00+02:00,51896.0
2016-05-16 09:00:00+02:00,54321.0
2016-05-16 10:00:00+02:00,55706.0
2016-05-16 11:00:00+02:00,56620.0
2016-05-16 12:00:00+02:00,57067.0
2016-05-16 13:00:00+02:00,56138.0
2016-05-16 14:00:00+02:00,53732.0
2016-05-16 15:00:00+02:00,52790.0
2016-05-16 16:00:00+02:00,51978.0
2016-05-16 17:00:00+02:00,52398.0
2016-05-16 18:00:00+02:00,54638.0
2016-05-16 19:00:00+02:00,54679.0
2016-05-16 20:00:00+02:00,54365.0
2016-05-16 21:00:00+02:00,54802.0
2016-05-16 22:00:00+02:00,55766.0
2016-05-16 23:00:00+02:00,55456.0
2016-05-17 00:00:00+02:00,52519.0
2016-05-17 01:00:00+02:00,50918.0
2016-05-17 02:00:00+02:00,49472.0
2016-05-17 03:00:00+02:00,48786.0
2016-05-17 04:00:00+02:00,48609.0
2016-05-17 05:00:00+02:00,49502.0
2016-05-17 06:00:00+02:00,53492.0
2016-05-17 07:00:00+02:00,57094.0
2016-05-17 08:00:00+02:00,59213.0
2016-05-17 09:00:00+02:00,60443.0
2016-05-17 10:00:00+02:00,60994.0
2016-05-17 11:00:00+02:00,61036.0
2016-05-17 12:00:00+02:00,61048.0
2016-05-17 13:00:00+02:00,60161.0
2016-05-17 14:00:00+02:00,59455.0
2016-05-17 15:00:00+02:00,58691.0
2016-05-17 16:00:00+02:00,58017.0
2016-05-17 17:00:00+02:00,57294.0
2016-05-17 18:00:00+02:00,58246.0
2016-05-17 19:00:00+02:00,59182.0
2016-05-17 20:00:00+02:00,58574.0
2016-05-17 21:00:00+02:00,57701.0
2016-05-17 22:00:00+02:00,58073.0
2016-05-17 23:00:00+02:00,57838.0
2016-05-18 00:00:00+02:00,54137.0
2016-05-18 01:00:00+02:00,52184.0
2016-05-18 02:00:00+02:00,51504.0
2016-05-18 03:00:00+02:00,51213.0
2016-05-18 04:00:00+02:00,51264.0
2016-05-18 05:00:00+02:00,52236.0
2016-05-18 06:00:00+02:00,55439.0
2016-05-18 07:00:00+02:00,59114.0
2016-05-18 08:00:00+02:00,60847.0
2016-05-18 09:00:00+02:00,63000.0
2016-05-18 10:00:00+02:00,64054.0
2016-05-18 11:00:00+02:00,64113.0
2016-05-18 12:00:00+02:00,64180.0
2016-05-18 13:00:00+02:00,63996.0
2016-05-18 14:00:00+02:00,63092.0
2016-05-18 15:00:00+02:00,61857.0
2016-05-18 16:00:00+02:00,61102.0
2016-05-18 17:00:00+02:00,62458.0
2016-05-18 18:00:00+02:00,63208.0
2016-05-18 19:00:00+02:00,63114.0
2016-05-18 20:00:00+02:00,61539.0
2016-05-18 21:00:00+02:00,60739.0
2016-05-18 22:00:00+02:00,59958.0
2016-05-18 23:00:00+02:00,59842.0
2016-05-19 00:00:00+02:00,56456.0
2016-05-19 01:00:00+02:00,55408.0
2016-05-19 02:00:00+02:00,55139.0
2016-05-19 03:00:00+02:00,54873.0
2016-05-19 04:00:00+02:00,54880.0
2016-05-19 05:00:00+02:00,55655.0
2016-05-19 06:00:00+02:00,58004.0
2016-05-19 07:00:00+02:00,60706.0
2016-05-19 08:00:00+02:00,61895.0
2016-05-19 09:00:00+02:00,63088.0
2016-05-19 10:00:00+02:00,64004.0
2016-05-19 11:00:00+02:00,64694.0
2016-05-19 12:00:00+02:00,65182.0
2016-05-19 13:00:00+02:00,64928.0
2016-05-19 14:00:00+02:00,64759.0
2016-05-19 15:00:00+02:00,62781.0
2016-05-19 16:00:00+02:00,62204.0
2016-05-19 17:00:00+02:00,61826.0
2016-05-19 18:00:00+02:00,61948.0
2016-05-19 19:00:00+02:00,61792.0
2016-05-19 20:00:00+02:00,60920.0
2016-05-19 21:00:00+02:00,59568.0
2016-05-19 22:00:00+02:00,60172.0
2016-05-19 23:00:00+02:00,59661.0
2016-05-20 00:00:00+02:00,55668.0
2016-05-20 01:00:00+02:00,54119.0
2016-05-20 02:00:00+02:00,53181.0
2016-05-20 03:00:00+02:00,51593.0
2016-05-20 04:00:00+02:00,51331.0
2016-05-20 05:00:00+02:00,52352.0
2016-05-20 06:00:00+02:00,55618.0
2016-05-20 07:00:00+02:00,58489.0
2016-05-20 08:00:00+02:00,60522.0
2016-05-20 09:00:00+02:00,61326.0
2016-05-20 10:00:00+02:00,61243.0
2016-05-20 11:00:00+02:00,61789.0
2016-05-20 12:00:00+02:00,61864.0
2016-05-20 13:00:00+02:00,61116.0
2016-05-20 14:00:00+02:00,60292.0
2016-05-20 15:00:00+02:00,59466.0
2016-05-20 16:00:00+02:00,58378.0
2016-05-20 17:00:00+02:00,57880.0
2016-05-20 18:00:00+02:00,57610.0
2016-05-20 19:00:00+02:00,57025.0
2016-05-20 20:00:00+02:00,56548.0
2016-05-20 21:00:00+02:00,56764.0
2016-05-20 22:00:00+02:00,57037.0
2016-05-20 23:00:00+02:00,56400.0
2016-05-21 00:00:00+02:00,53172.0
2016-05-21 01:00:00+02:00,51729.0
2016-05-21 02:00:00+02:00,50785.0
2016-05-21 03:00:00+02:00,49755.0
2016-05-21 04:00:00+02:00,49390.0
2016-05-21 05:00:00+02:00,49180.0
2016-05-21 06:00:00+02:00,49693.0
2016-05-21 07:00:00+02:00,51222.0
2016-05-21 08:00:00+02:00,52837.0
2016-05-21 09:00:00+02:00,54329.0
2016-05-21 10:00:00+02:00,54151.0
2016-05-21 11:00:00+02:00,54676.0
2016-05-21 12:00:00+02:00,54998.0
2016-05-21 13:00:00+02:00,53597.0
2016-05-21 14:00:00+02:00,51548.0
2016-05-21 15:00:00+02:00,51017.0
2016-05-21 16:00:00+02:00,51366.0
2016-05-21 17:00:00+02:00,52632.0
2016-05-21 18:00:00+02:00,53589.0
2016-05-21 19:00:00+02:00,54385.0
2016-05-21 20:00:00+02:00,53863.0
2016-05-21 21:00:00+02:00,54152.0
2016-05-21 22:00:00+02:00,54927.0
2016-05-21 23:00:00+02:00,54542.0
2016-05-22 00:00:00+02:00,49930.0
2016-05-22 01:00:00+02:00,47171.0
2016-05-22 02:00:00+02:00,45911.0
2016-05-22 03:00:00+02:00,41479.0
2016-05-22 04:00:00+02:00,39875.0
2016-05-22 05:00:00+02:00,39555.0
2016-05-22 06:00:00+02:00,40275.0
2016-05-22 07:00:00+02:00,41095.0
2016-05-22 08:00:00+02:00,41830.0
2016-05-22 09:00:00+02:00,42747.0
2016-05-22 10:00:00+02:00,43393.0
2016-05-22 11:00:00+02:00,42536.0
2016-05-22 12:00:00+02:00,43326.0
2016-05-22 13:00:00+02:00,42482.0
2016-05-22 14:00:00+02:00,41619.0
2016-05-22 15:00:00+02:00,42710.0
2016-05-22 16:00:00+02:00,43691.0
2016-05-22 17:00:00+02:00,47488.0
2016-05-22 18:00:00+02:00,50521.0
2016-05-22 19:00:00+02:00,52293.0
2016-05-22 20:00:00+02:00,52442.0
2016-05-22 21:00:00+02:00,52462.0
2016-05-22 22:00:00+02:00,53935.0
2016-05-22 23:00:00+02:00,53944.0
2016-05-23 00:00:00+02:00,52755.0
2016-05-23 01:00:00+02:00,52924.0
2016-05-23 02:00:00+02:00,52862.0
2016-05-23 03:00:00+02:00,52949.0
2016-05-23 04:00:00+02:00,52824.0
2016-05-23 05:00:00+02:00,53940.0
2016-05-23 06:00:00+02:00,56893.0
2016-05-23 07:00:00+02:00,60019.0
2016-05-23 08:00:00+02:00,61301.0
2016-05-23 09:00:00+02:00,62995.0
2016-05-23 10:00:00+02:00,64061.0
2016-05-23 11:00:00+02:00,64771.0
2016-05-23 12:00:00+02:00,64820.0
2016-05-23 13:00:00+02:00,64697.0
2016-05-23 14:00:00+02:00,64210.0
2016-05-23 15:00:00+02:00,63142.0
2016-05-23 16:00:00+02:00,61929.0
2016-05-23 17:00:00+02:00,60955.0
2016-05-23 18:00:00+02:00,60136.0
2016-05-23 19:00:00+02:00,58998.0
2016-05-23 20:00:00+02:00,57598.0
2016-05-23 21:00:00+02:00,56712.0
2016-05-23 22:00:00+02:00,57603.0
2016-05-23 23:00:00+02:00,57640.0
2016-05-24 00:00:00+02:00,54827.0
2016-05-24 01:00:00+02:00,52383.0
2016-05-24 02:00:00+02:00,51369.0
2016-05-24 03:00:00+02:00,50884.0
2016-05-24 04:00:00+02:00,50906.0
2016-05-24 05:00:00+02:00,51532.0
2016-05-24 06:00:00+02:00,55181.0
2016-05-24 07:00:00+02:00,58221.0
2016-05-24 08:00:00+02:00,59403.0
2016-05-24 09:00:00+02:00,61628.0
2016-05-24 10:00:00+02:00,62358.0
2016-05-24 11:00:00+02:00,62645.0
2016-05-24 12:00:00+02:00,62602.0
2016-05-24 13:00:00+02:00,62476.0
2016-05-24 14:00:00+02:00,61786.0
2016-05-24 15:00:00+02:00,61312.0
2016-05-24 16:00:00+02:00,60283.0
2016-05-24 17:00:00+02:00,60127.0
2016-05-24 18:00:00+02:00,60147.0
2016-05-24 19:00:00+02:00,59513.0
2016-05-24 20:00:00+02:00,58318.0
2016-05-24 21:00:00+02:00,57749.0
2016-05-24 22:00:00+02:00,58490.0
2016-05-24 23:00:00+02:00,58390.0
2016-05-25 00:00:00+02:00,55274.0
2016-05-25 01:00:00+02:00,53494.0
2016-05-25 02:00:00+02:00,52764.0
2016-05-25 03:00:00+02:00,51686.0
2016-05-25 04:00:00+02:00,51509.0
2016-05-25 05:00:00+02:00,52703.0
2016-05-25 06:00:00+02:00,55689.0
2016-05-25 07:00:00+02:00,59230.0
2016-05-25 08:00:00+02:00,60228.0
2016-05-25 09:00:00+02:00,61568.0
2016-05-25 10:00:00+02:00,62148.0
2016-05-25 11:00:00+02:00,62210.0
2016-05-25 12:00:00+02:00,62508.0
2016-05-25 13:00:00+02:00,62506.0
2016-05-25 14:00:00+02:00,61958.0
2016-05-25 15:00:00+02:00,60955.0
2016-05-25 16:00:00+02:00,60210.0
2016-05-25 17:00:00+02:00,59823.0
2016-05-25 18:00:00+02:00,59779.0
2016-05-25 19:00:00+02:00,59407.0
2016-05-25 20:00:00+02:00,58202.0
2016-05-25 21:00:00+02:00,57721.0
2016-05-25 22:00:00+02:00,58445.0
2016-05-25 23:00:00+02:00,57953.0
2016-05-26 00:00:00+02:00,55341.0
2016-05-26 01:00:00+02:00,53445.0
2016-05-26 02:00:00+02:00,51920.0
2016-05-26 03:00:00+02:00,49777.0
2016-05-26 04:00:00+02:00,49270.0
2016-05-26 05:00:00+02:00,50114.0
2016-05-26 06:00:00+02:00,53200.0
2016-05-26 07:00:00+02:00,56607.0
2016-05-26 08:00:00+02:00,57822.0
2016-05-26 09:00:00+02:00,60267.0
2016-05-26 10:00:00+02:00,61221.0
2016-05-26 11:00:00+02:00,62220.0
2016-05-26 12:00:00+02:00,62489.0
2016-05-26 13:00:00+02:00,61882.0
2016-05-26 14:00:00+02:00,61512.0
2016-05-26 15:00:00+02:00,60429.0
2016-05-26 16:00:00+02:00,59151.0
2016-05-26 17:00:00+02:00,58263.0
2016-05-26 18:00:00+02:00,58137.0
2016-05-26 19:00:00+02:00,57762.0
2016-05-26 20:00:00+02:00,57440.0
2016-05-26 21:00:00+02:00,58123.0
2016-05-26 22:00:00+02:00,59049.0
2016-05-26 23:00:00+02:00,58745.0
2016-05-27 00:00:00+02:00,55377.0
2016-05-27 01:00:00+02:00,53243.0
2016-05-27 02:00:00+02:00,52827.0
2016-05-27 03:00:00+02:00,52524.0
2016-05-27 04:00:00+02:00,51834.0
2016-05-27 05:00:00+02:00,52717.0
2016-05-27 06:00:00+02:00,55791.0
2016-05-27 07:00:00+02:00,59689.0
2016-05-27 08:00:00+02:00,60968.0
2016-05-27 09:00:00+02:00,61960.0
2016-05-27 10:00:00+02:00,62626.0
2016-05-27 11:00:00+02:00,62736.0
2016-05-27 12:00:00+02:00,62850.0
2016-05-27 13:00:00+02:00,62062.0
2016-05-27 14:00:00+02:00,61086.0
2016-05-27 15:00:00+02:00,59824.0
2016-05-27 16:00:00+02:00,59076.0
2016-05-27 17:00:00+02:00,59091.0
2016-05-27 18:00:00+02:00,59045.0
2016-05-27 19:00:00+02:00,58602.0
2016-05-27 20:00:00+02:00,57504.0
2016-05-27 21:00:00+02:00,56655.0
2016-05-27 22:00:00+02:00,57287.0
2016-05-27 23:00:00+02:00,55499.0
2016-05-28 00:00:00+02:00,52406.0
2016-05-28 01:00:00+02:00,50851.0
2016-05-28 02:00:00+02:00,49729.0
2016-05-28 03:00:00+02:00,48554.0
2016-05-28 04:00:00+02:00,47743.0
2016-05-28 05:00:00+02:00,47772.0
2016-05-28 06:00:00+02:00,48263.0
2016-05-28 07:00:00+02:00,48986.0
2016-05-28 08:00:00+02:00,51638.0
2016-05-28 09:00:00+02:00,53826.0
2016-05-28 10:00:00+02:00,54515.0
2016-05-28 11:00:00+02:00,54829.0
2016-05-28 12:00:00+02:00,55249.0
2016-05-28 13:00:00+02:00,54064.0
2016-05-28 14:00:00+02:00,52702.0
2016-05-28 15:00:00+02:00,51992.0
2016-05-28 16:00:00+02:00,51550.0
2016-05-28 17:00:00+02:00,51311.0
2016-05-28 18:00:00+02:00,50894.0
2016-05-28 19:00:00+02:00,52095.0
2016-05-28 20:00:00+02:00,50488.0
2016-05-28 21:00:00+02:00,51012.0
2016-05-28 22:00:00+02:00,52345.0
2016-05-28 23:00:00+02:00,51752.0
2016-05-29 00:00:00+02:00,51240.0
2016-05-29 01:00:00+02:00,49336.0
2016-05-29 02:00:00+02:00,47566.0
2016-05-29 03:00:00+02:00,44584.0
2016-05-29 04:00:00+02:00,42867.0
2016-05-29 05:00:00+02:00,42945.0
2016-05-29 06:00:00+02:00,42058.0
2016-05-29 07:00:00+02:00,42614.0
2016-05-29 08:00:00+02:00,45280.0
2016-05-29 09:00:00+02:00,48912.0
2016-05-29 10:00:00+02:00,51222.0
2016-05-29 11:00:00+02:00,52142.0
2016-05-29 12:00:00+02:00,52551.0
2016-05-29 13:00:00+02:00,52275.0
2016-05-29 14:00:00+02:00,50394.0
2016-05-29 15:00:00+02:00,49800.0
2016-05-29 16:00:00+02:00,49648.0
2016-05-29 17:00:00+02:00,50658.0
2016-05-29 18:00:00+02:00,50804.0
2016-05-29 19:00:00+02:00,51423.0
2016-05-29 20:00:00+02:00,51449.0
2016-05-29 21:00:00+02:00,52345.0
2016-05-29 22:00:00+02:00,54550.0
2016-05-29 23:00:00+02:00,54862.0
2016-05-30 00:00:00+02:00,52042.0
2016-05-30 01:00:00+02:00,51401.0
2016-05-30 02:00:00+02:00,50866.0
2016-05-30 03:00:00+02:00,48568.0
2016-05-30 04:00:00+02:00,49726.0
2016-05-30 05:00:00+02:00,50498.0
2016-05-30 06:00:00+02:00,53643.0
2016-05-30 07:00:00+02:00,56393.0
2016-05-30 08:00:00+02:00,58674.0
2016-05-30 09:00:00+02:00,60294.0
2016-05-30 10:00:00+02:00,61299.0
2016-05-30 11:00:00+02:00,62312.0
2016-05-30 12:00:00+02:00,62883.0
2016-05-30 13:00:00+02:00,62478.0
2016-05-30 14:00:00+02:00,61590.0
2016-05-30 15:00:00+02:00,61200.0
2016-05-30 16:00:00+02:00,60089.0
2016-05-30 17:00:00+02:00,59771.0
2016-05-30 18:00:00+02:00,59822.0
2016-05-30 19:00:00+02:00,59670.0
2016-05-30 20:00:00+02:00,58733.0
2016-05-30 21:00:00+02:00,58083.0
2016-05-30 22:00:00+02:00,58772.0
2016-05-30 23:00:00+02:00,58562.0
2016-05-31 00:00:00+02:00,57554.0
2016-05-31 01:00:00+02:00,56152.0
2016-05-31 02:00:00+02:00,55421.0
2016-05-31 03:00:00+02:00,54141.0
2016-05-31 04:00:00+02:00,54136.0
2016-05-31 05:00:00+02:00,54884.0
2016-05-31 06:00:00+02:00,57018.0
2016-05-31 07:00:00+02:00,60024.0
2016-05-31 08:00:00+02:00,62409.0
2016-05-31 09:00:00+02:00,63652.0
2016-05-31 10:00:00+02:00,64341.0
2016-05-31 11:00:00+02:00,64313.0
2016-05-31 12:00:00+02:00,64387.0
2016-05-31 13:00:00+02:00,64174.0
2016-05-31 14:00:00+02:00,63910.0
2016-05-31 15:00:00+02:00,62720.0
2016-05-31 16:00:00+02:00,61993.0
2016-05-31 17:00:00+02:00,62569.0
2016-05-31 18:00:00+02:00,62830.0
2016-05-31 19:00:00+02:00,62192.0
2016-05-31 20:00:00+02:00,61036.0
2016-05-31 21:00:00+02:00,60104.0
2016-05-31 22:00:00+02:00,60134.0
2016-05-31 23:00:00+02:00,58972.0
2016-06-01 00:00:00+02:00,54623.0
2016-06-01 01:00:00+02:00,53238.0
2016-06-01 02:00:00+02:00,51996.0
2016-06-01 03:00:00+02:00,50494.0
2016-06-01 04:00:00+02:00,51029.0
2016-06-01 05:00:00+02:00,51907.0
2016-06-01 06:00:00+02:00,55989.0
2016-06-01 07:00:00+02:00,58788.0
2016-06-01 08:00:00+02:00,60367.0
2016-06-01 09:00:00+02:00,61729.0
2016-06-01 10:00:00+02:00,62278.0
2016-06-01 11:00:00+02:00,62474.0
2016-06-01 12:00:00+02:00,62329.0
2016-06-01 13:00:00+02:00,62574.0
2016-06-01 14:00:00+02:00,61184.0
2016-06-01 15:00:00+02:00,59929.0
2016-06-01 16:00:00+02:00,59095.0
2016-06-01 17:00:00+02:00,58819.0
2016-06-01 18:00:00+02:00,59054.0
2016-06-01 19:00:00+02:00,58792.0
2016-06-01 20:00:00+02:00,57876.0
2016-06-01 21:00:00+02:00,56811.0
2016-06-01 22:00:00+02:00,57124.0
2016-06-01 23:00:00+02:00,57649.0
2016-06-02 00:00:00+02:00,57460.0
2016-06-02 01:00:00+02:00,55513.0
2016-06-02 02:00:00+02:00,53859.0
2016-06-02 03:00:00+02:00,52092.0
2016-06-02 04:00:00+02:00,51698.0
2016-06-02 05:00:00+02:00,52543.0
2016-06-02 06:00:00+02:00,55717.0
2016-06-02 07:00:00+02:00,59698.0
2016-06-02 08:00:00+02:00,61420.0
2016-06-02 09:00:00+02:00,63594.0
2016-06-02 10:00:00+02:00,65139.0
2016-06-02 11:00:00+02:00,65712.0
2016-06-02 12:00:00+02:00,65663.0
2016-06-02 13:00:00+02:00,65052.0
2016-06-02 14:00:00+02:00,64573.0
2016-06-02 15:00:00+02:00,62913.0
2016-06-02 16:00:00+02:00,61698.0
2016-06-02 17:00:00+02:00,60651.0
2016-06-02 18:00:00+02:00,60107.0
2016-06-02 19:00:00+02:00,59843.0
2016-06-02 20:00:00+02:00,58626.0
2016-06-02 21:00:00+02:00,59668.0
2016-06-02 22:00:00+02:00,59705.0
2016-06-02 23:00:00+02:00,59504.0
2016-06-03 00:00:00+02:00,55630.0
2016-06-03 01:00:00+02:00,54078.0
2016-06-03 02:00:00+02:00,53250.0
2016-06-03 03:00:00+02:00,52400.0
2016-06-03 04:00:00+02:00,52016.0
2016-06-03 05:00:00+02:00,53194.0
2016-06-03 06:00:00+02:00,56162.0
2016-06-03 07:00:00+02:00,59858.0
2016-06-03 08:00:00+02:00,61171.0
2016-06-03 09:00:00+02:00,62517.0
2016-06-03 10:00:00+02:00,63350.0
2016-06-03 11:00:00+02:00,63667.0
2016-06-03 12:00:00+02:00,63010.0
2016-06-03 13:00:00+02:00,62091.0
2016-06-03 14:00:00+02:00,61185.0
2016-06-03 15:00:00+02:00,59695.0
2016-06-03 16:00:00+02:00,58952.0
2016-06-03 17:00:00+02:00,59229.0
2016-06-03 18:00:00+02:00,59200.0
2016-06-03 19:00:00+02:00,58791.0
2016-06-03 20:00:00+02:00,57858.0
2016-06-03 21:00:00+02:00,56680.0
2016-06-03 22:00:00+02:00,56585.0
2016-06-03 23:00:00+02:00,56963.0
2016-06-04 00:00:00+02:00,53567.0
2016-06-04 01:00:00+02:00,50856.0
2016-06-04 02:00:00+02:00,49713.0
2016-06-04 03:00:00+02:00,48972.0
2016-06-04 04:00:00+02:00,48708.0
2016-06-04 05:00:00+02:00,48878.0
2016-06-04 06:00:00+02:00,49266.0
2016-06-04 07:00:00+02:00,50309.0
2016-06-04 08:00:00+02:00,53577.0
2016-06-04 09:00:00+02:00,55073.0
2016-06-04 10:00:00+02:00,56084.0
2016-06-04 11:00:00+02:00,56886.0
2016-06-04 12:00:00+02:00,56314.0
2016-06-04 13:00:00+02:00,54855.0
2016-06-04 14:00:00+02:00,54271.0
2016-06-04 15:00:00+02:00,53512.0
2016-06-04 16:00:00+02:00,53321.0
2016-06-04 17:00:00+02:00,53661.0
2016-06-04 18:00:00+02:00,54928.0
2016-06-04 19:00:00+02:00,54614.0
2016-06-04 20:00:00+02:00,54023.0
2016-06-04 21:00:00+02:00,53715.0
2016-06-04 22:00:00+02:00,54403.0
2016-06-04 23:00:00+02:00,54940.0
2016-06-05 00:00:00+02:00,51848.0
2016-06-05 01:00:00+02:00,49478.0
2016-06-05 02:00:00+02:00,47965.0
2016-06-05 03:00:00+02:00,46767.0
2016-06-05 04:00:00+02:00,46233.0
2016-06-05 05:00:00+02:00,45566.0
2016-06-05 06:00:00+02:00,45384.0
2016-06-05 07:00:00+02:00,45660.0
2016-06-05 08:00:00+02:00,47256.0
2016-06-05 09:00:00+02:00,49543.0
2016-06-05 10:00:00+02:00,51376.0
2016-06-05 11:00:00+02:00,52674.0
2016-06-05 12:00:00+02:00,53047.0
2016-06-05 13:00:00+02:00,52052.0
2016-06-05 14:00:00+02:00,50679.0
2016-06-05 15:00:00+02:00,50067.0
2016-06-05 16:00:00+02:00,50224.0
2016-06-05 17:00:00+02:00,50781.0
2016-06-05 18:00:00+02:00,51551.0
2016-06-05 19:00:00+02:00,52926.0
2016-06-05 20:00:00+02:00,53194.0
2016-06-05 21:00:00+02:00,53680.0
2016-06-05 22:00:00+02:00,54874.0
2016-06-05 23:00:00+02:00,54427.0
2016-06-06 00:00:00+02:00,51140.0
2016-06-06 01:00:00+02:00,50930.0
2016-06-06 02:00:00+02:00,51152.0
2016-06-06 03:00:00+02:00,50088.0
2016-06-06 04:00:00+02:00,49890.0
2016-06-06 05:00:00+02:00,51222.0
2016-06-06 06:00:00+02:00,55146.0
2016-06-06 07:00:00+02:00,59156.0
2016-06-06 08:00:00+02:00,62137.0
2016-06-06 09:00:00+02:00,63523.0
2016-06-06 10:00:00+02:00,63847.0
2016-06-06 11:00:00+02:00,64528.0
2016-06-06 12:00:00+02:00,64263.0
2016-06-06 13:00:00+02:00,63855.0
2016-06-06 14:00:00+02:00,62833.0
2016-06-06 15:00:00+02:00,61704.0
2016-06-06 16:00:00+02:00,61139.0
2016-06-06 17:00:00+02:00,61140.0
2016-06-06 18:00:00+02:00,61253.0
2016-06-06 19:00:00+02:00,61193.0
2016-06-06 20:00:00+02:00,59937.0
2016-06-06 21:00:00+02:00,58716.0
2016-06-06 22:00:00+02:00,59037.0
2016-06-06 23:00:00+02:00,57841.0
2016-06-07 00:00:00+02:00,54942.0
2016-06-07 01:00:00+02:00,53463.0
2016-06-07 02:00:00+02:00,52666.0
2016-06-07 03:00:00+02:00,51926.0
2016-06-07 04:00:00+02:00,52124.0
2016-06-07 05:00:00+02:00,53217.0
2016-06-07 06:00:00+02:00,56711.0
2016-06-07 07:00:00+02:00,60877.0
2016-06-07 08:00:00+02:00,62462.0
2016-06-07 09:00:00+02:00,63237.0
2016-06-07 10:00:00+02:00,64212.0
2016-06-07 11:00:00+02:00,64567.0
2016-06-07 12:00:00+02:00,65335.0
2016-06-07 13:00:00+02:00,65067.0
2016-06-07 14:00:00+02:00,64136.0
2016-06-07 15:00:00+02:00,63074.0
2016-06-07 16:00:00+02:00,62195.0
2016-06-07 17:00:00+02:00,62183.0
2016-06-07 18:00:00+02:00,62880.0
2016-06-07 19:00:00+02:00,62549.0
2016-06-07 20:00:00+02:00,61252.0
2016-06-07 21:00:00+02:00,59935.0
2016-06-07 22:00:00+02:00,59847.0
2016-06-07 23:00:00+02:00,59518.0
2016-06-08 00:00:00+02:00,55396.0
2016-06-08 01:00:00+02:00,53536.0
2016-06-08 02:00:00+02:00,53123.0
2016-06-08 03:00:00+02:00,52355.0
2016-06-08 04:00:00+02:00,52139.0
2016-06-08 05:00:00+02:00,53247.0
2016-06-08 06:00:00+02:00,56350.0
2016-06-08 07:00:00+02:00,60240.0
2016-06-08 08:00:00+02:00,61362.0
2016-06-08 09:00:00+02:00,62539.0
2016-06-08 10:00:00+02:00,63339.0
2016-06-08 11:00:00+02:00,64273.0
2016-06-08 12:00:00+02:00,64149.0
2016-06-08 13:00:00+02:00,63652.0
2016-06-08 14:00:00+02:00,62783.0
2016-06-08 15:00:00+02:00,61981.0
2016-06-08 16:00:00+02:00,61682.0
2016-06-08 17:00:00+02:00,61868.0
2016-06-08 18:00:00+02:00,61802.0
2016-06-08 19:00:00+02:00,61576.0
2016-06-08 20:00:00+02:00,59883.0
2016-06-08 21:00:00+02:00,57145.0
2016-06-08 22:00:00+02:00,59192.0
2016-06-08 23:00:00+02:00,59629.0
2016-06-09 00:00:00+02:00,55842.0
2016-06-09 01:00:00+02:00,54735.0
2016-06-09 02:00:00+02:00,54024.0
2016-06-09 03:00:00+02:00,52782.0
2016-06-09 04:00:00+02:00,52931.0
2016-06-09 05:00:00+02:00,54104.0
2016-06-09 06:00:00+02:00,57224.0
2016-06-09 07:00:00+02:00,61673.0
2016-06-09 08:00:00+02:00,63244.0
2016-06-09 09:00:00+02:00,64361.0
2016-06-09 10:00:00+02:00,65468.0
2016-06-09 11:00:00+02:00,65756.0
2016-06-09 12:00:00+02:00,66000.0
2016-06-09 13:00:00+02:00,65654.0
2016-06-09 14:00:00+02:00,64985.0
2016-06-09 15:00:00+02:00,64517.0
2016-06-09 16:00:00+02:00,63192.0
2016-06-09 17:00:00+02:00,62537.0
2016-06-09 18:00:00+02:00,62422.0
2016-06-09 19:00:00+02:00,61895.0
2016-06-09 20:00:00+02:00,60764.0
2016-06-09 21:00:00+02:00,59582.0
2016-06-09 22:00:00+02:00,59866.0
2016-06-09 23:00:00+02:00,58857.0
2016-06-10 00:00:00+02:00,53994.0
2016-06-10 01:00:00+02:00,51597.0
2016-06-10 02:00:00+02:00,50751.0
2016-06-10 03:00:00+02:00,49891.0
2016-06-10 04:00:00+02:00,49623.0
2016-06-10 05:00:00+02:00,50874.0
2016-06-10 06:00:00+02:00,54554.0
2016-06-10 07:00:00+02:00,58913.0
2016-06-10 08:00:00+02:00,60786.0
2016-06-10 09:00:00+02:00,61516.0
2016-06-10 10:00:00+02:00,62130.0
2016-06-10 11:00:00+02:00,62070.0
2016-06-10 12:00:00+02:00,62671.0
2016-06-10 13:00:00+02:00,62053.0
2016-06-10 14:00:00+02:00,61343.0
2016-06-10 15:00:00+02:00,60315.0
2016-06-10 16:00:00+02:00,59524.0
2016-06-10 17:00:00+02:00,59818.0
2016-06-10 18:00:00+02:00,60698.0
2016-06-10 19:00:00+02:00,60930.0
2016-06-10 20:00:00+02:00,60255.0
2016-06-10 21:00:00+02:00,59221.0
2016-06-10 22:00:00+02:00,59786.0
2016-06-10 23:00:00+02:00,58402.0
2016-06-11 00:00:00+02:00,54102.0
2016-06-11 01:00:00+02:00,50777.0
2016-06-11 02:00:00+02:00,49128.0
2016-06-11 03:00:00+02:00,48353.0
2016-06-11 04:00:00+02:00,48149.0
2016-06-11 05:00:00+02:00,48408.0
2016-06-11 06:00:00+02:00,48513.0
2016-06-11 07:00:00+02:00,49658.0
2016-06-11 08:00:00+02:00,53134.0
2016-06-11 09:00:00+02:00,55264.0
2016-06-11 10:00:00+02:00,56001.0
2016-06-11 11:00:00+02:00,56617.0
2016-06-11 12:00:00+02:00,57327.0
2016-06-11 13:00:00+02:00,56493.0
2016-06-11 14:00:00+02:00,55424.0
2016-06-11 15:00:00+02:00,54572.0
2016-06-11 16:00:00+02:00,54071.0
2016-06-11 17:00:00+02:00,54662.0
2016-06-11 18:00:00+02:00,55528.0
2016-06-11 19:00:00+02:00,55173.0
2016-06-11 20:00:00+02:00,54257.0
2016-06-11 21:00:00+02:00,53904.0
2016-06-11 22:00:00+02:00,54616.0
2016-06-11 23:00:00+02:00,54053.0
2016-06-12 00:00:00+02:00,51425.0
2016-06-12 01:00:00+02:00,49688.0
2016-06-12 02:00:00+02:00,48370.0
2016-06-12 03:00:00+02:00,46931.0
2016-06-12 04:00:00+02:00,45442.0
2016-06-12 05:00:00+02:00,45323.0
2016-06-12 06:00:00+02:00,45073.0
2016-06-12 07:00:00+02:00,46009.0
2016-06-12 08:00:00+02:00,48522.0
2016-06-12 09:00:00+02:00,51676.0
2016-06-12 10:00:00+02:00,53616.0
2016-06-12 11:00:00+02:00,55232.0
2016-06-12 12:00:00+02:00,56347.0
2016-06-12 13:00:00+02:00,55069.0
2016-06-12 14:00:00+02:00,52661.0
2016-06-12 15:00:00+02:00,51617.0
2016-06-12 16:00:00+02:00,50920.0
2016-06-12 17:00:00+02:00,51551.0
2016-06-12 18:00:00+02:00,52492.0
2016-06-12 19:00:00+02:00,53027.0
2016-06-12 20:00:00+02:00,52827.0
2016-06-12 21:00:00+02:00,53054.0
2016-06-12 22:00:00+02:00,55450.0
2016-06-12 23:00:00+02:00,56526.0
2016-06-13 00:00:00+02:00,53670.0
2016-06-13 01:00:00+02:00,50137.0
2016-06-13 02:00:00+02:00,48688.0
2016-06-13 03:00:00+02:00,47687.0
2016-06-13 04:00:00+02:00,47699.0
2016-06-13 05:00:00+02:00,49729.0
2016-06-13 06:00:00+02:00,53955.0
2016-06-13 07:00:00+02:00,58248.0
2016-06-13 08:00:00+02:00,61808.0
2016-06-13 09:00:00+02:00,62709.0
2016-06-13 10:00:00+02:00,63146.0
2016-06-13 11:00:00+02:00,62906.0
2016-06-13 12:00:00+02:00,63139.0
2016-06-13 13:00:00+02:00,62993.0
2016-06-13 14:00:00+02:00,62082.0
2016-06-13 15:00:00+02:00,61672.0
2016-06-13 16:00:00+02:00,60728.0
2016-06-13 17:00:00+02:00,60353.0
2016-06-13 18:00:00+02:00,60209.0
2016-06-13 19:00:00+02:00,59807.0
2016-06-13 20:00:00+02:00,58719.0
2016-06-13 21:00:00+02:00,58014.0
2016-06-13 22:00:00+02:00,60100.0
2016-06-13 23:00:00+02:00,59117.0
2016-06-14 00:00:00+02:00,55783.0
2016-06-14 01:00:00+02:00,53881.0
2016-06-14 02:00:00+02:00,52592.0
2016-06-14 03:00:00+02:00,52009.0
2016-06-14 04:00:00+02:00,51709.0
2016-06-14 05:00:00+02:00,51986.0
2016-06-14 06:00:00+02:00,54473.0
2016-06-14 07:00:00+02:00,59401.0
2016-06-14 08:00:00+02:00,62170.0
2016-06-14 09:00:00+02:00,64520.0
2016-06-14 10:00:00+02:00,66333.0
2016-06-14 11:00:00+02:00,67274.0
2016-06-14 12:00:00+02:00,67423.0
2016-06-14 13:00:00+02:00,67201.0
2016-06-14 14:00:00+02:00,66219.0
2016-06-14 15:00:00+02:00,65087.0
2016-06-14 16:00:00+02:00,64083.0
2016-06-14 17:00:00+02:00,62586.0
2016-06-14 18:00:00+02:00,62050.0
2016-06-14 19:00:00+02:00,61321.0
2016-06-14 20:00:00+02:00,59464.0
2016-06-14 21:00:00+02:00,59688.0
2016-06-14 22:00:00+02:00,60591.0
2016-06-14 23:00:00+02:00,57484.0
2016-06-15 00:00:00+02:00,54271.0
2016-06-15 01:00:00+02:00,51777.0
2016-06-15 02:00:00+02:00,50874.0
2016-06-15 03:00:00+02:00,49976.0
2016-06-15 04:00:00+02:00,49998.0
2016-06-15 05:00:00+02:00,50761.0
2016-06-15 06:00:00+02:00,54099.0
2016-06-15 07:00:00+02:00,58723.0
2016-06-15 08:00:00+02:00,61066.0
2016-06-15 09:00:00+02:00,62132.0
2016-06-15 10:00:00+02:00,62829.0
2016-06-15 11:00:00+02:00,62640.0
2016-06-15 12:00:00+02:00,62614.0
2016-06-15 13:00:00+02:00,62806.0
2016-06-15 14:00:00+02:00,61973.0
2016-06-15 15:00:00+02:00,61093.0
2016-06-15 16:00:00+02:00,60291.0
2016-06-15 17:00:00+02:00,59196.0
2016-06-15 18:00:00+02:00,58966.0
2016-06-15 19:00:00+02:00,58485.0
2016-06-15 20:00:00+02:00,57410.0
2016-06-15 21:00:00+02:00,57039.0
2016-06-15 22:00:00+02:00,57821.0
2016-06-15 23:00:00+02:00,56742.0
2016-06-16 00:00:00+02:00,52483.0
2016-06-16 01:00:00+02:00,50687.0
2016-06-16 02:00:00+02:00,49362.0
2016-06-16 03:00:00+02:00,48603.0
2016-06-16 04:00:00+02:00,48575.0
2016-06-16 05:00:00+02:00,50764.0
2016-06-16 06:00:00+02:00,54508.0
2016-06-16 07:00:00+02:00,59287.0
2016-06-16 08:00:00+02:00,60721.0
2016-06-16 09:00:00+02:00,61389.0
2016-06-16 10:00:00+02:00,61651.0
2016-06-16 11:00:00+02:00,61970.0
2016-06-16 12:00:00+02:00,61988.0
2016-06-16 13:00:00+02:00,61566.0
2016-06-16 14:00:00+02:00,61072.0
2016-06-16 15:00:00+02:00,60749.0
2016-06-16 16:00:00+02:00,60679.0
2016-06-16 17:00:00+02:00,60713.0
2016-06-16 18:00:00+02:00,60788.0
2016-06-16 19:00:00+02:00,60533.0
2016-06-16 20:00:00+02:00,58665.0
2016-06-16 21:00:00+02:00,58259.0
2016-06-16 22:00:00+02:00,58888.0
2016-06-16 23:00:00+02:00,56947.0
2016-06-17 00:00:00+02:00,54543.0
2016-06-17 01:00:00+02:00,52889.0
2016-06-17 02:00:00+02:00,52125.0
2016-06-17 03:00:00+02:00,51365.0
2016-06-17 04:00:00+02:00,51474.0
2016-06-17 05:00:00+02:00,52592.0
2016-06-17 06:00:00+02:00,56020.0
2016-06-17 07:00:00+02:00,59543.0
2016-06-17 08:00:00+02:00,62314.0
2016-06-17 09:00:00+02:00,63481.0
2016-06-17 10:00:00+02:00,63758.0
2016-06-17 11:00:00+02:00,63926.0
2016-06-17 12:00:00+02:00,63266.0
2016-06-17 13:00:00+02:00,62496.0
2016-06-17 14:00:00+02:00,61464.0
2016-06-17 15:00:00+02:00,60458.0
2016-06-17 16:00:00+02:00,59626.0
2016-06-17 17:00:00+02:00,59511.0
2016-06-17 18:00:00+02:00,58991.0
2016-06-17 19:00:00+02:00,58738.0
2016-06-17 20:00:00+02:00,57165.0
2016-06-17 21:00:00+02:00,56653.0
2016-06-17 22:00:00+02:00,57353.0
2016-06-17 23:00:00+02:00,56591.0
2016-06-18 00:00:00+02:00,53609.0
2016-06-18 01:00:00+02:00,51335.0
2016-06-18 02:00:00+02:00,49662.0
2016-06-18 03:00:00+02:00,48097.0
2016-06-18 04:00:00+02:00,47573.0
2016-06-18 05:00:00+02:00,47500.0
2016-06-18 06:00:00+02:00,47797.0
2016-06-18 07:00:00+02:00,48955.0
2016-06-18 08:00:00+02:00,51842.0
2016-06-18 09:00:00+02:00,55124.0
2016-06-18 10:00:00+02:00,55567.0
2016-06-18 11:00:00+02:00,55974.0
2016-06-18 12:00:00+02:00,56057.0
2016-06-18 13:00:00+02:00,55492.0
2016-06-18 14:00:00+02:00,54197.0
2016-06-18 15:00:00+02:00,53710.0
2016-06-18 16:00:00+02:00,52786.0
2016-06-18 17:00:00+02:00,53228.0
2016-06-18 18:00:00+02:00,54644.0
2016-06-18 19:00:00+02:00,54517.0
2016-06-18 20:00:00+02:00,53535.0
2016-06-18 21:00:00+02:00,53005.0
2016-06-18 22:00:00+02:00,54094.0
2016-06-18 23:00:00+02:00,55097.0
2016-06-19 00:00:00+02:00,52559.0
2016-06-19 01:00:00+02:00,49871.0
2016-06-19 02:00:00+02:00,47865.0
2016-06-19 03:00:00+02:00,46562.0
2016-06-19 04:00:00+02:00,45494.0
2016-06-19 05:00:00+02:00,44806.0
2016-06-19 06:00:00+02:00,45982.0
2016-06-19 07:00:00+02:00,46130.0
2016-06-19 08:00:00+02:00,47447.0
2016-06-19 09:00:00+02:00,49967.0
2016-06-19 10:00:00+02:00,51282.0
2016-06-19 11:00:00+02:00,52922.0
2016-06-19 12:00:00+02:00,53872.0
2016-06-19 13:00:00+02:00,52346.0
2016-06-19 14:00:00+02:00,50546.0
2016-06-19 15:00:00+02:00,49861.0
2016-06-19 16:00:00+02:00,49025.0
2016-06-19 17:00:00+02:00,50008.0
2016-06-19 18:00:00+02:00,51972.0
2016-06-19 19:00:00+02:00,53989.0
2016-06-19 20:00:00+02:00,54435.0
2016-06-19 21:00:00+02:00,54309.0
2016-06-19 22:00:00+02:00,56109.0
2016-06-19 23:00:00+02:00,55703.0
2016-06-20 00:00:00+02:00,51952.0
2016-06-20 01:00:00+02:00,50222.0
2016-06-20 02:00:00+02:00,50074.0
2016-06-20 03:00:00+02:00,49418.0
2016-06-20 04:00:00+02:00,49188.0
2016-06-20 05:00:00+02:00,50395.0
2016-06-20 06:00:00+02:00,54237.0
2016-06-20 07:00:00+02:00,57854.0
2016-06-20 08:00:00+02:00,60147.0
2016-06-20 09:00:00+02:00,60921.0
2016-06-20 10:00:00+02:00,61363.0
2016-06-20 11:00:00+02:00,61971.0
2016-06-20 12:00:00+02:00,62283.0
2016-06-20 13:00:00+02:00,62215.0
2016-06-20 14:00:00+02:00,61595.0
2016-06-20 15:00:00+02:00,60272.0
2016-06-20 16:00:00+02:00,59204.0
2016-06-20 17:00:00+02:00,59637.0
2016-06-20 18:00:00+02:00,60320.0
2016-06-20 19:00:00+02:00,59159.0
2016-06-20 20:00:00+02:00,58033.0
2016-06-20 21:00:00+02:00,57151.0
2016-06-20 22:00:00+02:00,57632.0
2016-06-20 23:00:00+02:00,56666.0
2016-06-21 00:00:00+02:00,53626.0
2016-06-21 01:00:00+02:00,52007.0
2016-06-21 02:00:00+02:00,50922.0
2016-06-21 03:00:00+02:00,50572.0
2016-06-21 04:00:00+02:00,50317.0
2016-06-21 05:00:00+02:00,51625.0
2016-06-21 06:00:00+02:00,54420.0
2016-06-21 07:00:00+02:00,58808.0
2016-06-21 08:00:00+02:00,61006.0
2016-06-21 09:00:00+02:00,62500.0
2016-06-21 10:00:00+02:00,63594.0
2016-06-21 11:00:00+02:00,64194.0
2016-06-21 12:00:00+02:00,64074.0
2016-06-21 13:00:00+02:00,63902.0
2016-06-21 14:00:00+02:00,63973.0
2016-06-21 15:00:00+02:00,63154.0
2016-06-21 16:00:00+02:00,62669.0
2016-06-21 17:00:00+02:00,62155.0
2016-06-21 18:00:00+02:00,61995.0
2016-06-21 19:00:00+02:00,61064.0
2016-06-21 20:00:00+02:00,59430.0
2016-06-21 21:00:00+02:00,57473.0
2016-06-21 22:00:00+02:00,57118.0
2016-06-21 23:00:00+02:00,57216.0
2016-06-22 00:00:00+02:00,53916.0
2016-06-22 01:00:00+02:00,52297.0
2016-06-22 02:00:00+02:00,51655.0
2016-06-22 03:00:00+02:00,51272.0
2016-06-22 04:00:00+02:00,51085.0
2016-06-22 05:00:00+02:00,51629.0
2016-06-22 06:00:00+02:00,54320.0
2016-06-22 07:00:00+02:00,59112.0
2016-06-22 08:00:00+02:00,61918.0
2016-06-22 09:00:00+02:00,63537.0
2016-06-22 10:00:00+02:00,64836.0
2016-06-22 11:00:00+02:00,65715.0
2016-06-22 12:00:00+02:00,65680.0
2016-06-22 13:00:00+02:00,65381.0
2016-06-22 14:00:00+02:00,64887.0
2016-06-22 15:00:00+02:00,63935.0
2016-06-22 16:00:00+02:00,63600.0
2016-06-22 17:00:00+02:00,62917.0
2016-06-22 18:00:00+02:00,62860.0
2016-06-22 19:00:00+02:00,62224.0
2016-06-22 20:00:00+02:00,60942.0
2016-06-22 21:00:00+02:00,60220.0
2016-06-22 22:00:00+02:00,60509.0
2016-06-22 23:00:00+02:00,59465.0
2016-06-23 00:00:00+02:00,57599.0
2016-06-23 01:00:00+02:00,55431.0
2016-06-23 02:00:00+02:00,54356.0
2016-06-23 03:00:00+02:00,53846.0
2016-06-23 04:00:00+02:00,53650.0
2016-06-23 05:00:00+02:00,53879.0
2016-06-23 06:00:00+02:00,57535.0
2016-06-23 07:00:00+02:00,61116.0
2016-06-23 08:00:00+02:00,63906.0
2016-06-23 09:00:00+02:00,65055.0
2016-06-23 10:00:00+02:00,65784.0
2016-06-23 11:00:00+02:00,66354.0
2016-06-23 12:00:00+02:00,66834.0
2016-06-23 13:00:00+02:00,66454.0
2016-06-23 14:00:00+02:00,65785.0
2016-06-23 15:00:00+02:00,64881.0
2016-06-23 16:00:00+02:00,63998.0
2016-06-23 17:00:00+02:00,63423.0
2016-06-23 18:00:00+02:00,63359.0
2016-06-23 19:00:00+02:00,62691.0
2016-06-23 20:00:00+02:00,60725.0
2016-06-23 21:00:00+02:00,58933.0
2016-06-23 22:00:00+02:00,59411.0
2016-06-23 23:00:00+02:00,58362.0
2016-06-24 00:00:00+02:00,52993.0
2016-06-24 01:00:00+02:00,50977.0
2016-06-24 02:00:00+02:00,49791.0
2016-06-24 03:00:00+02:00,49359.0
2016-06-24 04:00:00+02:00,48817.0
2016-06-24 05:00:00+02:00,49495.0
2016-06-24 06:00:00+02:00,52946.0
2016-06-24 07:00:00+02:00,55798.0
2016-06-24 08:00:00+02:00,58059.0
2016-06-24 09:00:00+02:00,59698.0
2016-06-24 10:00:00+02:00,61127.0
2016-06-24 11:00:00+02:00,61961.0
2016-06-24 12:00:00+02:00,63014.0
2016-06-24 13:00:00+02:00,62120.0
2016-06-24 14:00:00+02:00,61243.0
2016-06-24 15:00:00+02:00,61021.0
2016-06-24 16:00:00+02:00,60563.0
2016-06-24 17:00:00+02:00,61109.0
2016-06-24 18:00:00+02:00,61114.0
2016-06-24 19:00:00+02:00,60387.0
2016-06-24 20:00:00+02:00,58927.0
2016-06-24 21:00:00+02:00,57947.0
2016-06-24 22:00:00+02:00,58812.0
2016-06-24 23:00:00+02:00,58709.0
2016-06-25 00:00:00+02:00,52898.0
2016-06-25 01:00:00+02:00,51219.0
2016-06-25 02:00:00+02:00,50045.0
2016-06-25 03:00:00+02:00,49486.0
2016-06-25 04:00:00+02:00,48959.0
2016-06-25 05:00:00+02:00,49393.0
2016-06-25 06:00:00+02:00,50460.0
2016-06-25 07:00:00+02:00,52026.0
2016-06-25 08:00:00+02:00,55334.0
2016-06-25 09:00:00+02:00,57729.0
2016-06-25 10:00:00+02:00,58395.0
2016-06-25 11:00:00+02:00,58961.0
2016-06-25 12:00:00+02:00,59693.0
2016-06-25 13:00:00+02:00,59425.0
2016-06-25 14:00:00+02:00,58136.0
2016-06-25 15:00:00+02:00,57193.0
2016-06-25 16:00:00+02:00,56392.0
2016-06-25 17:00:00+02:00,56863.0
2016-06-25 18:00:00+02:00,56871.0
2016-06-25 19:00:00+02:00,56151.0
2016-06-25 20:00:00+02:00,54816.0
2016-06-25 21:00:00+02:00,54461.0
2016-06-25 22:00:00+02:00,55342.0
2016-06-25 23:00:00+02:00,55592.0
2016-06-26 00:00:00+02:00,51267.0
2016-06-26 01:00:00+02:00,48453.0
2016-06-26 02:00:00+02:00,46082.0
2016-06-26 03:00:00+02:00,44353.0
2016-06-26 04:00:00+02:00,43676.0
2016-06-26 05:00:00+02:00,43404.0
2016-06-26 06:00:00+02:00,43093.0
2016-06-26 07:00:00+02:00,43748.0
2016-06-26 08:00:00+02:00,45838.0
2016-06-26 09:00:00+02:00,47971.0
2016-06-26 10:00:00+02:00,49736.0
2016-06-26 11:00:00+02:00,51586.0
2016-06-26 12:00:00+02:00,52469.0
2016-06-26 13:00:00+02:00,51238.0
2016-06-26 14:00:00+02:00,49781.0
2016-06-26 15:00:00+02:00,49511.0
2016-06-26 16:00:00+02:00,49580.0
2016-06-26 17:00:00+02:00,50377.0
2016-06-26 18:00:00+02:00,53315.0
2016-06-26 19:00:00+02:00,53905.0
2016-06-26 20:00:00+02:00,53255.0
2016-06-26 21:00:00+02:00,53465.0
2016-06-26 22:00:00+02:00,54397.0
2016-06-26 23:00:00+02:00,54163.0
2016-06-27 00:00:00+02:00,51590.0
2016-06-27 01:00:00+02:00,50275.0
2016-06-27 02:00:00+02:00,49197.0
2016-06-27 03:00:00+02:00,47846.0
2016-06-27 04:00:00+02:00,48176.0
2016-06-27 05:00:00+02:00,50170.0
2016-06-27 06:00:00+02:00,52579.0
2016-06-27 07:00:00+02:00,55565.0
2016-06-27 08:00:00+02:00,57717.0
2016-06-27 09:00:00+02:00,58849.0
2016-06-27 10:00:00+02:00,59023.0
2016-06-27 11:00:00+02:00,59863.0
2016-06-27 12:00:00+02:00,60061.0
2016-06-27 13:00:00+02:00,59925.0
2016-06-27 14:00:00+02:00,59641.0
2016-06-27 15:00:00+02:00,59347.0
2016-06-27 16:00:00+02:00,58826.0
2016-06-27 17:00:00+02:00,58688.0
2016-06-27 18:00:00+02:00,59030.0
2016-06-27 19:00:00+02:00,58314.0
2016-06-27 20:00:00+02:00,57027.0
2016-06-27 21:00:00+02:00,56159.0
2016-06-27 22:00:00+02:00,56618.0
2016-06-27 23:00:00+02:00,56112.0
2016-06-28 00:00:00+02:00,54735.0
2016-06-28 01:00:00+02:00,52622.0
2016-06-28 02:00:00+02:00,51562.0
2016-06-28 03:00:00+02:00,51162.0
2016-06-28 04:00:00+02:00,50968.0
2016-06-28 05:00:00+02:00,51570.0
2016-06-28 06:00:00+02:00,55514.0
2016-06-28 07:00:00+02:00,58922.0
2016-06-28 08:00:00+02:00,61377.0
2016-06-28 09:00:00+02:00,62899.0
2016-06-28 10:00:00+02:00,63898.0
2016-06-28 11:00:00+02:00,64109.0
2016-06-28 12:00:00+02:00,63834.0
2016-06-28 13:00:00+02:00,63425.0
2016-06-28 14:00:00+02:00,63422.0
2016-06-28 15:00:00+02:00,63272.0
2016-06-28 16:00:00+02:00,62973.0
2016-06-28 17:00:00+02:00,63195.0
2016-06-28 18:00:00+02:00,63065.0
2016-06-28 19:00:00+02:00,62925.0
2016-06-28 20:00:00+02:00,61081.0
2016-06-28 21:00:00+02:00,59625.0
2016-06-28 22:00:00+02:00,59864.0
2016-06-28 23:00:00+02:00,58096.0
2016-06-29 00:00:00+02:00,54134.0
2016-06-29 01:00:00+02:00,52419.0
2016-06-29 02:00:00+02:00,51484.0
2016-06-29 03:00:00+02:00,50159.0
2016-06-29 04:00:00+02:00,50146.0
2016-06-29 05:00:00+02:00,51386.0
2016-06-29 06:00:00+02:00,52825.0
2016-06-29 07:00:00+02:00,56523.0
2016-06-29 08:00:00+02:00,58971.0
2016-06-29 09:00:00+02:00,60151.0
2016-06-29 10:00:00+02:00,61102.0
2016-06-29 11:00:00+02:00,61314.0
2016-06-29 12:00:00+02:00,61841.0
2016-06-29 13:00:00+02:00,61594.0
2016-06-29 14:00:00+02:00,61029.0
2016-06-29 15:00:00+02:00,59989.0
2016-06-29 16:00:00+02:00,59022.0
2016-06-29 17:00:00+02:00,59157.0
2016-06-29 18:00:00+02:00,59414.0
2016-06-29 19:00:00+02:00,59842.0
2016-06-29 20:00:00+02:00,58460.0
2016-06-29 21:00:00+02:00,57668.0
2016-06-29 22:00:00+02:00,58748.0
2016-06-29 23:00:00+02:00,56391.0
2016-06-30 00:00:00+02:00,52868.0
2016-06-30 01:00:00+02:00,50355.0
2016-06-30 02:00:00+02:00,50210.0
2016-06-30 03:00:00+02:00,50253.0
2016-06-30 04:00:00+02:00,49779.0
2016-06-30 05:00:00+02:00,49962.0
2016-06-30 06:00:00+02:00,53096.0
2016-06-30 07:00:00+02:00,57464.0
2016-06-30 08:00:00+02:00,59820.0
2016-06-30 09:00:00+02:00,62139.0
2016-06-30 10:00:00+02:00,63906.0
2016-06-30 11:00:00+02:00,64598.0
2016-06-30 12:00:00+02:00,64335.0
2016-06-30 13:00:00+02:00,64130.0
2016-06-30 14:00:00+02:00,63556.0
2016-06-30 15:00:00+02:00,62703.0
2016-06-30 16:00:00+02:00,62095.0
2016-06-30 17:00:00+02:00,62151.0
2016-06-30 18:00:00+02:00,62367.0
2016-06-30 19:00:00+02:00,61871.0
2016-06-30 20:00:00+02:00,60001.0
2016-06-30 21:00:00+02:00,59904.0
2016-06-30 22:00:00+02:00,59862.0
2016-06-30 23:00:00+02:00,59032.0
2016-07-01 00:00:00+02:00,53725.0
2016-07-01 01:00:00+02:00,52055.0
2016-07-01 02:00:00+02:00,50763.0
2016-07-01 03:00:00+02:00,50487.0
2016-07-01 04:00:00+02:00,51157.0
2016-07-01 05:00:00+02:00,50706.0
2016-07-01 06:00:00+02:00,51961.0
2016-07-01 07:00:00+02:00,54974.0
2016-07-01 08:00:00+02:00,57067.0
2016-07-01 09:00:00+02:00,59455.0
2016-07-01 10:00:00+02:00,60820.0
2016-07-01 11:00:00+02:00,63508.0
2016-07-01 12:00:00+02:00,63663.0
2016-07-01 13:00:00+02:00,63049.0
2016-07-01 14:00:00+02:00,62288.0
2016-07-01 15:00:00+02:00,61154.0
2016-07-01 16:00:00+02:00,59838.0
2016-07-01 17:00:00+02:00,59538.0
2016-07-01 18:00:00+02:00,59657.0
2016-07-01 19:00:00+02:00,59948.0
2016-07-01 20:00:00+02:00,58650.0
2016-07-01 21:00:00+02:00,57513.0
2016-07-01 22:00:00+02:00,57822.0
2016-07-01 23:00:00+02:00,57400.0
2016-07-02 00:00:00+02:00,54314.0
2016-07-02 01:00:00+02:00,52518.0
2016-07-02 02:00:00+02:00,51237.0
2016-07-02 03:00:00+02:00,49661.0
2016-07-02 04:00:00+02:00,48651.0
2016-07-02 05:00:00+02:00,48614.0
2016-07-02 06:00:00+02:00,49223.0
2016-07-02 07:00:00+02:00,50612.0
2016-07-02 08:00:00+02:00,52541.0
2016-07-02 09:00:00+02:00,54801.0
2016-07-02 10:00:00+02:00,56247.0
2016-07-02 11:00:00+02:00,57239.0
2016-07-02 12:00:00+02:00,57597.0
2016-07-02 13:00:00+02:00,56897.0
2016-07-02 14:00:00+02:00,55986.0
2016-07-02 15:00:00+02:00,55687.0
2016-07-02 16:00:00+02:00,55103.0
2016-07-02 17:00:00+02:00,55331.0
2016-07-02 18:00:00+02:00,55317.0
2016-07-02 19:00:00+02:00,55061.0
2016-07-02 20:00:00+02:00,53571.0
2016-07-02 21:00:00+02:00,53352.0
2016-07-02 22:00:00+02:00,54011.0
2016-07-02 23:00:00+02:00,53957.0
2016-07-03 00:00:00+02:00,50431.0
2016-07-03 01:00:00+02:00,48595.0
2016-07-03 02:00:00+02:00,46343.0
2016-07-03 03:00:00+02:00,44377.0
2016-07-03 04:00:00+02:00,44157.0
2016-07-03 05:00:00+02:00,43904.0
2016-07-03 06:00:00+02:00,44186.0
2016-07-03 07:00:00+02:00,45178.0
2016-07-03 08:00:00+02:00,47194.0
2016-07-03 09:00:00+02:00,48689.0
2016-07-03 10:00:00+02:00,49827.0
2016-07-03 11:00:00+02:00,51396.0
2016-07-03 12:00:00+02:00,52257.0
2016-07-03 13:00:00+02:00,50910.0
2016-07-03 14:00:00+02:00,49205.0
2016-07-03 15:00:00+02:00,48544.0
2016-07-03 16:00:00+02:00,48549.0
2016-07-03 17:00:00+02:00,50650.0
2016-07-03 18:00:00+02:00,53394.0
2016-07-03 19:00:00+02:00,53519.0
2016-07-03 20:00:00+02:00,53466.0
2016-07-03 21:00:00+02:00,53421.0
2016-07-03 22:00:00+02:00,54438.0
2016-07-03 23:00:00+02:00,54511.0
2016-07-04 00:00:00+02:00,50265.0
2016-07-04 01:00:00+02:00,49045.0
2016-07-04 02:00:00+02:00,48666.0
2016-07-04 03:00:00+02:00,48457.0
2016-07-04 04:00:00+02:00,47918.0
2016-07-04 05:00:00+02:00,49272.0
2016-07-04 06:00:00+02:00,54016.0
2016-07-04 07:00:00+02:00,57067.0
2016-07-04 08:00:00+02:00,59689.0
2016-07-04 09:00:00+02:00,62472.0
2016-07-04 10:00:00+02:00,63539.0
2016-07-04 11:00:00+02:00,64586.0
2016-07-04 12:00:00+02:00,63576.0
2016-07-04 13:00:00+02:00,63231.0
2016-07-04 14:00:00+02:00,62657.0
2016-07-04 15:00:00+02:00,62057.0
2016-07-04 16:00:00+02:00,61377.0
2016-07-04 17:00:00+02:00,61002.0
2016-07-04 18:00:00+02:00,61419.0
2016-07-04 19:00:00+02:00,60786.0
2016-07-04 20:00:00+02:00,59337.0
2016-07-04 21:00:00+02:00,58657.0
2016-07-04 22:00:00+02:00,59045.0
2016-07-04 23:00:00+02:00,58065.0
2016-07-05 00:00:00+02:00,53948.0
2016-07-05 01:00:00+02:00,52076.0
2016-07-05 02:00:00+02:00,51293.0
2016-07-05 03:00:00+02:00,51023.0
2016-07-05 04:00:00+02:00,50920.0
2016-07-05 05:00:00+02:00,51290.0
2016-07-05 06:00:00+02:00,54552.0
2016-07-05 07:00:00+02:00,58088.0
2016-07-05 08:00:00+02:00,60314.0
2016-07-05 09:00:00+02:00,61867.0
2016-07-05 10:00:00+02:00,63156.0
2016-07-05 11:00:00+02:00,63788.0
2016-07-05 12:00:00+02:00,63902.0
2016-07-05 13:00:00+02:00,63577.0
2016-07-05 14:00:00+02:00,63006.0
2016-07-05 15:00:00+02:00,62044.0
2016-07-05 16:00:00+02:00,61273.0
2016-07-05 17:00:00+02:00,60401.0
2016-07-05 18:00:00+02:00,60240.0
2016-07-05 19:00:00+02:00,59310.0
2016-07-05 20:00:00+02:00,57166.0
2016-07-05 21:00:00+02:00,55528.0
2016-07-05 22:00:00+02:00,57436.0
2016-07-05 23:00:00+02:00,55702.0
2016-07-06 00:00:00+02:00,51594.0
2016-07-06 01:00:00+02:00,49311.0
2016-07-06 02:00:00+02:00,48194.0
2016-07-06 03:00:00+02:00,46903.0
2016-07-06 04:00:00+02:00,47739.0
2016-07-06 05:00:00+02:00,48136.0
2016-07-06 06:00:00+02:00,50219.0
2016-07-06 07:00:00+02:00,53124.0
2016-07-06 08:00:00+02:00,56176.0
2016-07-06 09:00:00+02:00,58482.0
2016-07-06 10:00:00+02:00,59756.0
2016-07-06 11:00:00+02:00,61438.0
2016-07-06 12:00:00+02:00,61973.0
2016-07-06 13:00:00+02:00,61705.0
2016-07-06 14:00:00+02:00,60856.0
2016-07-06 15:00:00+02:00,59945.0
2016-07-06 16:00:00+02:00,59166.0
2016-07-06 17:00:00+02:00,58871.0
2016-07-06 18:00:00+02:00,58526.0
2016-07-06 19:00:00+02:00,58068.0
2016-07-06 20:00:00+02:00,56772.0
2016-07-06 21:00:00+02:00,56156.0
2016-07-06 22:00:00+02:00,57086.0
2016-07-06 23:00:00+02:00,56537.0
2016-07-07 00:00:00+02:00,52032.0
2016-07-07 01:00:00+02:00,50554.0
2016-07-07 02:00:00+02:00,49827.0
2016-07-07 03:00:00+02:00,49223.0
2016-07-07 04:00:00+02:00,48699.0
2016-07-07 05:00:00+02:00,50773.0
2016-07-07 06:00:00+02:00,53587.0
2016-07-07 07:00:00+02:00,56623.0
2016-07-07 08:00:00+02:00,58602.0
2016-07-07 09:00:00+02:00,60696.0
2016-07-07 10:00:00+02:00,61514.0
2016-07-07 11:00:00+02:00,61813.0
2016-07-07 12:00:00+02:00,61738.0
2016-07-07 13:00:00+02:00,61344.0
2016-07-07 14:00:00+02:00,61246.0
2016-07-07 15:00:00+02:00,60836.0
2016-07-07 16:00:00+02:00,60017.0
2016-07-07 17:00:00+02:00,59735.0
2016-07-07 18:00:00+02:00,59550.0
2016-07-07 19:00:00+02:00,58857.0
2016-07-07 20:00:00+02:00,57591.0
2016-07-07 21:00:00+02:00,56668.0
2016-07-07 22:00:00+02:00,56890.0
2016-07-07 23:00:00+02:00,56831.0
2016-07-08 00:00:00+02:00,53293.0
2016-07-08 01:00:00+02:00,51417.0
2016-07-08 02:00:00+02:00,50118.0
2016-07-08 03:00:00+02:00,49923.0
2016-07-08 04:00:00+02:00,49824.0
2016-07-08 05:00:00+02:00,50318.0
2016-07-08 06:00:00+02:00,54385.0
2016-07-08 07:00:00+02:00,56963.0
2016-07-08 08:00:00+02:00,59483.0
2016-07-08 09:00:00+02:00,60905.0
2016-07-08 10:00:00+02:00,61490.0
2016-07-08 11:00:00+02:00,61998.0
2016-07-08 12:00:00+02:00,62147.0
2016-07-08 13:00:00+02:00,60834.0
2016-07-08 14:00:00+02:00,59814.0
2016-07-08 15:00:00+02:00,60209.0
2016-07-08 16:00:00+02:00,59601.0
2016-07-08 17:00:00+02:00,59524.0
2016-07-08 18:00:00+02:00,58895.0
2016-07-08 19:00:00+02:00,57507.0
2016-07-08 20:00:00+02:00,55598.0
2016-07-08 21:00:00+02:00,54826.0
2016-07-08 22:00:00+02:00,56374.0
2016-07-08 23:00:00+02:00,55803.0
2016-07-09 00:00:00+02:00,52239.0
2016-07-09 01:00:00+02:00,50244.0
2016-07-09 02:00:00+02:00,48089.0
2016-07-09 03:00:00+02:00,46493.0
2016-07-09 04:00:00+02:00,46326.0
2016-07-09 05:00:00+02:00,46253.0
2016-07-09 06:00:00+02:00,46260.0
2016-07-09 07:00:00+02:00,46485.0
2016-07-09 08:00:00+02:00,48951.0
2016-07-09 09:00:00+02:00,51249.0
2016-07-09 10:00:00+02:00,54134.0
2016-07-09 11:00:00+02:00,55299.0
2016-07-09 12:00:00+02:00,55932.0
2016-07-09 13:00:00+02:00,55664.0
2016-07-09 14:00:00+02:00,53803.0
2016-07-09 15:00:00+02:00,53270.0
2016-07-09 16:00:00+02:00,52262.0
2016-07-09 17:00:00+02:00,52810.0
2016-07-09 18:00:00+02:00,52556.0
2016-07-09 19:00:00+02:00,53043.0
2016-07-09 20:00:00+02:00,52101.0
2016-07-09 21:00:00+02:00,52020.0
2016-07-09 22:00:00+02:00,53417.0
2016-07-09 23:00:00+02:00,52823.0
2016-07-10 00:00:00+02:00,47387.0
2016-07-10 01:00:00+02:00,46029.0
2016-07-10 02:00:00+02:00,44373.0
2016-07-10 03:00:00+02:00,41952.0
2016-07-10 04:00:00+02:00,40942.0
2016-07-10 05:00:00+02:00,41209.0
2016-07-10 06:00:00+02:00,41357.0
2016-07-10 07:00:00+02:00,42007.0
2016-07-10 08:00:00+02:00,43691.0
2016-07-10 09:00:00+02:00,45389.0
2016-07-10 10:00:00+02:00,47172.0
2016-07-10 11:00:00+02:00,48321.0
2016-07-10 12:00:00+02:00,49828.0
2016-07-10 13:00:00+02:00,49934.0
2016-07-10 14:00:00+02:00,48542.0
2016-07-10 15:00:00+02:00,47667.0
2016-07-10 16:00:00+02:00,47437.0
2016-07-10 17:00:00+02:00,48411.0
2016-07-10 18:00:00+02:00,49850.0
2016-07-10 19:00:00+02:00,50849.0
2016-07-10 20:00:00+02:00,49947.0
2016-07-10 21:00:00+02:00,49898.0
2016-07-10 22:00:00+02:00,51487.0
2016-07-10 23:00:00+02:00,50805.0
2016-07-11 00:00:00+02:00,48341.0
2016-07-11 01:00:00+02:00,46934.0
2016-07-11 02:00:00+02:00,46337.0
2016-07-11 03:00:00+02:00,45778.0
2016-07-11 04:00:00+02:00,46302.0
2016-07-11 05:00:00+02:00,47841.0
2016-07-11 06:00:00+02:00,51366.0
2016-07-11 07:00:00+02:00,53987.0
2016-07-11 08:00:00+02:00,55613.0
2016-07-11 09:00:00+02:00,57563.0
2016-07-11 10:00:00+02:00,58679.0
2016-07-11 11:00:00+02:00,59499.0
2016-07-11 12:00:00+02:00,59605.0
2016-07-11 13:00:00+02:00,59178.0
2016-07-11 14:00:00+02:00,58766.0
2016-07-11 15:00:00+02:00,58034.0
2016-07-11 16:00:00+02:00,57342.0
2016-07-11 17:00:00+02:00,56963.0
2016-07-11 18:00:00+02:00,56584.0
2016-07-11 19:00:00+02:00,56112.0
2016-07-11 20:00:00+02:00,54319.0
2016-07-11 21:00:00+02:00,53675.0
2016-07-11 22:00:00+02:00,55211.0
2016-07-11 23:00:00+02:00,53802.0
2016-07-12 00:00:00+02:00,50490.0
2016-07-12 01:00:00+02:00,49166.0
2016-07-12 02:00:00+02:00,48130.0
2016-07-12 03:00:00+02:00,47301.0
2016-07-12 04:00:00+02:00,47623.0
2016-07-12 05:00:00+02:00,48739.0
2016-07-12 06:00:00+02:00,52017.0
2016-07-12 07:00:00+02:00,54896.0
2016-07-12 08:00:00+02:00,56779.0
2016-07-12 09:00:00+02:00,58784.0
2016-07-12 10:00:00+02:00,60701.0
2016-07-12 11:00:00+02:00,61565.0
2016-07-12 12:00:00+02:00,61518.0
2016-07-12 13:00:00+02:00,61567.0
2016-07-12 14:00:00+02:00,61041.0
2016-07-12 15:00:00+02:00,60674.0
2016-07-12 16:00:00+02:00,60295.0
2016-07-12 17:00:00+02:00,59995.0
2016-07-12 18:00:00+02:00,59221.0
2016-07-12 19:00:00+02:00,58388.0
2016-07-12 20:00:00+02:00,57083.0
2016-07-12 21:00:00+02:00,56104.0
2016-07-12 22:00:00+02:00,56847.0
2016-07-12 23:00:00+02:00,55987.0
2016-07-13 00:00:00+02:00,50158.0
2016-07-13 01:00:00+02:00,48880.0
2016-07-13 02:00:00+02:00,48292.0
2016-07-13 03:00:00+02:00,47454.0
2016-07-13 04:00:00+02:00,47324.0
2016-07-13 05:00:00+02:00,48561.0
2016-07-13 06:00:00+02:00,52274.0
2016-07-13 07:00:00+02:00,55114.0
2016-07-13 08:00:00+02:00,58079.0
2016-07-13 09:00:00+02:00,59997.0
2016-07-13 10:00:00+02:00,61831.0
2016-07-13 11:00:00+02:00,63217.0
2016-07-13 12:00:00+02:00,63728.0
2016-07-13 13:00:00+02:00,63508.0
2016-07-13 14:00:00+02:00,62309.0
2016-07-13 15:00:00+02:00,61229.0
2016-07-13 16:00:00+02:00,60325.0
2016-07-13 17:00:00+02:00,59580.0
2016-07-13 18:00:00+02:00,58833.0
2016-07-13 19:00:00+02:00,57708.0
2016-07-13 20:00:00+02:00,55882.0
2016-07-13 21:00:00+02:00,54598.0
2016-07-13 22:00:00+02:00,55552.0
2016-07-13 23:00:00+02:00,55340.0
2016-07-14 00:00:00+02:00,51423.0
2016-07-14 01:00:00+02:00,49470.0
2016-07-14 02:00:00+02:00,48375.0
2016-07-14 03:00:00+02:00,47223.0
2016-07-14 04:00:00+02:00,47235.0
2016-07-14 05:00:00+02:00,47755.0
2016-07-14 06:00:00+02:00,49793.0
2016-07-14 07:00:00+02:00,51874.0
2016-07-14 08:00:00+02:00,53554.0
2016-07-14 09:00:00+02:00,55076.0
2016-07-14 10:00:00+02:00,56045.0
2016-07-14 11:00:00+02:00,56371.0
2016-07-14 12:00:00+02:00,57041.0
2016-07-14 13:00:00+02:00,57108.0
2016-07-14 14:00:00+02:00,55951.0
2016-07-14 15:00:00+02:00,54939.0
2016-07-14 16:00:00+02:00,54035.0
2016-07-14 17:00:00+02:00,53631.0
2016-07-14 18:00:00+02:00,53571.0
2016-07-14 19:00:00+02:00,52960.0
2016-07-14 20:00:00+02:00,51941.0
2016-07-14 21:00:00+02:00,51441.0
2016-07-14 22:00:00+02:00,52787.0
2016-07-14 23:00:00+02:00,52972.0
2016-07-15 00:00:00+02:00,49348.0
2016-07-15 01:00:00+02:00,47069.0
2016-07-15 02:00:00+02:00,46219.0
2016-07-15 03:00:00+02:00,45105.0
2016-07-15 04:00:00+02:00,44982.0
2016-07-15 05:00:00+02:00,46383.0
2016-07-15 06:00:00+02:00,48760.0
2016-07-15 07:00:00+02:00,50806.0
2016-07-15 08:00:00+02:00,52791.0
2016-07-15 09:00:00+02:00,54664.0
2016-07-15 10:00:00+02:00,55805.0
2016-07-15 11:00:00+02:00,57190.0
2016-07-15 12:00:00+02:00,56823.0
2016-07-15 13:00:00+02:00,56373.0
2016-07-15 14:00:00+02:00,55479.0
2016-07-15 15:00:00+02:00,54764.0
2016-07-15 16:00:00+02:00,54416.0
2016-07-15 17:00:00+02:00,54074.0
2016-07-15 18:00:00+02:00,53828.0
2016-07-15 19:00:00+02:00,52853.0
2016-07-15 20:00:00+02:00,51948.0
2016-07-15 21:00:00+02:00,51895.0
2016-07-15 22:00:00+02:00,52954.0
2016-07-15 23:00:00+02:00,51930.0
2016-07-16 00:00:00+02:00,48147.0
2016-07-16 01:00:00+02:00,45705.0
2016-07-16 02:00:00+02:00,43467.0
2016-07-16 03:00:00+02:00,41618.0
2016-07-16 04:00:00+02:00,40645.0
2016-07-16 05:00:00+02:00,41186.0
2016-07-16 06:00:00+02:00,41469.0
2016-07-16 07:00:00+02:00,43476.0
2016-07-16 08:00:00+02:00,46031.0
2016-07-16 09:00:00+02:00,48320.0
2016-07-16 10:00:00+02:00,49434.0
2016-07-16 11:00:00+02:00,50314.0
2016-07-16 12:00:00+02:00,50146.0
2016-07-16 13:00:00+02:00,49653.0
2016-07-16 14:00:00+02:00,48933.0
2016-07-16 15:00:00+02:00,48056.0
2016-07-16 16:00:00+02:00,47612.0
2016-07-16 17:00:00+02:00,48387.0
2016-07-16 18:00:00+02:00,48608.0
2016-07-16 19:00:00+02:00,48249.0
2016-07-16 20:00:00+02:00,47155.0
2016-07-16 21:00:00+02:00,47068.0
2016-07-16 22:00:00+02:00,48224.0
2016-07-16 23:00:00+02:00,48309.0
2016-07-17 00:00:00+02:00,45274.0
2016-07-17 01:00:00+02:00,43656.0
2016-07-17 02:00:00+02:00,41671.0
2016-07-17 03:00:00+02:00,40219.0
2016-07-17 04:00:00+02:00,40258.0
2016-07-17 05:00:00+02:00,40064.0
2016-07-17 06:00:00+02:00,40041.0
2016-07-17 07:00:00+02:00,40265.0
2016-07-17 08:00:00+02:00,42432.0
2016-07-17 09:00:00+02:00,45333.0
2016-07-17 10:00:00+02:00,46981.0
2016-07-17 11:00:00+02:00,48157.0
2016-07-17 12:00:00+02:00,49250.0
2016-07-17 13:00:00+02:00,48856.0
2016-07-17 14:00:00+02:00,47251.0
2016-07-17 15:00:00+02:00,46177.0
2016-07-17 16:00:00+02:00,46166.0
2016-07-17 17:00:00+02:00,46101.0
2016-07-17 18:00:00+02:00,46751.0
2016-07-17 19:00:00+02:00,47043.0
2016-07-17 20:00:00+02:00,46638.0
2016-07-17 21:00:00+02:00,46963.0
2016-07-17 22:00:00+02:00,48999.0
2016-07-17 23:00:00+02:00,48891.0
2016-07-18 00:00:00+02:00,45108.0
2016-07-18 01:00:00+02:00,43582.0
2016-07-18 02:00:00+02:00,42384.0
2016-07-18 03:00:00+02:00,41370.0
2016-07-18 04:00:00+02:00,41607.0
2016-07-18 05:00:00+02:00,44481.0
2016-07-18 06:00:00+02:00,47480.0
2016-07-18 07:00:00+02:00,50159.0
2016-07-18 08:00:00+02:00,52743.0
2016-07-18 09:00:00+02:00,54981.0
2016-07-18 10:00:00+02:00,56368.0
2016-07-18 11:00:00+02:00,57081.0
2016-07-18 12:00:00+02:00,57422.0
2016-07-18 13:00:00+02:00,57533.0
2016-07-18 14:00:00+02:00,57386.0
2016-07-18 15:00:00+02:00,56510.0
2016-07-18 16:00:00+02:00,56317.0
2016-07-18 17:00:00+02:00,56359.0
2016-07-18 18:00:00+02:00,55857.0
2016-07-18 19:00:00+02:00,54715.0
2016-07-18 20:00:00+02:00,53538.0
2016-07-18 21:00:00+02:00,52915.0
2016-07-18 22:00:00+02:00,53942.0
2016-07-18 23:00:00+02:00,54016.0
2016-07-19 00:00:00+02:00,51919.0
2016-07-19 01:00:00+02:00,50741.0
2016-07-19 02:00:00+02:00,50197.0
2016-07-19 03:00:00+02:00,49633.0
2016-07-19 04:00:00+02:00,49647.0
2016-07-19 05:00:00+02:00,50731.0
2016-07-19 06:00:00+02:00,51732.0
2016-07-19 07:00:00+02:00,53691.0
2016-07-19 08:00:00+02:00,55640.0
2016-07-19 09:00:00+02:00,57771.0
2016-07-19 10:00:00+02:00,58669.0
2016-07-19 11:00:00+02:00,59065.0
2016-07-19 12:00:00+02:00,59822.0
2016-07-19 13:00:00+02:00,59922.0
2016-07-19 14:00:00+02:00,59681.0
2016-07-19 15:00:00+02:00,58970.0
2016-07-19 16:00:00+02:00,58009.0
2016-07-19 17:00:00+02:00,57336.0
2016-07-19 18:00:00+02:00,56454.0
2016-07-19 19:00:00+02:00,55622.0
2016-07-19 20:00:00+02:00,54303.0
2016-07-19 21:00:00+02:00,54116.0
2016-07-19 22:00:00+02:00,55815.0
2016-07-19 23:00:00+02:00,56295.0
2016-07-20 00:00:00+02:00,51630.0
2016-07-20 01:00:00+02:00,49838.0
2016-07-20 02:00:00+02:00,49148.0
2016-07-20 03:00:00+02:00,48231.0
2016-07-20 04:00:00+02:00,48083.0
2016-07-20 05:00:00+02:00,48709.0
2016-07-20 06:00:00+02:00,50913.0
2016-07-20 07:00:00+02:00,53356.0
2016-07-20 08:00:00+02:00,55089.0
2016-07-20 09:00:00+02:00,56945.0
2016-07-20 10:00:00+02:00,57925.0
2016-07-20 11:00:00+02:00,58189.0
2016-07-20 12:00:00+02:00,58816.0
2016-07-20 13:00:00+02:00,58513.0
2016-07-20 14:00:00+02:00,58154.0
2016-07-20 15:00:00+02:00,57742.0
2016-07-20 16:00:00+02:00,57464.0
2016-07-20 17:00:00+02:00,57121.0
2016-07-20 18:00:00+02:00,56749.0
2016-07-20 19:00:00+02:00,56167.0
2016-07-20 20:00:00+02:00,54648.0
2016-07-20 21:00:00+02:00,53773.0
2016-07-20 22:00:00+02:00,55097.0
2016-07-20 23:00:00+02:00,55228.0
2016-07-21 00:00:00+02:00,50788.0
2016-07-21 01:00:00+02:00,49086.0
2016-07-21 02:00:00+02:00,48034.0
2016-07-21 03:00:00+02:00,47309.0
2016-07-21 04:00:00+02:00,47019.0
2016-07-21 05:00:00+02:00,47538.0
2016-07-21 06:00:00+02:00,49690.0
2016-07-21 07:00:00+02:00,51998.0
2016-07-21 08:00:00+02:00,53552.0
2016-07-21 09:00:00+02:00,55255.0
2016-07-21 10:00:00+02:00,56529.0
2016-07-21 11:00:00+02:00,57108.0
2016-07-21 12:00:00+02:00,57898.0
2016-07-21 13:00:00+02:00,58454.0
2016-07-21 14:00:00+02:00,58639.0
2016-07-21 15:00:00+02:00,59003.0
2016-07-21 16:00:00+02:00,58157.0
2016-07-21 17:00:00+02:00,57815.0
2016-07-21 18:00:00+02:00,56854.0
2016-07-21 19:00:00+02:00,55370.0
2016-07-21 20:00:00+02:00,54618.0
2016-07-21 21:00:00+02:00,53938.0
2016-07-21 22:00:00+02:00,55385.0
2016-07-21 23:00:00+02:00,55455.0
2016-07-22 00:00:00+02:00,50896.0
2016-07-22 01:00:00+02:00,49618.0
2016-07-22 02:00:00+02:00,49448.0
2016-07-22 03:00:00+02:00,48679.0
2016-07-22 04:00:00+02:00,48116.0
2016-07-22 05:00:00+02:00,49475.0
2016-07-22 06:00:00+02:00,50881.0
2016-07-22 07:00:00+02:00,54151.0
2016-07-22 08:00:00+02:00,55889.0
2016-07-22 09:00:00+02:00,57711.0
2016-07-22 10:00:00+02:00,58831.0
2016-07-22 11:00:00+02:00,59353.0
2016-07-22 12:00:00+02:00,59878.0
2016-07-22 13:00:00+02:00,59911.0
2016-07-22 14:00:00+02:00,59194.0
2016-07-22 15:00:00+02:00,57817.0
2016-07-22 16:00:00+02:00,57351.0
2016-07-22 17:00:00+02:00,57505.0
2016-07-22 18:00:00+02:00,56421.0
2016-07-22 19:00:00+02:00,55587.0
2016-07-22 20:00:00+02:00,54730.0
2016-07-22 21:00:00+02:00,54460.0
2016-07-22 22:00:00+02:00,55198.0
2016-07-22 23:00:00+02:00,55460.0
2016-07-23 00:00:00+02:00,48999.0
2016-07-23 01:00:00+02:00,46348.0
2016-07-23 02:00:00+02:00,45348.0
2016-07-23 03:00:00+02:00,44316.0
2016-07-23 04:00:00+02:00,43737.0
2016-07-23 05:00:00+02:00,43779.0
2016-07-23 06:00:00+02:00,44121.0
2016-07-23 07:00:00+02:00,45791.0
2016-07-23 08:00:00+02:00,48696.0
2016-07-23 09:00:00+02:00,51280.0
2016-07-23 10:00:00+02:00,53101.0
2016-07-23 11:00:00+02:00,54301.0
2016-07-23 12:00:00+02:00,55450.0
2016-07-23 13:00:00+02:00,55037.0
2016-07-23 14:00:00+02:00,54121.0
2016-07-23 15:00:00+02:00,53290.0
2016-07-23 16:00:00+02:00,52759.0
2016-07-23 17:00:00+02:00,52544.0
2016-07-23 18:00:00+02:00,52559.0
2016-07-23 19:00:00+02:00,51146.0
2016-07-23 20:00:00+02:00,50189.0
2016-07-23 21:00:00+02:00,49871.0
2016-07-23 22:00:00+02:00,51251.0
2016-07-23 23:00:00+02:00,51774.0
2016-07-24 00:00:00+02:00,46821.0
2016-07-24 01:00:00+02:00,44831.0
2016-07-24 02:00:00+02:00,43978.0
2016-07-24 03:00:00+02:00,42964.0
2016-07-24 04:00:00+02:00,42546.0
2016-07-24 05:00:00+02:00,42803.0
2016-07-24 06:00:00+02:00,42761.0
2016-07-24 07:00:00+02:00,43544.0
2016-07-24 08:00:00+02:00,45547.0
2016-07-24 09:00:00+02:00,48293.0
2016-07-24 10:00:00+02:00,49735.0
2016-07-24 11:00:00+02:00,50781.0
2016-07-24 12:00:00+02:00,51797.0
2016-07-24 13:00:00+02:00,51517.0
2016-07-24 14:00:00+02:00,50549.0
2016-07-24 15:00:00+02:00,49948.0
2016-07-24 16:00:00+02:00,49151.0
2016-07-24 17:00:00+02:00,49519.0
2016-07-24 18:00:00+02:00,50284.0
2016-07-24 19:00:00+02:00,50764.0
2016-07-24 20:00:00+02:00,50068.0
2016-07-24 21:00:00+02:00,50204.0
2016-07-24 22:00:00+02:00,51125.0
2016-07-24 23:00:00+02:00,50615.0
2016-07-25 00:00:00+02:00,46631.0
2016-07-25 01:00:00+02:00,45561.0
2016-07-25 02:00:00+02:00,44392.0
2016-07-25 03:00:00+02:00,43785.0
2016-07-25 04:00:00+02:00,43978.0
2016-07-25 05:00:00+02:00,45464.0
2016-07-25 06:00:00+02:00,48928.0
2016-07-25 07:00:00+02:00,52360.0
2016-07-25 08:00:00+02:00,54441.0
2016-07-25 09:00:00+02:00,56929.0
2016-07-25 10:00:00+02:00,57565.0
2016-07-25 11:00:00+02:00,58424.0
2016-07-25 12:00:00+02:00,59146.0
2016-07-25 13:00:00+02:00,59379.0
2016-07-25 14:00:00+02:00,59725.0
2016-07-25 15:00:00+02:00,58713.0
2016-07-25 16:00:00+02:00,58197.0
2016-07-25 17:00:00+02:00,57564.0
2016-07-25 18:00:00+02:00,56950.0
2016-07-25 19:00:00+02:00,55831.0
2016-07-25 20:00:00+02:00,54671.0
2016-07-25 21:00:00+02:00,54146.0
2016-07-25 22:00:00+02:00,55084.0
2016-07-25 23:00:00+02:00,54731.0
2016-07-26 00:00:00+02:00,50635.0
2016-07-26 01:00:00+02:00,47905.0
2016-07-26 02:00:00+02:00,46886.0
2016-07-26 03:00:00+02:00,46105.0
2016-07-26 04:00:00+02:00,45896.0
2016-07-26 05:00:00+02:00,46894.0
2016-07-26 06:00:00+02:00,50576.0
2016-07-26 07:00:00+02:00,53395.0
2016-07-26 08:00:00+02:00,55366.0
2016-07-26 09:00:00+02:00,57080.0
2016-07-26 10:00:00+02:00,58454.0
2016-07-26 11:00:00+02:00,59473.0
2016-07-26 12:00:00+02:00,60417.0
2016-07-26 13:00:00+02:00,60208.0
2016-07-26 14:00:00+02:00,59481.0
2016-07-26 15:00:00+02:00,58586.0
2016-07-26 16:00:00+02:00,57839.0
2016-07-26 17:00:00+02:00,57901.0
2016-07-26 18:00:00+02:00,56997.0
2016-07-26 19:00:00+02:00,55867.0
2016-07-26 20:00:00+02:00,54912.0
2016-07-26 21:00:00+02:00,54527.0
2016-07-26 22:00:00+02:00,54667.0
2016-07-26 23:00:00+02:00,54974.0
2016-07-27 00:00:00+02:00,49668.0
2016-07-27 01:00:00+02:00,47352.0
2016-07-27 02:00:00+02:00,46531.0
2016-07-27 03:00:00+02:00,45486.0
2016-07-27 04:00:00+02:00,45090.0
2016-07-27 05:00:00+02:00,46670.0
2016-07-27 06:00:00+02:00,50504.0
2016-07-27 07:00:00+02:00,52806.0
2016-07-27 08:00:00+02:00,54799.0
2016-07-27 09:00:00+02:00,56838.0
2016-07-27 10:00:00+02:00,58400.0
2016-07-27 11:00:00+02:00,59417.0
2016-07-27 12:00:00+02:00,59781.0
2016-07-27 13:00:00+02:00,59429.0
2016-07-27 14:00:00+02:00,58847.0
2016-07-27 15:00:00+02:00,57893.0
2016-07-27 16:00:00+02:00,57542.0
2016-07-27 17:00:00+02:00,57700.0
2016-07-27 18:00:00+02:00,56651.0
2016-07-27 19:00:00+02:00,55846.0
2016-07-27 20:00:00+02:00,55412.0
2016-07-27 21:00:00+02:00,54564.0
2016-07-27 22:00:00+02:00,54695.0
2016-07-27 23:00:00+02:00,54539.0
2016-07-28 00:00:00+02:00,50544.0
2016-07-28 01:00:00+02:00,48976.0
2016-07-28 02:00:00+02:00,47615.0
2016-07-28 03:00:00+02:00,46381.0
2016-07-28 04:00:00+02:00,46442.0
2016-07-28 05:00:00+02:00,47850.0
2016-07-28 06:00:00+02:00,50949.0
2016-07-28 07:00:00+02:00,53659.0
2016-07-28 08:00:00+02:00,55337.0
2016-07-28 09:00:00+02:00,57039.0
2016-07-28 10:00:00+02:00,58748.0
2016-07-28 11:00:00+02:00,59391.0
2016-07-28 12:00:00+02:00,59671.0
2016-07-28 13:00:00+02:00,59943.0
2016-07-28 14:00:00+02:00,59740.0
2016-07-28 15:00:00+02:00,59085.0
2016-07-28 16:00:00+02:00,58221.0
2016-07-28 17:00:00+02:00,57880.0
2016-07-28 18:00:00+02:00,57041.0
2016-07-28 19:00:00+02:00,56076.0
2016-07-28 20:00:00+02:00,55117.0
2016-07-28 21:00:00+02:00,54235.0
2016-07-28 22:00:00+02:00,54524.0
2016-07-28 23:00:00+02:00,53878.0
2016-07-30 00:00:00+02:00,47437.0
2016-07-30 01:00:00+02:00,45077.0
2016-07-30 02:00:00+02:00,43788.0
2016-07-30 03:00:00+02:00,42287.0
2016-07-30 04:00:00+02:00,41839.0
2016-07-30 05:00:00+02:00,42093.0
2016-07-30 06:00:00+02:00,42410.0
2016-07-30 07:00:00+02:00,44475.0
2016-07-30 08:00:00+02:00,46975.0
2016-07-30 09:00:00+02:00,49653.0
2016-07-30 10:00:00+02:00,51044.0
2016-07-30 11:00:00+02:00,51040.0
2016-07-30 12:00:00+02:00,51104.0
2016-07-30 13:00:00+02:00,49996.0
2016-07-30 14:00:00+02:00,48826.0
2016-07-30 15:00:00+02:00,48317.0
2016-07-30 16:00:00+02:00,47870.0
2016-07-30 17:00:00+02:00,48464.0
2016-07-30 18:00:00+02:00,50078.0
2016-07-30 19:00:00+02:00,49298.0
2016-07-30 20:00:00+02:00,49005.0
2016-07-30 21:00:00+02:00,49051.0
2016-07-30 22:00:00+02:00,49867.0
2016-07-30 23:00:00+02:00,50425.0
2016-07-31 00:00:00+02:00,46786.0
2016-07-31 01:00:00+02:00,44656.0
2016-07-31 02:00:00+02:00,43113.0
2016-07-31 03:00:00+02:00,41277.0
2016-07-31 04:00:00+02:00,40400.0
2016-07-31 05:00:00+02:00,40747.0
2016-07-31 06:00:00+02:00,40671.0
2016-07-31 07:00:00+02:00,41856.0
2016-07-31 08:00:00+02:00,43012.0
2016-07-31 09:00:00+02:00,45172.0
2016-07-31 10:00:00+02:00,47318.0
2016-07-31 11:00:00+02:00,48812.0
2016-07-31 12:00:00+02:00,49303.0
2016-07-31 13:00:00+02:00,48756.0
2016-07-31 14:00:00+02:00,48100.0
2016-07-31 15:00:00+02:00,47598.0
2016-07-31 16:00:00+02:00,47093.0
2016-07-31 17:00:00+02:00,47050.0
2016-07-31 18:00:00+02:00,48290.0
2016-07-31 19:00:00+02:00,48276.0
2016-07-31 20:00:00+02:00,48975.0
2016-07-31 21:00:00+02:00,49316.0
2016-07-31 22:00:00+02:00,50227.0
2016-07-31 23:00:00+02:00,49482.0
2016-08-01 00:00:00+02:00,45597.0
2016-08-01 01:00:00+02:00,43612.0
2016-08-01 02:00:00+02:00,43063.0
2016-08-01 03:00:00+02:00,42922.0
2016-08-01 04:00:00+02:00,42730.0
2016-08-01 05:00:00+02:00,43529.0
2016-08-01 06:00:00+02:00,46366.0
2016-08-01 07:00:00+02:00,48992.0
2016-08-01 08:00:00+02:00,50209.0
2016-08-01 09:00:00+02:00,52320.0
2016-08-01 10:00:00+02:00,53706.0
2016-08-01 11:00:00+02:00,54531.0
2016-08-01 12:00:00+02:00,54616.0
2016-08-01 13:00:00+02:00,54689.0
2016-08-01 14:00:00+02:00,53792.0
2016-08-01 15:00:00+02:00,53106.0
2016-08-01 16:00:00+02:00,53123.0
2016-08-01 17:00:00+02:00,53098.0
2016-08-01 18:00:00+02:00,52812.0
2016-08-01 19:00:00+02:00,52379.0
2016-08-01 20:00:00+02:00,51286.0
2016-08-01 21:00:00+02:00,50822.0
2016-08-01 22:00:00+02:00,51837.0
2016-08-01 23:00:00+02:00,51623.0
2016-08-02 00:00:00+02:00,47447.0
2016-08-02 01:00:00+02:00,45694.0
2016-08-02 02:00:00+02:00,44908.0
2016-08-02 03:00:00+02:00,44374.0
2016-08-02 04:00:00+02:00,44526.0
2016-08-02 05:00:00+02:00,45636.0
2016-08-02 06:00:00+02:00,48821.0
2016-08-02 07:00:00+02:00,52046.0
2016-08-02 08:00:00+02:00,53704.0
2016-08-02 09:00:00+02:00,55637.0
2016-08-02 10:00:00+02:00,56949.0
2016-08-02 11:00:00+02:00,57883.0
2016-08-02 12:00:00+02:00,58327.0
2016-08-02 13:00:00+02:00,58545.0
2016-08-02 14:00:00+02:00,58097.0
2016-08-02 15:00:00+02:00,57524.0
2016-08-02 16:00:00+02:00,56667.0
2016-08-02 17:00:00+02:00,56227.0
2016-08-02 18:00:00+02:00,55735.0
2016-08-02 19:00:00+02:00,54663.0
2016-08-02 20:00:00+02:00,53455.0
2016-08-02 21:00:00+02:00,53254.0
2016-08-02 22:00:00+02:00,53726.0
2016-08-02 23:00:00+02:00,51901.0
2016-08-03 00:00:00+02:00,48346.0
2016-08-03 01:00:00+02:00,47067.0
2016-08-03 02:00:00+02:00,46148.0
2016-08-03 03:00:00+02:00,45134.0
2016-08-03 04:00:00+02:00,44479.0
2016-08-03 05:00:00+02:00,45960.0
2016-08-03 06:00:00+02:00,48419.0
2016-08-03 07:00:00+02:00,50931.0
2016-08-03 08:00:00+02:00,52530.0
2016-08-03 09:00:00+02:00,54589.0
2016-08-03 10:00:00+02:00,55921.0
2016-08-03 11:00:00+02:00,56644.0
2016-08-03 12:00:00+02:00,56746.0
2016-08-03 13:00:00+02:00,56688.0
2016-08-03 14:00:00+02:00,55988.0
2016-08-03 15:00:00+02:00,55085.0
2016-08-03 16:00:00+02:00,54176.0
2016-08-03 17:00:00+02:00,53643.0
2016-08-03 18:00:00+02:00,53085.0
2016-08-03 19:00:00+02:00,51973.0
2016-08-03 20:00:00+02:00,50565.0
2016-08-03 21:00:00+02:00,50181.0
2016-08-03 22:00:00+02:00,51005.0
2016-08-03 23:00:00+02:00,50333.0
2016-08-04 00:00:00+02:00,45719.0
2016-08-04 01:00:00+02:00,44190.0
2016-08-04 02:00:00+02:00,43525.0
2016-08-04 03:00:00+02:00,42774.0
2016-08-04 04:00:00+02:00,42782.0
2016-08-04 05:00:00+02:00,43618.0
2016-08-04 06:00:00+02:00,44830.0
2016-08-04 07:00:00+02:00,47125.0
2016-08-04 08:00:00+02:00,49092.0
2016-08-04 09:00:00+02:00,51040.0
2016-08-04 10:00:00+02:00,52338.0
2016-08-04 11:00:00+02:00,53099.0
2016-08-04 12:00:00+02:00,53663.0
2016-08-04 13:00:00+02:00,53475.0
2016-08-04 14:00:00+02:00,52908.0
2016-08-04 15:00:00+02:00,51941.0
2016-08-04 16:00:00+02:00,51387.0
2016-08-04 17:00:00+02:00,51598.0
2016-08-04 18:00:00+02:00,52185.0
2016-08-04 19:00:00+02:00,52022.0
2016-08-04 20:00:00+02:00,51580.0
2016-08-04 21:00:00+02:00,51408.0
2016-08-04 22:00:00+02:00,52147.0
2016-08-04 23:00:00+02:00,51073.0
2016-08-05 00:00:00+02:00,47940.0
2016-08-05 01:00:00+02:00,45847.0
2016-08-05 02:00:00+02:00,45400.0
2016-08-05 03:00:00+02:00,44817.0
2016-08-05 04:00:00+02:00,44321.0
2016-08-05 05:00:00+02:00,45651.0
2016-08-05 06:00:00+02:00,48354.0
2016-08-05 07:00:00+02:00,51082.0
2016-08-05 08:00:00+02:00,53291.0
2016-08-05 09:00:00+02:00,55244.0
2016-08-05 10:00:00+02:00,56610.0
2016-08-05 11:00:00+02:00,57200.0
2016-08-05 12:00:00+02:00,57180.0
2016-08-05 13:00:00+02:00,56930.0
2016-08-05 14:00:00+02:00,56203.0
2016-08-05 15:00:00+02:00,55126.0
2016-08-05 16:00:00+02:00,54369.0
2016-08-05 17:00:00+02:00,53959.0
2016-08-05 18:00:00+02:00,53542.0
2016-08-05 19:00:00+02:00,52481.0
2016-08-05 20:00:00+02:00,51495.0
2016-08-05 21:00:00+02:00,51540.0
2016-08-05 22:00:00+02:00,52064.0
2016-08-05 23:00:00+02:00,51638.0
2016-08-06 00:00:00+02:00,46838.0
2016-08-06 01:00:00+02:00,44809.0
2016-08-06 02:00:00+02:00,43375.0
2016-08-06 03:00:00+02:00,41701.0
2016-08-06 04:00:00+02:00,40870.0
2016-08-06 05:00:00+02:00,40754.0
2016-08-06 06:00:00+02:00,40968.0
2016-08-06 07:00:00+02:00,42740.0
2016-08-06 08:00:00+02:00,45588.0
2016-08-06 09:00:00+02:00,47813.0
2016-08-06 10:00:00+02:00,48124.0
2016-08-06 11:00:00+02:00,48626.0
2016-08-06 12:00:00+02:00,49059.0
2016-08-06 13:00:00+02:00,48652.0
2016-08-06 14:00:00+02:00,47570.0
2016-08-06 15:00:00+02:00,46882.0
2016-08-06 16:00:00+02:00,46467.0
2016-08-06 17:00:00+02:00,45722.0
2016-08-06 18:00:00+02:00,47526.0
2016-08-06 19:00:00+02:00,47135.0
2016-08-06 20:00:00+02:00,46416.0
2016-08-06 21:00:00+02:00,46480.0
2016-08-06 22:00:00+02:00,47364.0
2016-08-06 23:00:00+02:00,47085.0
2016-08-07 00:00:00+02:00,44295.0
2016-08-07 01:00:00+02:00,42742.0
2016-08-07 02:00:00+02:00,41601.0
2016-08-07 03:00:00+02:00,39805.0
2016-08-07 04:00:00+02:00,39031.0
2016-08-07 05:00:00+02:00,38998.0
2016-08-07 06:00:00+02:00,38628.0
2016-08-07 07:00:00+02:00,39271.0
2016-08-07 08:00:00+02:00,40651.0
2016-08-07 09:00:00+02:00,42218.0
2016-08-07 10:00:00+02:00,43107.0
2016-08-07 11:00:00+02:00,43995.0
2016-08-07 12:00:00+02:00,44562.0
2016-08-07 13:00:00+02:00,43561.0
2016-08-07 14:00:00+02:00,41422.0
2016-08-07 15:00:00+02:00,41315.0
2016-08-07 16:00:00+02:00,42468.0
2016-08-07 17:00:00+02:00,43915.0
2016-08-07 18:00:00+02:00,46032.0
2016-08-07 19:00:00+02:00,46980.0
2016-08-07 20:00:00+02:00,47424.0
2016-08-07 21:00:00+02:00,48223.0
2016-08-07 22:00:00+02:00,48282.0
2016-08-07 23:00:00+02:00,46434.0
2016-08-08 00:00:00+02:00,42867.0
2016-08-08 01:00:00+02:00,40780.0
2016-08-08 02:00:00+02:00,39902.0
2016-08-08 03:00:00+02:00,38640.0
2016-08-08 04:00:00+02:00,38453.0
2016-08-08 05:00:00+02:00,39148.0
2016-08-08 06:00:00+02:00,43092.0
2016-08-08 07:00:00+02:00,45429.0
2016-08-08 08:00:00+02:00,48452.0
2016-08-08 09:00:00+02:00,50323.0
2016-08-08 10:00:00+02:00,52388.0
2016-08-08 11:00:00+02:00,53919.0
2016-08-08 12:00:00+02:00,54771.0
2016-08-08 13:00:00+02:00,54063.0
2016-08-08 14:00:00+02:00,53426.0
2016-08-08 15:00:00+02:00,52685.0
2016-08-08 16:00:00+02:00,51471.0
2016-08-08 17:00:00+02:00,52080.0
2016-08-08 18:00:00+02:00,51678.0
2016-08-08 19:00:00+02:00,51645.0
2016-08-08 20:00:00+02:00,50894.0
2016-08-08 21:00:00+02:00,51064.0
2016-08-08 22:00:00+02:00,51764.0
2016-08-08 23:00:00+02:00,49797.0
2016-08-09 00:00:00+02:00,47723.0
2016-08-09 01:00:00+02:00,44555.0
2016-08-09 02:00:00+02:00,43824.0
2016-08-09 03:00:00+02:00,43272.0
2016-08-09 04:00:00+02:00,43290.0
2016-08-09 05:00:00+02:00,44248.0
2016-08-09 06:00:00+02:00,47014.0
2016-08-09 07:00:00+02:00,49339.0
2016-08-09 08:00:00+02:00,50917.0
2016-08-09 09:00:00+02:00,52879.0
2016-08-09 10:00:00+02:00,53858.0
2016-08-09 11:00:00+02:00,54234.0
2016-08-09 12:00:00+02:00,55252.0
2016-08-09 13:00:00+02:00,55727.0
2016-08-09 14:00:00+02:00,54754.0
2016-08-09 15:00:00+02:00,54162.0
2016-08-09 16:00:00+02:00,53511.0
2016-08-09 17:00:00+02:00,53542.0
2016-08-09 18:00:00+02:00,53295.0
2016-08-09 19:00:00+02:00,52649.0
2016-08-09 20:00:00+02:00,51931.0
2016-08-09 21:00:00+02:00,51663.0
2016-08-09 22:00:00+02:00,52043.0
2016-08-09 23:00:00+02:00,50908.0
2016-08-10 00:00:00+02:00,48593.0
2016-08-10 01:00:00+02:00,46338.0
2016-08-10 02:00:00+02:00,45684.0
2016-08-10 03:00:00+02:00,45104.0
2016-08-10 04:00:00+02:00,45124.0
2016-08-10 05:00:00+02:00,46059.0
2016-08-10 06:00:00+02:00,48383.0
2016-08-10 07:00:00+02:00,51041.0
2016-08-10 08:00:00+02:00,52605.0
2016-08-10 09:00:00+02:00,54123.0
2016-08-10 10:00:00+02:00,55164.0
2016-08-10 11:00:00+02:00,55640.0
2016-08-10 12:00:00+02:00,56219.0
2016-08-10 13:00:00+02:00,56012.0
2016-08-10 14:00:00+02:00,55356.0
2016-08-10 15:00:00+02:00,54465.0
2016-08-10 16:00:00+02:00,53875.0
2016-08-10 17:00:00+02:00,54819.0
2016-08-10 18:00:00+02:00,55218.0
2016-08-10 19:00:00+02:00,54493.0
2016-08-10 20:00:00+02:00,53763.0
2016-08-10 21:00:00+02:00,53278.0
2016-08-10 22:00:00+02:00,53036.0
2016-08-10 23:00:00+02:00,52118.0
2016-08-11 00:00:00+02:00,48247.0
2016-08-11 01:00:00+02:00,45601.0
2016-08-11 02:00:00+02:00,45152.0
2016-08-11 03:00:00+02:00,44817.0
2016-08-11 04:00:00+02:00,44705.0
2016-08-11 05:00:00+02:00,45400.0
2016-08-11 06:00:00+02:00,48216.0
2016-08-11 07:00:00+02:00,50713.0
2016-08-11 08:00:00+02:00,52771.0
2016-08-11 09:00:00+02:00,54049.0
2016-08-11 10:00:00+02:00,54788.0
2016-08-11 11:00:00+02:00,55382.0
2016-08-11 12:00:00+02:00,55388.0
2016-08-11 13:00:00+02:00,54535.0
2016-08-11 14:00:00+02:00,54195.0
2016-08-11 15:00:00+02:00,53772.0
2016-08-11 16:00:00+02:00,53688.0
2016-08-11 17:00:00+02:00,54540.0
2016-08-11 18:00:00+02:00,54882.0
2016-08-11 19:00:00+02:00,54504.0
2016-08-11 20:00:00+02:00,53316.0
2016-08-11 21:00:00+02:00,52674.0
2016-08-11 22:00:00+02:00,52543.0
2016-08-11 23:00:00+02:00,50505.0
2016-08-12 00:00:00+02:00,47986.0
2016-08-12 01:00:00+02:00,45741.0
2016-08-12 02:00:00+02:00,44886.0
2016-08-12 03:00:00+02:00,44055.0
2016-08-12 04:00:00+02:00,44052.0
2016-08-12 05:00:00+02:00,44925.0
2016-08-12 06:00:00+02:00,47865.0
2016-08-12 07:00:00+02:00,49911.0
2016-08-12 08:00:00+02:00,52703.0
2016-08-12 09:00:00+02:00,55800.0
2016-08-12 10:00:00+02:00,56629.0
2016-08-12 11:00:00+02:00,57317.0
2016-08-12 12:00:00+02:00,57494.0
2016-08-12 13:00:00+02:00,56632.0
2016-08-12 14:00:00+02:00,55576.0
2016-08-12 15:00:00+02:00,54712.0
2016-08-12 16:00:00+02:00,54064.0
2016-08-12 17:00:00+02:00,54010.0
2016-08-12 18:00:00+02:00,54133.0
2016-08-12 19:00:00+02:00,52959.0
2016-08-12 20:00:00+02:00,51297.0
2016-08-12 21:00:00+02:00,50405.0
2016-08-12 22:00:00+02:00,50286.0
2016-08-12 23:00:00+02:00,48674.0
2016-08-13 00:00:00+02:00,43500.0
2016-08-13 01:00:00+02:00,41654.0
2016-08-13 02:00:00+02:00,40564.0
2016-08-13 03:00:00+02:00,39080.0
2016-08-13 04:00:00+02:00,38333.0
2016-08-13 05:00:00+02:00,38493.0
2016-08-13 06:00:00+02:00,38750.0
2016-08-13 07:00:00+02:00,40697.0
2016-08-13 08:00:00+02:00,42584.0
2016-08-13 09:00:00+02:00,44567.0
2016-08-13 10:00:00+02:00,44235.0
2016-08-13 11:00:00+02:00,44165.0
2016-08-13 12:00:00+02:00,44720.0
2016-08-13 13:00:00+02:00,44748.0
2016-08-13 14:00:00+02:00,43312.0
2016-08-13 15:00:00+02:00,42884.0
2016-08-13 16:00:00+02:00,42274.0
2016-08-13 17:00:00+02:00,43164.0
2016-08-13 18:00:00+02:00,44064.0
2016-08-13 19:00:00+02:00,44422.0
2016-08-13 20:00:00+02:00,44220.0
2016-08-13 21:00:00+02:00,44739.0
2016-08-13 22:00:00+02:00,46091.0
2016-08-13 23:00:00+02:00,46266.0
2016-08-14 00:00:00+02:00,43791.0
2016-08-14 01:00:00+02:00,41207.0
2016-08-14 02:00:00+02:00,40059.0
2016-08-14 03:00:00+02:00,38685.0
2016-08-14 04:00:00+02:00,38784.0
2016-08-14 05:00:00+02:00,38433.0
2016-08-14 06:00:00+02:00,38545.0
2016-08-14 07:00:00+02:00,38970.0
2016-08-14 08:00:00+02:00,39909.0
2016-08-14 09:00:00+02:00,41946.0
2016-08-14 10:00:00+02:00,44017.0
2016-08-14 11:00:00+02:00,45115.0
2016-08-14 12:00:00+02:00,46030.0
2016-08-14 13:00:00+02:00,45294.0
2016-08-14 14:00:00+02:00,44253.0
2016-08-14 15:00:00+02:00,43689.0
2016-08-14 16:00:00+02:00,43504.0
2016-08-14 17:00:00+02:00,44124.0
2016-08-14 18:00:00+02:00,45677.0
2016-08-14 19:00:00+02:00,45494.0
2016-08-14 20:00:00+02:00,45904.0
2016-08-14 21:00:00+02:00,46450.0
2016-08-14 22:00:00+02:00,48178.0
2016-08-14 23:00:00+02:00,47094.0
2016-08-15 00:00:00+02:00,44881.0
2016-08-15 01:00:00+02:00,43390.0
2016-08-15 02:00:00+02:00,42922.0
2016-08-15 03:00:00+02:00,41814.0
2016-08-15 04:00:00+02:00,41584.0
2016-08-15 05:00:00+02:00,42768.0
2016-08-15 06:00:00+02:00,44375.0
2016-08-15 07:00:00+02:00,45442.0
2016-08-15 08:00:00+02:00,46793.0
2016-08-15 09:00:00+02:00,48932.0
2016-08-15 10:00:00+02:00,50094.0
2016-08-15 11:00:00+02:00,49979.0
2016-08-15 12:00:00+02:00,50054.0
2016-08-15 13:00:00+02:00,50112.0
2016-08-15 14:00:00+02:00,49503.0
2016-08-15 15:00:00+02:00,49279.0
2016-08-15 16:00:00+02:00,48652.0
2016-08-15 17:00:00+02:00,49754.0
2016-08-15 18:00:00+02:00,50028.0
2016-08-15 19:00:00+02:00,50020.0
2016-08-15 20:00:00+02:00,49511.0
2016-08-15 21:00:00+02:00,49578.0
2016-08-15 22:00:00+02:00,50243.0
2016-08-15 23:00:00+02:00,49354.0
2016-08-16 00:00:00+02:00,45826.0
2016-08-16 01:00:00+02:00,44115.0
2016-08-16 02:00:00+02:00,43321.0
2016-08-16 03:00:00+02:00,42349.0
2016-08-16 04:00:00+02:00,41892.0
2016-08-16 05:00:00+02:00,43452.0
2016-08-16 06:00:00+02:00,46912.0
2016-08-16 07:00:00+02:00,48887.0
2016-08-16 08:00:00+02:00,50498.0
2016-08-16 09:00:00+02:00,51371.0
2016-08-16 10:00:00+02:00,51967.0
2016-08-16 11:00:00+02:00,53020.0
2016-08-16 12:00:00+02:00,53375.0
2016-08-16 13:00:00+02:00,53349.0
2016-08-16 14:00:00+02:00,52641.0
2016-08-16 15:00:00+02:00,52110.0
2016-08-16 16:00:00+02:00,51579.0
2016-08-16 17:00:00+02:00,51621.0
2016-08-16 18:00:00+02:00,50995.0
2016-08-16 19:00:00+02:00,50670.0
2016-08-16 20:00:00+02:00,50483.0
2016-08-16 21:00:00+02:00,50207.0
2016-08-16 22:00:00+02:00,50562.0
2016-08-16 23:00:00+02:00,49205.0
2016-08-17 00:00:00+02:00,46963.0
2016-08-17 01:00:00+02:00,44702.0
2016-08-17 02:00:00+02:00,44016.0
2016-08-17 03:00:00+02:00,43254.0
2016-08-17 04:00:00+02:00,43008.0
2016-08-17 05:00:00+02:00,44004.0
2016-08-17 06:00:00+02:00,46979.0
2016-08-17 07:00:00+02:00,48623.0
2016-08-17 08:00:00+02:00,49967.0
2016-08-17 09:00:00+02:00,51198.0
2016-08-17 10:00:00+02:00,51969.0
2016-08-17 11:00:00+02:00,52549.0
2016-08-17 12:00:00+02:00,53215.0
2016-08-17 13:00:00+02:00,53084.0
2016-08-17 14:00:00+02:00,52924.0
2016-08-17 15:00:00+02:00,52653.0
2016-08-17 16:00:00+02:00,51928.0
2016-08-17 17:00:00+02:00,52233.0
2016-08-17 18:00:00+02:00,51857.0
2016-08-17 19:00:00+02:00,51282.0
2016-08-17 20:00:00+02:00,50851.0
2016-08-17 21:00:00+02:00,50747.0
2016-08-17 22:00:00+02:00,51680.0
2016-08-17 23:00:00+02:00,51071.0
2016-08-18 00:00:00+02:00,46251.0
2016-08-18 01:00:00+02:00,43959.0
2016-08-18 02:00:00+02:00,42675.0
2016-08-18 03:00:00+02:00,42789.0
2016-08-18 04:00:00+02:00,42959.0
2016-08-18 05:00:00+02:00,43942.0
2016-08-18 06:00:00+02:00,46281.0
2016-08-18 07:00:00+02:00,48276.0
2016-08-18 08:00:00+02:00,49705.0
2016-08-18 09:00:00+02:00,50795.0
2016-08-18 10:00:00+02:00,51890.0
2016-08-18 11:00:00+02:00,52631.0
2016-08-18 12:00:00+02:00,53667.0
2016-08-18 13:00:00+02:00,52906.0
2016-08-18 14:00:00+02:00,52470.0
2016-08-18 15:00:00+02:00,51991.0
2016-08-18 16:00:00+02:00,52077.0
2016-08-18 17:00:00+02:00,51810.0
2016-08-18 18:00:00+02:00,52237.0
2016-08-18 19:00:00+02:00,51645.0
2016-08-18 20:00:00+02:00,50972.0
2016-08-18 21:00:00+02:00,50239.0
2016-08-18 22:00:00+02:00,49849.0
2016-08-18 23:00:00+02:00,49934.0
2016-08-19 00:00:00+02:00,47248.0
2016-08-19 01:00:00+02:00,44544.0
2016-08-19 02:00:00+02:00,42888.0
2016-08-19 03:00:00+02:00,41905.0
2016-08-19 04:00:00+02:00,41423.0
2016-08-19 05:00:00+02:00,43646.0
2016-08-19 06:00:00+02:00,46858.0
2016-08-19 07:00:00+02:00,47335.0
2016-08-19 08:00:00+02:00,48715.0
2016-08-19 09:00:00+02:00,50691.0
2016-08-19 10:00:00+02:00,51765.0
2016-08-19 11:00:00+02:00,52224.0
2016-08-19 12:00:00+02:00,52841.0
2016-08-19 13:00:00+02:00,52392.0
2016-08-19 14:00:00+02:00,52008.0
2016-08-19 15:00:00+02:00,51398.0
2016-08-19 16:00:00+02:00,50805.0
2016-08-19 17:00:00+02:00,51502.0
2016-08-19 18:00:00+02:00,51609.0
2016-08-19 19:00:00+02:00,51297.0
2016-08-19 20:00:00+02:00,49960.0
2016-08-19 21:00:00+02:00,49244.0
2016-08-19 22:00:00+02:00,50344.0
2016-08-19 23:00:00+02:00,50799.0
2016-08-20 00:00:00+02:00,46440.0
2016-08-20 01:00:00+02:00,43027.0
2016-08-20 02:00:00+02:00,41598.0
2016-08-20 03:00:00+02:00,40780.0
2016-08-20 04:00:00+02:00,40509.0
2016-08-20 05:00:00+02:00,40707.0
2016-08-20 06:00:00+02:00,41264.0
2016-08-20 07:00:00+02:00,42868.0
2016-08-20 08:00:00+02:00,45064.0
2016-08-20 09:00:00+02:00,47092.0
2016-08-20 10:00:00+02:00,47911.0
2016-08-20 11:00:00+02:00,48120.0
2016-08-20 12:00:00+02:00,48950.0
2016-08-20 13:00:00+02:00,48087.0
2016-08-20 14:00:00+02:00,47472.0
2016-08-20 15:00:00+02:00,47759.0
2016-08-20 16:00:00+02:00,48145.0
2016-08-20 17:00:00+02:00,50012.0
2016-08-20 18:00:00+02:00,50022.0
2016-08-20 19:00:00+02:00,49294.0
2016-08-20 20:00:00+02:00,48777.0
2016-08-20 21:00:00+02:00,48981.0
2016-08-20 22:00:00+02:00,49366.0
2016-08-20 23:00:00+02:00,47895.0
2016-08-21 00:00:00+02:00,45069.0
2016-08-21 01:00:00+02:00,43674.0
2016-08-21 02:00:00+02:00,42944.0
2016-08-21 03:00:00+02:00,40693.0
2016-08-21 04:00:00+02:00,40219.0
2016-08-21 05:00:00+02:00,39965.0
2016-08-21 06:00:00+02:00,39573.0
2016-08-21 07:00:00+02:00,39638.0
2016-08-21 08:00:00+02:00,41688.0
2016-08-21 09:00:00+02:00,43713.0
2016-08-21 10:00:00+02:00,45152.0
2016-08-21 11:00:00+02:00,46715.0
2016-08-21 12:00:00+02:00,46642.0
2016-08-21 13:00:00+02:00,45227.0
2016-08-21 14:00:00+02:00,44608.0
2016-08-21 15:00:00+02:00,43703.0
2016-08-21 16:00:00+02:00,42214.0
2016-08-21 17:00:00+02:00,44261.0
2016-08-21 18:00:00+02:00,46885.0
2016-08-21 19:00:00+02:00,47675.0
2016-08-21 20:00:00+02:00,47230.0
2016-08-21 21:00:00+02:00,47172.0
2016-08-21 22:00:00+02:00,47471.0
2016-08-21 23:00:00+02:00,46723.0
2016-08-22 00:00:00+02:00,43041.0
2016-08-22 01:00:00+02:00,41665.0
2016-08-22 02:00:00+02:00,40450.0
2016-08-22 03:00:00+02:00,40532.0
2016-08-22 04:00:00+02:00,40585.0
2016-08-22 05:00:00+02:00,41659.0
2016-08-22 06:00:00+02:00,45193.0
2016-08-22 07:00:00+02:00,48862.0
2016-08-22 08:00:00+02:00,50431.0
2016-08-22 09:00:00+02:00,51842.0
2016-08-22 10:00:00+02:00,53193.0
2016-08-22 11:00:00+02:00,54441.0
2016-08-22 12:00:00+02:00,54732.0
2016-08-22 13:00:00+02:00,54197.0
2016-08-22 14:00:00+02:00,54237.0
2016-08-22 15:00:00+02:00,54058.0
2016-08-22 16:00:00+02:00,53793.0
2016-08-22 17:00:00+02:00,53017.0
2016-08-22 18:00:00+02:00,52404.0
2016-08-22 19:00:00+02:00,51517.0
2016-08-22 20:00:00+02:00,51029.0
2016-08-22 21:00:00+02:00,50843.0
2016-08-22 22:00:00+02:00,51328.0
2016-08-22 23:00:00+02:00,50787.0
2016-08-23 00:00:00+02:00,47206.0
2016-08-23 01:00:00+02:00,45181.0
2016-08-23 02:00:00+02:00,44210.0
2016-08-23 03:00:00+02:00,43961.0
2016-08-23 04:00:00+02:00,43865.0
2016-08-23 05:00:00+02:00,45216.0
2016-08-23 06:00:00+02:00,48582.0
2016-08-23 07:00:00+02:00,50993.0
2016-08-23 08:00:00+02:00,53255.0
2016-08-23 09:00:00+02:00,54780.0
2016-08-23 10:00:00+02:00,56239.0
2016-08-23 11:00:00+02:00,56944.0
2016-08-23 12:00:00+02:00,57630.0
2016-08-23 13:00:00+02:00,57678.0
2016-08-23 14:00:00+02:00,56968.0
2016-08-23 15:00:00+02:00,56448.0
2016-08-23 16:00:00+02:00,55949.0
2016-08-23 17:00:00+02:00,54944.0
2016-08-23 18:00:00+02:00,54804.0
2016-08-23 19:00:00+02:00,54485.0
2016-08-23 20:00:00+02:00,54428.0
2016-08-23 21:00:00+02:00,53516.0
2016-08-23 22:00:00+02:00,53727.0
2016-08-23 23:00:00+02:00,52461.0
2016-08-24 00:00:00+02:00,49768.0
2016-08-24 01:00:00+02:00,47312.0
2016-08-24 02:00:00+02:00,46357.0
2016-08-24 03:00:00+02:00,45017.0
2016-08-24 04:00:00+02:00,45418.0
2016-08-24 05:00:00+02:00,46397.0
2016-08-24 06:00:00+02:00,49527.0
2016-08-24 07:00:00+02:00,52264.0
2016-08-24 08:00:00+02:00,53625.0
2016-08-24 09:00:00+02:00,55538.0
2016-08-24 10:00:00+02:00,56474.0
2016-08-24 11:00:00+02:00,57190.0
2016-08-24 12:00:00+02:00,57700.0
2016-08-24 13:00:00+02:00,57738.0
2016-08-24 14:00:00+02:00,57194.0
2016-08-24 15:00:00+02:00,56347.0
2016-08-24 16:00:00+02:00,55960.0
2016-08-24 17:00:00+02:00,55685.0
2016-08-24 18:00:00+02:00,54824.0
2016-08-24 19:00:00+02:00,53902.0
2016-08-24 20:00:00+02:00,53606.0
2016-08-24 21:00:00+02:00,53467.0
2016-08-24 22:00:00+02:00,53756.0
2016-08-24 23:00:00+02:00,52925.0
2016-08-25 00:00:00+02:00,50217.0
2016-08-25 01:00:00+02:00,47720.0
2016-08-25 02:00:00+02:00,46476.0
2016-08-25 03:00:00+02:00,44768.0
2016-08-25 04:00:00+02:00,45540.0
2016-08-25 05:00:00+02:00,46621.0
2016-08-25 06:00:00+02:00,49461.0
2016-08-25 07:00:00+02:00,52029.0
2016-08-25 08:00:00+02:00,53921.0
2016-08-25 09:00:00+02:00,55717.0
2016-08-25 10:00:00+02:00,57396.0
2016-08-25 11:00:00+02:00,58323.0
2016-08-25 12:00:00+02:00,58901.0
2016-08-25 13:00:00+02:00,58719.0
2016-08-25 14:00:00+02:00,58522.0
2016-08-25 15:00:00+02:00,58108.0
2016-08-25 16:00:00+02:00,57097.0
2016-08-25 17:00:00+02:00,56790.0
2016-08-25 18:00:00+02:00,55852.0
2016-08-25 19:00:00+02:00,54238.0
2016-08-25 20:00:00+02:00,54083.0
2016-08-25 21:00:00+02:00,54311.0
2016-08-25 22:00:00+02:00,54716.0
2016-08-25 23:00:00+02:00,53550.0
2016-08-26 00:00:00+02:00,49843.0
2016-08-26 01:00:00+02:00,47830.0
2016-08-26 02:00:00+02:00,46362.0
2016-08-26 03:00:00+02:00,45374.0
2016-08-26 04:00:00+02:00,44669.0
2016-08-26 05:00:00+02:00,46591.0
2016-08-26 06:00:00+02:00,48864.0
2016-08-26 07:00:00+02:00,51536.0
2016-08-26 08:00:00+02:00,53997.0
2016-08-26 09:00:00+02:00,56155.0
2016-08-26 10:00:00+02:00,57835.0
2016-08-26 11:00:00+02:00,58533.0
2016-08-26 12:00:00+02:00,58732.0
2016-08-26 13:00:00+02:00,58406.0
2016-08-26 14:00:00+02:00,57776.0
2016-08-26 15:00:00+02:00,57202.0
2016-08-26 16:00:00+02:00,56380.0
2016-08-26 17:00:00+02:00,55967.0
2016-08-26 18:00:00+02:00,55827.0
2016-08-26 19:00:00+02:00,54758.0
2016-08-26 20:00:00+02:00,53926.0
2016-08-26 21:00:00+02:00,53631.0
2016-08-26 22:00:00+02:00,53296.0
2016-08-26 23:00:00+02:00,51491.0
2016-08-27 00:00:00+02:00,47983.0
2016-08-27 01:00:00+02:00,45390.0
2016-08-27 02:00:00+02:00,42993.0
2016-08-27 03:00:00+02:00,40666.0
2016-08-27 04:00:00+02:00,40006.0
2016-08-27 05:00:00+02:00,39887.0
2016-08-27 06:00:00+02:00,40461.0
2016-08-27 07:00:00+02:00,42573.0
2016-08-27 08:00:00+02:00,44776.0
2016-08-27 09:00:00+02:00,46880.0
2016-08-27 10:00:00+02:00,48385.0
2016-08-27 11:00:00+02:00,49463.0
2016-08-27 12:00:00+02:00,50303.0
2016-08-27 13:00:00+02:00,49861.0
2016-08-27 14:00:00+02:00,48894.0
2016-08-27 15:00:00+02:00,47885.0
2016-08-27 16:00:00+02:00,46891.0
2016-08-27 17:00:00+02:00,47280.0
2016-08-27 18:00:00+02:00,47352.0
2016-08-27 19:00:00+02:00,46965.0
2016-08-27 20:00:00+02:00,46934.0
2016-08-27 21:00:00+02:00,47257.0
2016-08-27 22:00:00+02:00,48618.0
2016-08-27 23:00:00+02:00,48220.0
2016-08-28 00:00:00+02:00,46325.0
2016-08-28 01:00:00+02:00,44193.0
2016-08-28 02:00:00+02:00,42838.0
2016-08-28 03:00:00+02:00,40475.0
2016-08-28 04:00:00+02:00,39454.0
2016-08-28 05:00:00+02:00,39614.0
2016-08-28 06:00:00+02:00,39443.0
2016-08-28 07:00:00+02:00,40413.0
2016-08-28 08:00:00+02:00,41414.0
2016-08-28 09:00:00+02:00,43209.0
2016-08-28 10:00:00+02:00,45379.0
2016-08-28 11:00:00+02:00,46759.0
2016-08-28 12:00:00+02:00,49222.0
2016-08-28 13:00:00+02:00,48516.0
2016-08-28 14:00:00+02:00,47236.0
2016-08-28 15:00:00+02:00,46470.0
2016-08-28 16:00:00+02:00,45640.0
2016-08-28 17:00:00+02:00,45875.0
2016-08-28 18:00:00+02:00,47603.0
2016-08-28 19:00:00+02:00,47112.0
2016-08-28 20:00:00+02:00,47026.0
2016-08-28 21:00:00+02:00,47042.0
2016-08-28 22:00:00+02:00,48243.0
2016-08-28 23:00:00+02:00,47974.0
2016-08-29 00:00:00+02:00,44535.0
2016-08-29 01:00:00+02:00,43243.0
2016-08-29 02:00:00+02:00,42111.0
2016-08-29 03:00:00+02:00,41096.0
2016-08-29 04:00:00+02:00,41362.0
2016-08-29 05:00:00+02:00,43897.0
2016-08-29 06:00:00+02:00,47327.0
2016-08-29 07:00:00+02:00,48986.0
2016-08-29 08:00:00+02:00,49925.0
2016-08-29 09:00:00+02:00,52212.0
2016-08-29 10:00:00+02:00,53488.0
2016-08-29 11:00:00+02:00,54229.0
2016-08-29 12:00:00+02:00,54451.0
2016-08-29 13:00:00+02:00,55214.0
2016-08-29 14:00:00+02:00,55028.0
2016-08-29 15:00:00+02:00,54444.0
2016-08-29 16:00:00+02:00,54218.0
2016-08-29 17:00:00+02:00,54208.0
2016-08-29 18:00:00+02:00,53321.0
2016-08-29 19:00:00+02:00,53178.0
2016-08-29 20:00:00+02:00,52761.0
2016-08-29 21:00:00+02:00,52467.0
2016-08-29 22:00:00+02:00,52670.0
2016-08-29 23:00:00+02:00,51188.0
2016-08-30 00:00:00+02:00,49832.0
2016-08-30 01:00:00+02:00,47007.0
2016-08-30 02:00:00+02:00,45050.0
2016-08-30 03:00:00+02:00,43226.0
2016-08-30 04:00:00+02:00,44713.0
2016-08-30 05:00:00+02:00,46718.0
2016-08-30 06:00:00+02:00,49781.0
2016-08-30 07:00:00+02:00,51044.0
2016-08-30 08:00:00+02:00,53023.0
2016-08-30 09:00:00+02:00,55096.0
2016-08-30 10:00:00+02:00,57199.0
2016-08-30 11:00:00+02:00,58079.0
2016-08-30 12:00:00+02:00,58495.0
2016-08-30 13:00:00+02:00,58249.0
2016-08-30 14:00:00+02:00,57662.0
2016-08-30 15:00:00+02:00,56424.0
2016-08-30 16:00:00+02:00,55563.0
2016-08-30 17:00:00+02:00,55473.0
2016-08-30 18:00:00+02:00,55135.0
2016-08-30 19:00:00+02:00,54239.0
2016-08-30 20:00:00+02:00,53522.0
2016-08-30 21:00:00+02:00,53441.0
2016-08-30 22:00:00+02:00,52946.0
2016-08-30 23:00:00+02:00,52476.0
2016-08-31 00:00:00+02:00,50073.0
2016-08-31 01:00:00+02:00,47544.0
2016-08-31 02:00:00+02:00,46643.0
2016-08-31 03:00:00+02:00,45237.0
2016-08-31 04:00:00+02:00,44953.0
2016-08-31 05:00:00+02:00,45815.0
2016-08-31 06:00:00+02:00,49208.0
2016-08-31 07:00:00+02:00,51003.0
2016-08-31 08:00:00+02:00,52797.0
2016-08-31 09:00:00+02:00,54962.0
2016-08-31 10:00:00+02:00,56375.0
2016-08-31 11:00:00+02:00,56640.0
2016-08-31 12:00:00+02:00,56913.0
2016-08-31 13:00:00+02:00,57030.0
2016-08-31 14:00:00+02:00,56370.0
2016-08-31 15:00:00+02:00,55265.0
2016-08-31 16:00:00+02:00,54743.0
2016-08-31 17:00:00+02:00,55004.0
2016-08-31 18:00:00+02:00,54833.0
2016-08-31 19:00:00+02:00,53979.0
2016-08-31 20:00:00+02:00,53385.0
2016-08-31 21:00:00+02:00,53296.0
2016-08-31 22:00:00+02:00,53096.0
2016-08-31 23:00:00+02:00,51509.0
2016-09-01 00:00:00+02:00,48946.0
2016-09-01 01:00:00+02:00,45990.0
2016-09-01 02:00:00+02:00,45437.0
2016-09-01 03:00:00+02:00,43752.0
2016-09-01 04:00:00+02:00,43646.0
2016-09-01 05:00:00+02:00,44768.0
2016-09-01 06:00:00+02:00,47584.0
2016-09-01 07:00:00+02:00,50926.0
2016-09-01 08:00:00+02:00,52967.0
2016-09-01 09:00:00+02:00,55531.0
2016-09-01 10:00:00+02:00,57176.0
2016-09-01 11:00:00+02:00,57277.0
2016-09-01 12:00:00+02:00,57603.0
2016-09-01 13:00:00+02:00,57445.0
2016-09-01 14:00:00+02:00,57120.0
2016-09-01 15:00:00+02:00,55702.0
2016-09-01 16:00:00+02:00,55231.0
2016-09-01 17:00:00+02:00,54434.0
2016-09-01 18:00:00+02:00,54698.0
2016-09-01 19:00:00+02:00,54318.0
2016-09-01 20:00:00+02:00,53962.0
2016-09-01 21:00:00+02:00,53923.0
2016-09-01 22:00:00+02:00,53069.0
2016-09-01 23:00:00+02:00,51499.0
2016-09-02 00:00:00+02:00,48702.0
2016-09-02 01:00:00+02:00,45808.0
2016-09-02 02:00:00+02:00,44168.0
2016-09-02 03:00:00+02:00,43809.0
2016-09-02 04:00:00+02:00,43514.0
2016-09-02 05:00:00+02:00,44339.0
2016-09-02 06:00:00+02:00,48042.0
2016-09-02 07:00:00+02:00,51224.0
2016-09-02 08:00:00+02:00,52973.0
2016-09-02 09:00:00+02:00,55218.0
2016-09-02 10:00:00+02:00,57003.0
2016-09-02 11:00:00+02:00,57849.0
2016-09-02 12:00:00+02:00,57796.0
2016-09-02 13:00:00+02:00,57391.0
2016-09-02 14:00:00+02:00,56443.0
2016-09-02 15:00:00+02:00,55404.0
2016-09-02 16:00:00+02:00,54315.0
2016-09-02 17:00:00+02:00,54666.0
2016-09-02 18:00:00+02:00,54955.0
2016-09-02 19:00:00+02:00,53954.0
2016-09-02 20:00:00+02:00,53554.0
2016-09-02 21:00:00+02:00,53091.0
2016-09-02 22:00:00+02:00,52440.0
2016-09-02 23:00:00+02:00,51050.0
2016-09-03 00:00:00+02:00,47892.0
2016-09-03 01:00:00+02:00,44634.0
2016-09-03 02:00:00+02:00,43126.0
2016-09-03 03:00:00+02:00,41819.0
2016-09-03 04:00:00+02:00,41252.0
2016-09-03 05:00:00+02:00,41228.0
2016-09-03 06:00:00+02:00,42023.0
2016-09-03 07:00:00+02:00,43309.0
2016-09-03 08:00:00+02:00,45820.0
2016-09-03 09:00:00+02:00,47764.0
2016-09-03 10:00:00+02:00,48737.0
2016-09-03 11:00:00+02:00,50048.0
2016-09-03 12:00:00+02:00,50591.0
2016-09-03 13:00:00+02:00,50204.0
2016-09-03 14:00:00+02:00,49957.0
2016-09-03 15:00:00+02:00,49299.0
2016-09-03 16:00:00+02:00,48829.0
2016-09-03 17:00:00+02:00,48569.0
2016-09-03 18:00:00+02:00,49152.0
2016-09-03 19:00:00+02:00,48860.0
2016-09-03 20:00:00+02:00,48763.0
2016-09-03 21:00:00+02:00,48579.0
2016-09-03 22:00:00+02:00,48861.0
2016-09-03 23:00:00+02:00,48535.0
2016-09-04 00:00:00+02:00,46498.0
2016-09-04 01:00:00+02:00,43504.0
2016-09-04 02:00:00+02:00,42540.0
2016-09-04 03:00:00+02:00,41788.0
2016-09-04 04:00:00+02:00,41224.0
2016-09-04 05:00:00+02:00,41049.0
2016-09-04 06:00:00+02:00,41108.0
2016-09-04 07:00:00+02:00,41689.0
2016-09-04 08:00:00+02:00,42333.0
2016-09-04 09:00:00+02:00,43842.0
2016-09-04 10:00:00+02:00,45845.0
2016-09-04 11:00:00+02:00,47241.0
2016-09-04 12:00:00+02:00,48113.0
2016-09-04 13:00:00+02:00,47690.0
2016-09-04 14:00:00+02:00,46644.0
2016-09-04 15:00:00+02:00,46155.0
2016-09-04 16:00:00+02:00,45461.0
2016-09-04 17:00:00+02:00,46463.0
2016-09-04 18:00:00+02:00,48156.0
2016-09-04 19:00:00+02:00,48572.0
2016-09-04 20:00:00+02:00,48570.0
2016-09-04 21:00:00+02:00,48327.0
2016-09-04 22:00:00+02:00,48288.0
2016-09-04 23:00:00+02:00,48105.0
2016-09-05 00:00:00+02:00,44895.0
2016-09-05 01:00:00+02:00,43202.0
2016-09-05 02:00:00+02:00,42746.0
2016-09-05 03:00:00+02:00,41852.0
2016-09-05 04:00:00+02:00,41459.0
2016-09-05 05:00:00+02:00,43355.0
2016-09-05 06:00:00+02:00,47767.0
2016-09-05 07:00:00+02:00,50978.0
2016-09-05 08:00:00+02:00,52149.0
2016-09-05 09:00:00+02:00,54825.0
2016-09-05 10:00:00+02:00,55964.0
2016-09-05 11:00:00+02:00,56559.0
2016-09-05 12:00:00+02:00,56854.0
2016-09-05 13:00:00+02:00,56499.0
2016-09-05 14:00:00+02:00,56137.0
2016-09-05 15:00:00+02:00,54672.0
2016-09-05 16:00:00+02:00,54187.0
2016-09-05 17:00:00+02:00,54709.0
2016-09-05 18:00:00+02:00,55240.0
2016-09-05 19:00:00+02:00,54951.0
2016-09-05 20:00:00+02:00,54991.0
2016-09-05 21:00:00+02:00,54802.0
2016-09-05 22:00:00+02:00,53511.0
2016-09-05 23:00:00+02:00,50396.0
2016-09-06 00:00:00+02:00,48853.0
2016-09-06 01:00:00+02:00,46534.0
2016-09-06 02:00:00+02:00,45284.0
2016-09-06 03:00:00+02:00,44367.0
2016-09-06 04:00:00+02:00,44437.0
2016-09-06 05:00:00+02:00,46421.0
2016-09-06 06:00:00+02:00,49279.0
2016-09-06 07:00:00+02:00,52317.0
2016-09-06 08:00:00+02:00,53492.0
2016-09-06 09:00:00+02:00,55021.0
2016-09-06 10:00:00+02:00,56564.0
2016-09-06 11:00:00+02:00,57095.0
2016-09-06 12:00:00+02:00,58130.0
2016-09-06 13:00:00+02:00,57542.0
2016-09-06 14:00:00+02:00,56893.0
2016-09-06 15:00:00+02:00,56388.0
2016-09-06 16:00:00+02:00,56023.0
2016-09-06 17:00:00+02:00,55869.0
2016-09-06 18:00:00+02:00,55937.0
2016-09-06 19:00:00+02:00,55568.0
2016-09-06 20:00:00+02:00,56071.0
2016-09-06 21:00:00+02:00,55805.0
2016-09-06 22:00:00+02:00,54794.0
2016-09-06 23:00:00+02:00,52769.0
2016-09-07 00:00:00+02:00,50780.0
2016-09-07 01:00:00+02:00,48092.0
2016-09-07 02:00:00+02:00,46484.0
2016-09-07 03:00:00+02:00,45239.0
2016-09-07 04:00:00+02:00,44888.0
2016-09-07 05:00:00+02:00,46626.0
2016-09-07 06:00:00+02:00,50622.0
2016-09-07 07:00:00+02:00,54247.0
2016-09-07 08:00:00+02:00,55604.0
2016-09-07 09:00:00+02:00,58022.0
2016-09-07 10:00:00+02:00,59608.0
2016-09-07 11:00:00+02:00,60377.0
2016-09-07 12:00:00+02:00,60425.0
2016-09-07 13:00:00+02:00,59957.0
2016-09-07 14:00:00+02:00,59142.0
2016-09-07 15:00:00+02:00,58547.0
2016-09-07 16:00:00+02:00,58360.0
2016-09-07 17:00:00+02:00,57928.0
2016-09-07 18:00:00+02:00,57061.0
2016-09-07 19:00:00+02:00,56500.0
2016-09-07 20:00:00+02:00,57063.0
2016-09-07 21:00:00+02:00,55493.0
2016-09-07 22:00:00+02:00,54347.0
2016-09-07 23:00:00+02:00,53834.0
2016-09-08 00:00:00+02:00,49391.0
2016-09-08 01:00:00+02:00,46773.0
2016-09-08 02:00:00+02:00,45452.0
2016-09-08 03:00:00+02:00,44728.0
2016-09-08 04:00:00+02:00,44762.0
2016-09-08 05:00:00+02:00,46083.0
2016-09-08 06:00:00+02:00,50236.0
2016-09-08 07:00:00+02:00,54180.0
2016-09-08 08:00:00+02:00,55203.0
2016-09-08 09:00:00+02:00,57148.0
2016-09-08 10:00:00+02:00,58449.0
2016-09-08 11:00:00+02:00,59237.0
2016-09-08 12:00:00+02:00,59854.0
2016-09-08 13:00:00+02:00,60049.0
2016-09-08 14:00:00+02:00,59066.0
2016-09-08 15:00:00+02:00,58397.0
2016-09-08 16:00:00+02:00,57953.0
2016-09-08 17:00:00+02:00,57805.0
2016-09-08 18:00:00+02:00,57933.0
2016-09-08 19:00:00+02:00,57194.0
2016-09-08 20:00:00+02:00,57258.0
2016-09-08 21:00:00+02:00,56196.0
2016-09-08 22:00:00+02:00,55317.0
2016-09-08 23:00:00+02:00,53904.0
2016-09-09 00:00:00+02:00,49653.0
2016-09-09 01:00:00+02:00,47193.0
2016-09-09 02:00:00+02:00,46180.0
2016-09-09 03:00:00+02:00,44845.0
2016-09-09 04:00:00+02:00,44786.0
2016-09-09 05:00:00+02:00,46013.0
2016-09-09 06:00:00+02:00,48937.0
2016-09-09 07:00:00+02:00,53127.0
2016-09-09 08:00:00+02:00,55454.0
2016-09-09 09:00:00+02:00,56885.0
2016-09-09 10:00:00+02:00,57915.0
2016-09-09 11:00:00+02:00,57768.0
2016-09-09 12:00:00+02:00,57338.0
2016-09-09 13:00:00+02:00,56825.0
2016-09-09 14:00:00+02:00,56204.0
2016-09-09 15:00:00+02:00,54993.0
2016-09-09 16:00:00+02:00,54654.0
2016-09-09 17:00:00+02:00,54718.0
2016-09-09 18:00:00+02:00,54176.0
2016-09-09 19:00:00+02:00,53919.0
2016-09-09 20:00:00+02:00,54613.0
2016-09-09 21:00:00+02:00,53143.0
2016-09-09 22:00:00+02:00,51461.0
2016-09-09 23:00:00+02:00,50642.0
2016-09-10 00:00:00+02:00,47329.0
2016-09-10 01:00:00+02:00,44726.0
2016-09-10 02:00:00+02:00,43494.0
2016-09-10 03:00:00+02:00,42233.0
2016-09-10 04:00:00+02:00,41585.0
2016-09-10 05:00:00+02:00,41538.0
2016-09-10 06:00:00+02:00,42606.0
2016-09-10 07:00:00+02:00,43342.0
2016-09-10 08:00:00+02:00,44809.0
2016-09-10 09:00:00+02:00,46915.0
2016-09-10 10:00:00+02:00,49642.0
2016-09-10 11:00:00+02:00,50534.0
2016-09-10 12:00:00+02:00,51338.0
2016-09-10 13:00:00+02:00,49854.0
2016-09-10 14:00:00+02:00,49041.0
2016-09-10 15:00:00+02:00,47983.0
2016-09-10 16:00:00+02:00,47177.0
2016-09-10 17:00:00+02:00,47886.0
2016-09-10 18:00:00+02:00,48282.0
2016-09-10 19:00:00+02:00,47948.0
2016-09-10 20:00:00+02:00,48182.0
2016-09-10 21:00:00+02:00,47711.0
2016-09-10 22:00:00+02:00,48006.0
2016-09-10 23:00:00+02:00,46971.0
2016-09-11 00:00:00+02:00,45129.0
2016-09-11 01:00:00+02:00,41764.0
2016-09-11 02:00:00+02:00,40814.0
2016-09-11 03:00:00+02:00,39780.0
2016-09-11 04:00:00+02:00,39290.0
2016-09-11 05:00:00+02:00,39102.0
2016-09-11 06:00:00+02:00,39227.0
2016-09-11 07:00:00+02:00,40164.0
2016-09-11 08:00:00+02:00,41077.0
2016-09-11 09:00:00+02:00,43391.0
2016-09-11 10:00:00+02:00,44433.0
2016-09-11 11:00:00+02:00,45019.0
2016-09-11 12:00:00+02:00,45681.0
2016-09-11 13:00:00+02:00,45678.0
2016-09-11 14:00:00+02:00,45437.0
2016-09-11 15:00:00+02:00,45268.0
2016-09-11 16:00:00+02:00,45689.0
2016-09-11 17:00:00+02:00,46886.0
2016-09-11 18:00:00+02:00,47249.0
2016-09-11 19:00:00+02:00,47779.0
2016-09-11 20:00:00+02:00,49401.0
2016-09-11 21:00:00+02:00,49457.0
2016-09-11 22:00:00+02:00,49675.0
2016-09-11 23:00:00+02:00,49136.0
2016-09-12 00:00:00+02:00,47398.0
2016-09-12 01:00:00+02:00,45916.0
2016-09-12 02:00:00+02:00,45760.0
2016-09-12 03:00:00+02:00,45063.0
2016-09-12 04:00:00+02:00,44503.0
2016-09-12 05:00:00+02:00,46234.0
2016-09-12 06:00:00+02:00,50810.0
2016-09-12 07:00:00+02:00,54280.0
2016-09-12 08:00:00+02:00,55788.0
2016-09-12 09:00:00+02:00,58073.0
2016-09-12 10:00:00+02:00,59041.0
2016-09-12 11:00:00+02:00,59435.0
2016-09-12 12:00:00+02:00,58995.0
2016-09-12 13:00:00+02:00,58616.0
2016-09-12 14:00:00+02:00,58055.0
2016-09-12 15:00:00+02:00,57313.0
2016-09-12 16:00:00+02:00,57312.0
2016-09-12 17:00:00+02:00,56976.0
2016-09-12 18:00:00+02:00,56764.0
2016-09-12 19:00:00+02:00,57324.0
2016-09-12 20:00:00+02:00,57816.0
2016-09-12 21:00:00+02:00,56983.0
2016-09-12 22:00:00+02:00,56021.0
2016-09-12 23:00:00+02:00,55185.0
2016-09-13 00:00:00+02:00,51369.0
2016-09-13 01:00:00+02:00,49144.0
2016-09-13 02:00:00+02:00,48658.0
2016-09-13 03:00:00+02:00,47549.0
2016-09-13 04:00:00+02:00,47758.0
2016-09-13 05:00:00+02:00,48462.0
2016-09-13 06:00:00+02:00,52611.0
2016-09-13 07:00:00+02:00,54934.0
2016-09-13 08:00:00+02:00,56868.0
2016-09-13 09:00:00+02:00,58882.0
2016-09-13 10:00:00+02:00,60708.0
2016-09-13 11:00:00+02:00,61207.0
2016-09-13 12:00:00+02:00,61748.0
2016-09-13 13:00:00+02:00,61054.0
2016-09-13 14:00:00+02:00,60214.0
2016-09-13 15:00:00+02:00,59636.0
2016-09-13 16:00:00+02:00,59117.0
2016-09-13 17:00:00+02:00,58997.0
2016-09-13 18:00:00+02:00,59086.0
2016-09-13 19:00:00+02:00,58863.0
2016-09-13 20:00:00+02:00,59246.0
2016-09-13 21:00:00+02:00,57934.0
2016-09-13 22:00:00+02:00,58123.0
2016-09-13 23:00:00+02:00,57056.0
2016-09-14 00:00:00+02:00,53731.0
2016-09-14 01:00:00+02:00,51308.0
2016-09-14 02:00:00+02:00,51075.0
2016-09-14 03:00:00+02:00,50625.0
2016-09-14 04:00:00+02:00,50448.0
2016-09-14 05:00:00+02:00,50439.0
2016-09-14 06:00:00+02:00,52516.0
2016-09-14 07:00:00+02:00,55437.0
2016-09-14 08:00:00+02:00,56600.0
2016-09-14 09:00:00+02:00,58524.0
2016-09-14 10:00:00+02:00,59940.0
2016-09-14 11:00:00+02:00,60274.0
2016-09-14 12:00:00+02:00,60447.0
2016-09-14 13:00:00+02:00,60041.0
2016-09-14 14:00:00+02:00,59221.0
2016-09-14 15:00:00+02:00,58302.0
2016-09-14 16:00:00+02:00,57015.0
2016-09-14 17:00:00+02:00,56796.0
2016-09-14 18:00:00+02:00,56596.0
2016-09-14 19:00:00+02:00,57018.0
2016-09-14 20:00:00+02:00,57664.0
2016-09-14 21:00:00+02:00,56675.0
2016-09-14 22:00:00+02:00,56689.0
2016-09-14 23:00:00+02:00,55340.0
2016-09-15 00:00:00+02:00,52129.0
2016-09-15 01:00:00+02:00,49415.0
2016-09-15 02:00:00+02:00,48258.0
2016-09-15 03:00:00+02:00,47164.0
2016-09-15 04:00:00+02:00,46828.0
2016-09-15 05:00:00+02:00,48027.0
2016-09-15 06:00:00+02:00,51045.0
2016-09-15 07:00:00+02:00,53060.0
2016-09-15 08:00:00+02:00,54197.0
2016-09-15 09:00:00+02:00,56280.0
2016-09-15 10:00:00+02:00,57249.0
2016-09-15 11:00:00+02:00,57566.0
2016-09-15 12:00:00+02:00,57794.0
2016-09-15 13:00:00+02:00,57905.0
2016-09-15 14:00:00+02:00,56555.0
2016-09-15 15:00:00+02:00,55505.0
2016-09-15 16:00:00+02:00,54999.0
2016-09-15 17:00:00+02:00,54433.0
2016-09-15 18:00:00+02:00,53785.0
2016-09-15 19:00:00+02:00,54188.0
2016-09-15 20:00:00+02:00,54891.0
2016-09-15 21:00:00+02:00,53362.0
2016-09-15 22:00:00+02:00,53170.0
2016-09-15 23:00:00+02:00,51725.0
2016-09-16 00:00:00+02:00,50989.0
2016-09-16 01:00:00+02:00,49057.0
2016-09-16 02:00:00+02:00,48169.0
2016-09-16 03:00:00+02:00,46022.0
2016-09-16 04:00:00+02:00,47030.0
2016-09-16 05:00:00+02:00,48368.0
2016-09-16 06:00:00+02:00,51497.0
2016-09-16 07:00:00+02:00,54266.0
2016-09-16 08:00:00+02:00,56256.0
2016-09-16 09:00:00+02:00,57660.0
2016-09-16 10:00:00+02:00,58883.0
2016-09-16 11:00:00+02:00,59252.0
2016-09-16 12:00:00+02:00,59939.0
2016-09-16 13:00:00+02:00,59348.0
2016-09-16 14:00:00+02:00,58950.0
2016-09-16 15:00:00+02:00,57907.0
2016-09-16 16:00:00+02:00,57262.0
2016-09-16 17:00:00+02:00,57622.0
2016-09-16 18:00:00+02:00,57559.0
2016-09-16 19:00:00+02:00,57759.0
2016-09-16 20:00:00+02:00,58066.0
2016-09-16 21:00:00+02:00,57013.0
2016-09-16 22:00:00+02:00,55914.0
2016-09-16 23:00:00+02:00,53674.0
2016-09-17 00:00:00+02:00,50293.0
2016-09-17 01:00:00+02:00,47447.0
2016-09-17 02:00:00+02:00,46300.0
2016-09-17 03:00:00+02:00,45666.0
2016-09-17 04:00:00+02:00,44870.0
2016-09-17 05:00:00+02:00,44969.0
2016-09-17 06:00:00+02:00,45676.0
2016-09-17 07:00:00+02:00,45862.0
2016-09-17 08:00:00+02:00,47327.0
2016-09-17 09:00:00+02:00,49753.0
2016-09-17 10:00:00+02:00,50719.0
2016-09-17 11:00:00+02:00,50780.0
2016-09-17 12:00:00+02:00,50300.0
2016-09-17 13:00:00+02:00,49727.0
2016-09-17 14:00:00+02:00,49516.0
2016-09-17 15:00:00+02:00,48863.0
2016-09-17 16:00:00+02:00,47917.0
2016-09-17 17:00:00+02:00,47341.0
2016-09-17 18:00:00+02:00,48109.0
2016-09-17 19:00:00+02:00,48583.0
2016-09-17 20:00:00+02:00,48509.0
2016-09-17 21:00:00+02:00,47895.0
2016-09-17 22:00:00+02:00,48274.0
2016-09-17 23:00:00+02:00,48026.0
2016-09-18 00:00:00+02:00,45686.0
2016-09-18 01:00:00+02:00,43214.0
2016-09-18 02:00:00+02:00,42358.0
2016-09-18 03:00:00+02:00,40910.0
2016-09-18 04:00:00+02:00,40827.0
2016-09-18 05:00:00+02:00,40645.0
2016-09-18 06:00:00+02:00,41371.0
2016-09-18 07:00:00+02:00,42286.0
2016-09-18 08:00:00+02:00,43144.0
2016-09-18 09:00:00+02:00,44461.0
2016-09-18 10:00:00+02:00,46478.0
2016-09-18 11:00:00+02:00,47316.0
2016-09-18 12:00:00+02:00,48420.0
2016-09-18 13:00:00+02:00,47754.0
2016-09-18 14:00:00+02:00,47018.0
2016-09-18 15:00:00+02:00,46659.0
2016-09-18 16:00:00+02:00,46451.0
2016-09-18 17:00:00+02:00,46294.0
2016-09-18 18:00:00+02:00,46641.0
2016-09-18 19:00:00+02:00,47913.0
2016-09-18 20:00:00+02:00,48487.0
2016-09-18 21:00:00+02:00,48270.0
2016-09-18 22:00:00+02:00,47874.0
2016-09-18 23:00:00+02:00,48177.0
2016-09-19 00:00:00+02:00,46625.0
2016-09-19 01:00:00+02:00,44790.0
2016-09-19 02:00:00+02:00,43991.0
2016-09-19 03:00:00+02:00,43786.0
2016-09-19 04:00:00+02:00,43925.0
2016-09-19 05:00:00+02:00,46230.0
2016-09-19 06:00:00+02:00,49476.0
2016-09-19 07:00:00+02:00,52551.0
2016-09-19 08:00:00+02:00,53869.0
2016-09-19 09:00:00+02:00,55592.0
2016-09-19 10:00:00+02:00,56522.0
2016-09-19 11:00:00+02:00,57190.0
2016-09-19 12:00:00+02:00,57281.0
2016-09-19 13:00:00+02:00,57158.0
2016-09-19 14:00:00+02:00,56770.0
2016-09-19 15:00:00+02:00,56138.0
2016-09-19 16:00:00+02:00,55101.0
2016-09-19 17:00:00+02:00,54988.0
2016-09-19 18:00:00+02:00,54795.0
2016-09-19 19:00:00+02:00,55371.0
2016-09-19 20:00:00+02:00,55676.0
2016-09-19 21:00:00+02:00,54465.0
2016-09-19 22:00:00+02:00,53655.0
2016-09-19 23:00:00+02:00,52928.0
2016-09-20 00:00:00+02:00,50253.0
2016-09-20 01:00:00+02:00,47564.0
2016-09-20 02:00:00+02:00,47491.0
2016-09-20 03:00:00+02:00,47264.0
2016-09-20 04:00:00+02:00,47582.0
2016-09-20 05:00:00+02:00,48442.0
2016-09-20 06:00:00+02:00,51772.0
2016-09-20 07:00:00+02:00,53905.0
2016-09-20 08:00:00+02:00,54996.0
2016-09-20 09:00:00+02:00,56701.0
2016-09-20 10:00:00+02:00,57835.0
2016-09-20 11:00:00+02:00,58668.0
2016-09-20 12:00:00+02:00,58483.0
2016-09-20 13:00:00+02:00,58533.0
2016-09-20 14:00:00+02:00,58531.0
2016-09-20 15:00:00+02:00,57272.0
2016-09-20 16:00:00+02:00,56642.0
2016-09-20 17:00:00+02:00,56390.0
2016-09-20 18:00:00+02:00,56388.0
2016-09-20 19:00:00+02:00,56414.0
2016-09-20 20:00:00+02:00,56646.0
2016-09-20 21:00:00+02:00,55314.0
2016-09-20 22:00:00+02:00,54326.0
2016-09-20 23:00:00+02:00,53895.0
2016-09-21 00:00:00+02:00,50464.0
2016-09-21 01:00:00+02:00,48468.0
2016-09-21 02:00:00+02:00,47750.0
2016-09-21 03:00:00+02:00,46579.0
2016-09-21 04:00:00+02:00,46700.0
2016-09-21 05:00:00+02:00,48322.0
2016-09-21 06:00:00+02:00,51828.0
2016-09-21 07:00:00+02:00,53782.0
2016-09-21 08:00:00+02:00,55180.0
2016-09-21 09:00:00+02:00,56698.0
2016-09-21 10:00:00+02:00,57995.0
2016-09-21 11:00:00+02:00,58702.0
2016-09-21 12:00:00+02:00,58922.0
2016-09-21 13:00:00+02:00,58334.0
2016-09-21 14:00:00+02:00,58073.0
2016-09-21 15:00:00+02:00,57269.0
2016-09-21 16:00:00+02:00,56493.0
2016-09-21 17:00:00+02:00,56097.0
2016-09-21 18:00:00+02:00,55351.0
2016-09-21 19:00:00+02:00,55520.0
2016-09-21 20:00:00+02:00,55397.0
2016-09-21 21:00:00+02:00,54253.0
2016-09-21 22:00:00+02:00,54246.0
2016-09-21 23:00:00+02:00,53673.0
2016-09-22 00:00:00+02:00,51838.0
2016-09-22 01:00:00+02:00,50101.0
2016-09-22 02:00:00+02:00,49077.0
2016-09-22 03:00:00+02:00,47796.0
2016-09-22 04:00:00+02:00,48065.0
2016-09-22 05:00:00+02:00,49079.0
2016-09-22 06:00:00+02:00,52710.0
2016-09-22 07:00:00+02:00,54910.0
2016-09-22 08:00:00+02:00,56243.0
2016-09-22 09:00:00+02:00,57524.0
2016-09-22 10:00:00+02:00,58191.0
2016-09-22 11:00:00+02:00,58418.0
2016-09-22 12:00:00+02:00,58403.0
2016-09-22 13:00:00+02:00,57623.0
2016-09-22 14:00:00+02:00,57318.0
2016-09-22 15:00:00+02:00,56610.0
2016-09-22 16:00:00+02:00,55555.0
2016-09-22 17:00:00+02:00,55723.0
2016-09-22 18:00:00+02:00,55717.0
2016-09-22 19:00:00+02:00,56627.0
2016-09-22 20:00:00+02:00,56333.0
2016-09-22 21:00:00+02:00,54790.0
2016-09-22 22:00:00+02:00,54776.0
2016-09-22 23:00:00+02:00,54313.0
2016-09-23 00:00:00+02:00,51909.0
2016-09-23 01:00:00+02:00,49754.0
2016-09-23 02:00:00+02:00,48575.0
2016-09-23 03:00:00+02:00,47347.0
2016-09-23 04:00:00+02:00,47626.0
2016-09-23 05:00:00+02:00,49206.0
2016-09-23 06:00:00+02:00,52941.0
2016-09-23 07:00:00+02:00,54880.0
2016-09-23 08:00:00+02:00,56301.0
2016-09-23 09:00:00+02:00,57471.0
2016-09-23 10:00:00+02:00,58087.0
2016-09-23 11:00:00+02:00,58770.0
2016-09-23 12:00:00+02:00,57972.0
2016-09-23 13:00:00+02:00,57439.0
2016-09-23 14:00:00+02:00,57345.0
2016-09-23 15:00:00+02:00,56320.0
2016-09-23 16:00:00+02:00,55227.0
2016-09-23 17:00:00+02:00,55820.0
2016-09-23 18:00:00+02:00,55585.0
2016-09-23 19:00:00+02:00,57205.0
2016-09-23 20:00:00+02:00,56287.0
2016-09-23 21:00:00+02:00,54278.0
2016-09-23 22:00:00+02:00,53178.0
2016-09-23 23:00:00+02:00,51742.0
2016-09-24 00:00:00+02:00,48867.0
2016-09-24 01:00:00+02:00,46442.0
2016-09-24 02:00:00+02:00,44060.0
2016-09-24 03:00:00+02:00,41479.0
2016-09-24 04:00:00+02:00,41058.0
2016-09-24 05:00:00+02:00,41705.0
2016-09-24 06:00:00+02:00,42826.0
2016-09-24 07:00:00+02:00,45288.0
2016-09-24 08:00:00+02:00,46761.0
2016-09-24 09:00:00+02:00,48441.0
2016-09-24 10:00:00+02:00,49493.0
2016-09-24 11:00:00+02:00,50060.0
2016-09-24 12:00:00+02:00,50562.0
2016-09-24 13:00:00+02:00,50019.0
2016-09-24 14:00:00+02:00,48908.0
2016-09-24 15:00:00+02:00,48071.0
2016-09-24 16:00:00+02:00,47587.0
2016-09-24 17:00:00+02:00,48230.0
2016-09-24 18:00:00+02:00,49266.0
2016-09-24 19:00:00+02:00,50031.0
2016-09-24 20:00:00+02:00,49883.0
2016-09-24 21:00:00+02:00,48544.0
2016-09-24 22:00:00+02:00,48657.0
2016-09-24 23:00:00+02:00,49179.0
2016-09-25 00:00:00+02:00,45830.0
2016-09-25 01:00:00+02:00,43798.0
2016-09-25 02:00:00+02:00,42927.0
2016-09-25 03:00:00+02:00,42427.0
2016-09-25 04:00:00+02:00,42374.0
2016-09-25 05:00:00+02:00,42135.0
2016-09-25 06:00:00+02:00,42033.0
2016-09-25 07:00:00+02:00,42071.0
2016-09-25 08:00:00+02:00,42923.0
2016-09-25 09:00:00+02:00,44021.0
2016-09-25 10:00:00+02:00,44758.0
2016-09-25 11:00:00+02:00,45261.0
2016-09-25 12:00:00+02:00,46647.0
2016-09-25 13:00:00+02:00,45616.0
2016-09-25 14:00:00+02:00,44475.0
2016-09-25 15:00:00+02:00,44025.0
2016-09-25 16:00:00+02:00,44616.0
2016-09-25 17:00:00+02:00,45650.0
2016-09-25 18:00:00+02:00,47065.0
2016-09-25 19:00:00+02:00,48414.0
2016-09-25 20:00:00+02:00,48666.0
2016-09-25 21:00:00+02:00,48155.0
2016-09-25 22:00:00+02:00,48243.0
2016-09-25 23:00:00+02:00,47392.0
2016-09-26 00:00:00+02:00,45766.0
2016-09-26 01:00:00+02:00,44779.0
2016-09-26 02:00:00+02:00,43870.0
2016-09-26 03:00:00+02:00,43050.0
2016-09-26 04:00:00+02:00,43196.0
2016-09-26 05:00:00+02:00,45862.0
2016-09-26 06:00:00+02:00,49605.0
2016-09-26 07:00:00+02:00,53048.0
2016-09-26 08:00:00+02:00,54787.0
2016-09-26 09:00:00+02:00,55171.0
2016-09-26 10:00:00+02:00,56622.0
2016-09-26 11:00:00+02:00,57074.0
2016-09-26 12:00:00+02:00,57412.0
2016-09-26 13:00:00+02:00,56618.0
2016-09-26 14:00:00+02:00,56299.0
2016-09-26 15:00:00+02:00,55740.0
2016-09-26 16:00:00+02:00,54953.0
2016-09-26 17:00:00+02:00,54704.0
2016-09-26 18:00:00+02:00,55114.0
2016-09-26 19:00:00+02:00,56022.0
2016-09-26 20:00:00+02:00,55572.0
2016-09-26 21:00:00+02:00,53256.0
2016-09-26 22:00:00+02:00,53161.0
2016-09-26 23:00:00+02:00,52169.0
2016-09-27 00:00:00+02:00,49255.0
2016-09-27 01:00:00+02:00,46787.0
2016-09-27 02:00:00+02:00,45724.0
2016-09-27 03:00:00+02:00,44838.0
2016-09-27 04:00:00+02:00,45320.0
2016-09-27 05:00:00+02:00,47037.0
2016-09-27 06:00:00+02:00,51484.0
2016-09-27 07:00:00+02:00,54105.0
2016-09-27 08:00:00+02:00,56058.0
2016-09-27 09:00:00+02:00,57503.0
2016-09-27 10:00:00+02:00,58397.0
2016-09-27 11:00:00+02:00,58704.0
2016-09-27 12:00:00+02:00,58906.0
2016-09-27 13:00:00+02:00,58850.0
2016-09-27 14:00:00+02:00,58672.0
2016-09-27 15:00:00+02:00,57886.0
2016-09-27 16:00:00+02:00,57026.0
2016-09-27 17:00:00+02:00,56516.0
2016-09-27 18:00:00+02:00,56424.0
2016-09-27 19:00:00+02:00,56415.0
2016-09-27 20:00:00+02:00,56288.0
2016-09-27 21:00:00+02:00,55073.0
2016-09-27 22:00:00+02:00,53964.0
2016-09-27 23:00:00+02:00,53223.0
2016-09-28 00:00:00+02:00,49357.0
2016-09-28 01:00:00+02:00,48316.0
2016-09-28 02:00:00+02:00,47393.0
2016-09-28 03:00:00+02:00,46054.0
2016-09-28 04:00:00+02:00,45238.0
2016-09-28 05:00:00+02:00,47727.0
2016-09-28 06:00:00+02:00,50179.0
2016-09-28 07:00:00+02:00,52671.0
2016-09-28 08:00:00+02:00,54378.0
2016-09-28 09:00:00+02:00,54933.0
2016-09-28 10:00:00+02:00,55964.0
2016-09-28 11:00:00+02:00,56320.0
2016-09-28 12:00:00+02:00,56673.0
2016-09-28 13:00:00+02:00,56663.0
2016-09-28 14:00:00+02:00,56473.0
2016-09-28 15:00:00+02:00,55590.0
2016-09-28 16:00:00+02:00,54895.0
2016-09-28 17:00:00+02:00,54304.0
2016-09-28 18:00:00+02:00,54583.0
2016-09-28 19:00:00+02:00,55287.0
2016-09-28 20:00:00+02:00,54853.0
2016-09-28 21:00:00+02:00,53535.0
2016-09-28 22:00:00+02:00,53140.0
2016-09-28 23:00:00+02:00,52171.0
2016-09-29 00:00:00+02:00,50904.0
2016-09-29 01:00:00+02:00,47670.0
2016-09-29 02:00:00+02:00,46211.0
2016-09-29 03:00:00+02:00,45555.0
2016-09-29 04:00:00+02:00,45408.0
2016-09-29 05:00:00+02:00,47166.0
2016-09-29 06:00:00+02:00,52279.0
2016-09-29 07:00:00+02:00,55736.0
2016-09-29 08:00:00+02:00,57103.0
2016-09-29 09:00:00+02:00,58223.0
2016-09-29 10:00:00+02:00,58692.0
2016-09-29 11:00:00+02:00,58938.0
2016-09-29 12:00:00+02:00,59261.0
2016-09-29 13:00:00+02:00,59485.0
2016-09-29 14:00:00+02:00,59057.0
2016-09-29 15:00:00+02:00,58445.0
2016-09-29 16:00:00+02:00,58534.0
2016-09-29 17:00:00+02:00,58091.0
2016-09-29 18:00:00+02:00,56920.0
2016-09-29 19:00:00+02:00,57161.0
2016-09-29 20:00:00+02:00,56534.0
2016-09-29 21:00:00+02:00,55300.0
2016-09-29 22:00:00+02:00,54339.0
2016-09-29 23:00:00+02:00,53400.0
2016-09-30 00:00:00+02:00,48435.0
2016-09-30 01:00:00+02:00,45432.0
2016-09-30 02:00:00+02:00,44102.0
2016-09-30 03:00:00+02:00,43396.0
2016-09-30 04:00:00+02:00,43629.0
2016-09-30 05:00:00+02:00,45303.0
2016-09-30 06:00:00+02:00,49606.0
2016-09-30 07:00:00+02:00,52092.0
2016-09-30 08:00:00+02:00,52726.0
2016-09-30 09:00:00+02:00,54239.0
2016-09-30 10:00:00+02:00,54727.0
2016-09-30 11:00:00+02:00,55078.0
2016-09-30 12:00:00+02:00,54453.0
2016-09-30 13:00:00+02:00,54484.0
2016-09-30 14:00:00+02:00,54028.0
2016-09-30 15:00:00+02:00,53415.0
2016-09-30 16:00:00+02:00,52828.0
2016-09-30 17:00:00+02:00,53635.0
2016-09-30 18:00:00+02:00,53737.0
2016-09-30 19:00:00+02:00,54258.0
2016-09-30 20:00:00+02:00,53453.0
2016-09-30 21:00:00+02:00,53033.0
2016-09-30 22:00:00+02:00,52551.0
2016-09-30 23:00:00+02:00,51253.0
2016-10-01 00:00:00+02:00,50093.0
2016-10-01 01:00:00+02:00,47154.0
2016-10-01 02:00:00+02:00,46330.0
2016-10-01 03:00:00+02:00,44015.0
2016-10-01 04:00:00+02:00,43857.0
2016-10-01 05:00:00+02:00,44442.0
2016-10-01 06:00:00+02:00,45569.0
2016-10-01 07:00:00+02:00,47480.0
2016-10-01 08:00:00+02:00,48689.0
2016-10-01 09:00:00+02:00,51247.0
2016-10-01 10:00:00+02:00,51703.0
2016-10-01 11:00:00+02:00,52217.0
2016-10-01 12:00:00+02:00,52441.0
2016-10-01 13:00:00+02:00,51191.0
2016-10-01 14:00:00+02:00,50405.0
2016-10-01 15:00:00+02:00,49808.0
2016-10-01 16:00:00+02:00,49381.0
2016-10-01 17:00:00+02:00,50236.0
2016-10-01 18:00:00+02:00,51130.0
2016-10-01 19:00:00+02:00,52803.0
2016-10-01 20:00:00+02:00,52652.0
2016-10-01 21:00:00+02:00,52035.0
2016-10-01 22:00:00+02:00,52248.0
2016-10-01 23:00:00+02:00,50567.0
2016-10-02 00:00:00+02:00,47497.0
2016-10-02 01:00:00+02:00,45465.0
2016-10-02 02:00:00+02:00,43828.0
2016-10-02 03:00:00+02:00,42595.0
2016-10-02 04:00:00+02:00,43010.0
2016-10-02 05:00:00+02:00,42676.0
2016-10-02 06:00:00+02:00,42870.0
2016-10-02 07:00:00+02:00,43305.0
2016-10-02 08:00:00+02:00,44204.0
2016-10-02 09:00:00+02:00,46182.0
2016-10-02 10:00:00+02:00,47785.0
2016-10-02 11:00:00+02:00,48313.0
2016-10-02 12:00:00+02:00,48641.0
2016-10-02 13:00:00+02:00,47999.0
2016-10-02 14:00:00+02:00,47171.0
2016-10-02 15:00:00+02:00,46422.0
2016-10-02 16:00:00+02:00,46122.0
2016-10-02 17:00:00+02:00,46399.0
2016-10-02 18:00:00+02:00,47675.0
2016-10-02 19:00:00+02:00,50152.0
2016-10-02 20:00:00+02:00,50321.0
2016-10-02 21:00:00+02:00,49487.0
2016-10-02 22:00:00+02:00,49659.0
2016-10-02 23:00:00+02:00,47960.0
2016-10-03 00:00:00+02:00,46179.0
2016-10-03 01:00:00+02:00,43466.0
2016-10-03 02:00:00+02:00,42880.0
2016-10-03 03:00:00+02:00,42923.0
2016-10-03 04:00:00+02:00,42838.0
2016-10-03 05:00:00+02:00,44792.0
2016-10-03 06:00:00+02:00,47825.0
2016-10-03 07:00:00+02:00,51675.0
2016-10-03 08:00:00+02:00,53945.0
2016-10-03 09:00:00+02:00,55862.0
2016-10-03 10:00:00+02:00,56050.0
2016-10-03 11:00:00+02:00,56484.0
2016-10-03 12:00:00+02:00,57196.0
2016-10-03 13:00:00+02:00,57129.0
2016-10-03 14:00:00+02:00,56431.0
2016-10-03 15:00:00+02:00,54948.0
2016-10-03 16:00:00+02:00,54215.0
2016-10-03 17:00:00+02:00,53795.0
2016-10-03 18:00:00+02:00,53830.0
2016-10-03 19:00:00+02:00,56266.0
2016-10-03 20:00:00+02:00,55824.0
2016-10-03 21:00:00+02:00,53811.0
2016-10-03 22:00:00+02:00,53678.0
2016-10-03 23:00:00+02:00,52864.0
2016-10-04 00:00:00+02:00,48847.0
2016-10-04 01:00:00+02:00,47136.0
2016-10-04 02:00:00+02:00,47107.0
2016-10-04 03:00:00+02:00,46751.0
2016-10-04 04:00:00+02:00,46117.0
2016-10-04 05:00:00+02:00,47627.0
2016-10-04 06:00:00+02:00,53090.0
2016-10-04 07:00:00+02:00,55823.0
2016-10-04 08:00:00+02:00,57233.0
2016-10-04 09:00:00+02:00,58379.0
2016-10-04 10:00:00+02:00,58597.0
2016-10-04 11:00:00+02:00,58349.0
2016-10-04 12:00:00+02:00,57881.0
2016-10-04 13:00:00+02:00,57710.0
2016-10-04 14:00:00+02:00,57710.0
2016-10-04 15:00:00+02:00,56975.0
2016-10-04 16:00:00+02:00,57074.0
2016-10-04 17:00:00+02:00,57131.0
2016-10-04 18:00:00+02:00,57037.0
2016-10-04 19:00:00+02:00,58604.0
2016-10-04 20:00:00+02:00,57322.0
2016-10-04 21:00:00+02:00,55733.0
2016-10-04 22:00:00+02:00,55404.0
2016-10-04 23:00:00+02:00,54626.0
2016-10-05 00:00:00+02:00,49332.0
2016-10-05 01:00:00+02:00,47907.0
2016-10-05 02:00:00+02:00,47658.0
2016-10-05 03:00:00+02:00,46797.0
2016-10-05 04:00:00+02:00,46777.0
2016-10-05 05:00:00+02:00,48796.0
2016-10-05 06:00:00+02:00,52520.0
2016-10-05 07:00:00+02:00,56281.0
2016-10-05 08:00:00+02:00,57477.0
2016-10-05 09:00:00+02:00,58503.0
2016-10-05 10:00:00+02:00,58888.0
2016-10-05 11:00:00+02:00,58803.0
2016-10-05 12:00:00+02:00,58687.0
2016-10-05 13:00:00+02:00,57843.0
2016-10-05 14:00:00+02:00,57397.0
2016-10-05 15:00:00+02:00,56156.0
2016-10-05 16:00:00+02:00,55858.0
2016-10-05 17:00:00+02:00,55702.0
2016-10-05 18:00:00+02:00,56594.0
2016-10-05 19:00:00+02:00,58414.0
2016-10-05 20:00:00+02:00,57930.0
2016-10-05 21:00:00+02:00,55917.0
2016-10-05 22:00:00+02:00,54529.0
2016-10-05 23:00:00+02:00,53134.0
2016-10-06 00:00:00+02:00,49597.0
2016-10-06 01:00:00+02:00,48000.0
2016-10-06 02:00:00+02:00,47376.0
2016-10-06 03:00:00+02:00,45926.0
2016-10-06 04:00:00+02:00,45824.0
2016-10-06 05:00:00+02:00,47468.0
2016-10-06 06:00:00+02:00,52432.0
2016-10-06 07:00:00+02:00,54290.0
2016-10-06 08:00:00+02:00,55813.0
2016-10-06 09:00:00+02:00,56458.0
2016-10-06 10:00:00+02:00,56285.0
2016-10-06 11:00:00+02:00,56128.0
2016-10-06 12:00:00+02:00,56195.0
2016-10-06 13:00:00+02:00,56524.0
2016-10-06 14:00:00+02:00,56525.0
2016-10-06 15:00:00+02:00,56087.0
2016-10-06 16:00:00+02:00,55948.0
2016-10-06 17:00:00+02:00,54884.0
2016-10-06 18:00:00+02:00,54918.0
2016-10-06 19:00:00+02:00,55197.0
2016-10-06 20:00:00+02:00,54634.0
2016-10-06 21:00:00+02:00,53143.0
2016-10-06 22:00:00+02:00,52555.0
2016-10-06 23:00:00+02:00,52219.0
2016-10-07 00:00:00+02:00,45567.0
2016-10-07 01:00:00+02:00,44572.0
2016-10-07 02:00:00+02:00,43917.0
2016-10-07 03:00:00+02:00,42733.0
2016-10-07 04:00:00+02:00,42610.0
2016-10-07 05:00:00+02:00,44068.0
2016-10-07 06:00:00+02:00,48295.0
2016-10-07 07:00:00+02:00,52543.0
2016-10-07 08:00:00+02:00,53332.0
2016-10-07 09:00:00+02:00,53516.0
2016-10-07 10:00:00+02:00,53108.0
2016-10-07 11:00:00+02:00,51800.0
2016-10-07 12:00:00+02:00,50675.0
2016-10-07 13:00:00+02:00,49620.0
2016-10-07 14:00:00+02:00,49469.0
2016-10-07 15:00:00+02:00,49187.0
2016-10-07 16:00:00+02:00,48854.0
2016-10-07 17:00:00+02:00,49877.0
2016-10-07 18:00:00+02:00,50887.0
2016-10-07 19:00:00+02:00,52889.0
2016-10-07 20:00:00+02:00,50551.0
2016-10-07 21:00:00+02:00,49438.0
2016-10-07 22:00:00+02:00,48831.0
2016-10-07 23:00:00+02:00,47841.0
2016-10-08 00:00:00+02:00,47849.0
2016-10-08 01:00:00+02:00,46256.0
2016-10-08 02:00:00+02:00,45524.0
2016-10-08 03:00:00+02:00,45155.0
2016-10-08 04:00:00+02:00,45095.0
2016-10-08 05:00:00+02:00,45157.0
2016-10-08 06:00:00+02:00,45893.0
2016-10-08 07:00:00+02:00,47272.0
2016-10-08 08:00:00+02:00,48642.0
2016-10-08 09:00:00+02:00,51157.0
2016-10-08 10:00:00+02:00,52783.0
2016-10-08 11:00:00+02:00,51814.0
2016-10-08 12:00:00+02:00,52005.0
2016-10-08 13:00:00+02:00,50818.0
2016-10-08 14:00:00+02:00,49533.0
2016-10-08 15:00:00+02:00,49732.0
2016-10-08 16:00:00+02:00,49187.0
2016-10-08 17:00:00+02:00,48536.0
2016-10-08 18:00:00+02:00,48972.0
2016-10-08 19:00:00+02:00,50897.0
2016-10-08 20:00:00+02:00,50893.0
2016-10-08 21:00:00+02:00,49972.0
2016-10-08 22:00:00+02:00,49803.0
2016-10-08 23:00:00+02:00,48745.0
2016-10-09 00:00:00+02:00,47171.0
2016-10-09 01:00:00+02:00,45594.0
2016-10-09 02:00:00+02:00,44904.0
2016-10-09 03:00:00+02:00,43518.0
2016-10-09 04:00:00+02:00,43163.0
2016-10-09 05:00:00+02:00,43238.0
2016-10-09 06:00:00+02:00,43424.0
2016-10-09 07:00:00+02:00,44468.0
2016-10-09 08:00:00+02:00,44910.0
2016-10-09 09:00:00+02:00,46492.0
2016-10-09 10:00:00+02:00,47881.0
2016-10-09 11:00:00+02:00,49233.0
2016-10-09 12:00:00+02:00,50541.0
2016-10-09 13:00:00+02:00,50757.0
2016-10-09 14:00:00+02:00,50233.0
2016-10-09 15:00:00+02:00,49358.0
2016-10-09 16:00:00+02:00,48763.0
2016-10-09 17:00:00+02:00,49555.0
2016-10-09 18:00:00+02:00,51338.0
2016-10-09 19:00:00+02:00,53975.0
2016-10-09 20:00:00+02:00,53589.0
2016-10-09 21:00:00+02:00,52522.0
2016-10-09 22:00:00+02:00,51967.0
2016-10-09 23:00:00+02:00,51765.0
2016-10-10 00:00:00+02:00,48042.0
2016-10-10 01:00:00+02:00,46909.0
2016-10-10 02:00:00+02:00,46385.0
2016-10-10 03:00:00+02:00,46860.0
2016-10-10 04:00:00+02:00,46568.0
2016-10-10 05:00:00+02:00,47353.0
2016-10-10 06:00:00+02:00,50744.0
2016-10-10 07:00:00+02:00,55100.0
2016-10-10 08:00:00+02:00,57071.0
2016-10-10 09:00:00+02:00,58728.0
2016-10-10 10:00:00+02:00,58947.0
2016-10-10 11:00:00+02:00,58374.0
2016-10-10 12:00:00+02:00,57912.0
2016-10-10 13:00:00+02:00,57451.0
2016-10-10 14:00:00+02:00,57027.0
2016-10-10 15:00:00+02:00,56331.0
2016-10-10 16:00:00+02:00,56170.0
2016-10-10 17:00:00+02:00,56710.0
2016-10-10 18:00:00+02:00,57945.0
2016-10-10 19:00:00+02:00,60006.0
2016-10-10 20:00:00+02:00,58212.0
2016-10-10 21:00:00+02:00,55451.0
2016-10-10 22:00:00+02:00,55158.0
2016-10-10 23:00:00+02:00,53911.0
2016-10-11 00:00:00+02:00,52466.0
2016-10-11 01:00:00+02:00,51640.0
2016-10-11 02:00:00+02:00,51366.0
2016-10-11 03:00:00+02:00,50802.0
2016-10-11 04:00:00+02:00,50153.0
2016-10-11 05:00:00+02:00,51582.0
2016-10-11 06:00:00+02:00,55706.0
2016-10-11 07:00:00+02:00,58602.0
2016-10-11 08:00:00+02:00,60724.0
2016-10-11 09:00:00+02:00,61529.0
2016-10-11 10:00:00+02:00,61818.0
2016-10-11 11:00:00+02:00,61610.0
2016-10-11 12:00:00+02:00,60844.0
2016-10-11 13:00:00+02:00,60169.0
2016-10-11 14:00:00+02:00,59676.0
2016-10-11 15:00:00+02:00,58830.0
2016-10-11 16:00:00+02:00,58318.0
2016-10-11 17:00:00+02:00,57987.0
2016-10-11 18:00:00+02:00,58617.0
2016-10-11 19:00:00+02:00,61758.0
2016-10-11 20:00:00+02:00,60548.0
2016-10-11 21:00:00+02:00,57225.0
2016-10-11 22:00:00+02:00,56913.0
2016-10-11 23:00:00+02:00,56533.0
2016-10-12 00:00:00+02:00,52499.0
2016-10-12 01:00:00+02:00,51551.0
2016-10-12 02:00:00+02:00,51860.0
2016-10-12 03:00:00+02:00,51337.0
2016-10-12 04:00:00+02:00,51226.0
2016-10-12 05:00:00+02:00,52097.0
2016-10-12 06:00:00+02:00,56237.0
2016-10-12 07:00:00+02:00,58564.0
2016-10-12 08:00:00+02:00,59874.0
2016-10-12 09:00:00+02:00,61552.0
2016-10-12 10:00:00+02:00,61421.0
2016-10-12 11:00:00+02:00,60921.0
2016-10-12 12:00:00+02:00,60948.0
2016-10-12 13:00:00+02:00,60793.0
2016-10-12 14:00:00+02:00,59692.0
2016-10-12 15:00:00+02:00,58713.0
2016-10-12 16:00:00+02:00,58009.0
2016-10-12 17:00:00+02:00,58541.0
2016-10-12 18:00:00+02:00,59213.0
2016-10-12 19:00:00+02:00,61576.0
2016-10-12 20:00:00+02:00,60344.0
2016-10-12 21:00:00+02:00,58416.0
2016-10-12 22:00:00+02:00,58004.0
2016-10-12 23:00:00+02:00,57244.0
2016-10-13 00:00:00+02:00,54630.0
2016-10-13 01:00:00+02:00,53283.0
2016-10-13 02:00:00+02:00,53005.0
2016-10-13 03:00:00+02:00,52557.0
2016-10-13 04:00:00+02:00,52562.0
2016-10-13 05:00:00+02:00,53298.0
2016-10-13 06:00:00+02:00,56453.0
2016-10-13 07:00:00+02:00,58549.0
2016-10-13 08:00:00+02:00,59396.0
2016-10-13 09:00:00+02:00,60487.0
2016-10-13 10:00:00+02:00,60347.0
2016-10-13 11:00:00+02:00,61156.0
2016-10-13 12:00:00+02:00,60103.0
2016-10-13 13:00:00+02:00,59849.0
2016-10-13 14:00:00+02:00,59926.0
2016-10-13 15:00:00+02:00,58487.0
2016-10-13 16:00:00+02:00,57624.0
2016-10-13 17:00:00+02:00,57870.0
2016-10-13 18:00:00+02:00,58937.0
2016-10-13 19:00:00+02:00,61705.0
2016-10-13 20:00:00+02:00,59112.0
2016-10-13 21:00:00+02:00,56851.0
2016-10-13 22:00:00+02:00,56217.0
2016-10-13 23:00:00+02:00,55736.0
2016-10-14 00:00:00+02:00,53053.0
2016-10-14 01:00:00+02:00,51380.0
2016-10-14 02:00:00+02:00,50842.0
2016-10-14 03:00:00+02:00,50604.0
2016-10-14 04:00:00+02:00,50569.0
2016-10-14 05:00:00+02:00,50841.0
2016-10-14 06:00:00+02:00,53330.0
2016-10-14 07:00:00+02:00,55657.0
2016-10-14 08:00:00+02:00,56847.0
2016-10-14 09:00:00+02:00,58282.0
2016-10-14 10:00:00+02:00,58648.0
2016-10-14 11:00:00+02:00,59328.0
2016-10-14 12:00:00+02:00,59484.0
2016-10-14 13:00:00+02:00,59582.0
2016-10-14 14:00:00+02:00,59220.0
2016-10-14 15:00:00+02:00,57958.0
2016-10-14 16:00:00+02:00,57211.0
2016-10-14 17:00:00+02:00,56894.0
2016-10-14 18:00:00+02:00,58170.0
2016-10-14 19:00:00+02:00,60586.0
2016-10-14 20:00:00+02:00,58597.0
2016-10-14 21:00:00+02:00,57295.0
2016-10-14 22:00:00+02:00,56506.0
2016-10-14 23:00:00+02:00,56270.0
2016-10-15 00:00:00+02:00,53864.0
2016-10-15 01:00:00+02:00,50255.0
2016-10-15 02:00:00+02:00,49714.0
2016-10-15 03:00:00+02:00,49368.0
2016-10-15 04:00:00+02:00,48942.0
2016-10-15 05:00:00+02:00,48767.0
2016-10-15 06:00:00+02:00,49561.0
2016-10-15 07:00:00+02:00,50036.0
2016-10-15 08:00:00+02:00,50818.0
2016-10-15 09:00:00+02:00,54692.0
2016-10-15 10:00:00+02:00,56158.0
2016-10-15 11:00:00+02:00,56623.0
2016-10-15 12:00:00+02:00,55746.0
2016-10-15 13:00:00+02:00,54054.0
2016-10-15 14:00:00+02:00,52855.0
2016-10-15 15:00:00+02:00,52124.0
2016-10-15 16:00:00+02:00,51304.0
2016-10-15 17:00:00+02:00,50700.0
2016-10-15 18:00:00+02:00,51065.0
2016-10-15 19:00:00+02:00,54183.0
2016-10-15 20:00:00+02:00,54481.0
2016-10-15 21:00:00+02:00,51615.0
2016-10-15 22:00:00+02:00,51932.0
2016-10-15 23:00:00+02:00,52668.0
2016-10-16 00:00:00+02:00,51128.0
2016-10-16 01:00:00+02:00,49601.0
2016-10-16 02:00:00+02:00,47464.0
2016-10-16 03:00:00+02:00,46747.0
2016-10-16 04:00:00+02:00,46079.0
2016-10-16 05:00:00+02:00,46467.0
2016-10-16 06:00:00+02:00,46865.0
2016-10-16 07:00:00+02:00,47297.0
2016-10-16 08:00:00+02:00,48026.0
2016-10-16 09:00:00+02:00,49173.0
2016-10-16 10:00:00+02:00,50466.0
2016-10-16 11:00:00+02:00,50694.0
2016-10-16 12:00:00+02:00,51099.0
2016-10-16 13:00:00+02:00,50913.0
2016-10-16 14:00:00+02:00,50415.0
2016-10-16 15:00:00+02:00,49293.0
2016-10-16 16:00:00+02:00,48463.0
2016-10-16 17:00:00+02:00,48404.0
2016-10-16 18:00:00+02:00,50243.0
2016-10-16 19:00:00+02:00,53589.0
2016-10-16 20:00:00+02:00,53886.0
2016-10-16 21:00:00+02:00,52080.0
2016-10-16 22:00:00+02:00,51498.0
2016-10-16 23:00:00+02:00,51129.0
2016-10-17 00:00:00+02:00,50037.0
2016-10-17 01:00:00+02:00,48778.0
2016-10-17 02:00:00+02:00,48010.0
2016-10-17 03:00:00+02:00,48039.0
2016-10-17 04:00:00+02:00,47937.0
2016-10-17 05:00:00+02:00,49073.0
2016-10-17 06:00:00+02:00,52217.0
2016-10-17 07:00:00+02:00,55011.0
2016-10-17 08:00:00+02:00,55692.0
2016-10-17 09:00:00+02:00,56485.0
2016-10-17 10:00:00+02:00,56954.0
2016-10-17 11:00:00+02:00,57117.0
2016-10-17 12:00:00+02:00,56525.0
2016-10-17 13:00:00+02:00,56472.0
2016-10-17 14:00:00+02:00,56151.0
2016-10-17 15:00:00+02:00,55575.0
2016-10-17 16:00:00+02:00,54823.0
2016-10-17 17:00:00+02:00,54233.0
2016-10-17 18:00:00+02:00,56252.0
2016-10-17 19:00:00+02:00,58864.0
2016-10-17 20:00:00+02:00,57320.0
2016-10-17 21:00:00+02:00,54632.0
2016-10-17 22:00:00+02:00,53184.0
2016-10-17 23:00:00+02:00,53040.0
2016-10-18 00:00:00+02:00,51427.0
2016-10-18 01:00:00+02:00,49886.0
2016-10-18 02:00:00+02:00,49721.0
2016-10-18 03:00:00+02:00,49065.0
2016-10-18 04:00:00+02:00,48904.0
2016-10-18 05:00:00+02:00,50012.0
2016-10-18 06:00:00+02:00,53313.0
2016-10-18 07:00:00+02:00,56061.0
2016-10-18 08:00:00+02:00,56835.0
2016-10-18 09:00:00+02:00,57556.0
2016-10-18 10:00:00+02:00,58613.0
2016-10-18 11:00:00+02:00,59169.0
2016-10-18 12:00:00+02:00,59026.0
2016-10-18 13:00:00+02:00,59565.0
2016-10-18 14:00:00+02:00,59281.0
2016-10-18 15:00:00+02:00,58080.0
2016-10-18 16:00:00+02:00,57210.0
2016-10-18 17:00:00+02:00,56605.0
2016-10-18 18:00:00+02:00,57526.0
2016-10-18 19:00:00+02:00,60703.0
2016-10-18 20:00:00+02:00,58537.0
2016-10-18 21:00:00+02:00,55913.0
2016-10-18 22:00:00+02:00,55175.0
2016-10-18 23:00:00+02:00,54467.0
2016-10-19 00:00:00+02:00,53661.0
2016-10-19 01:00:00+02:00,52052.0
2016-10-19 02:00:00+02:00,51779.0
2016-10-19 03:00:00+02:00,51226.0
2016-10-19 04:00:00+02:00,50988.0
2016-10-19 05:00:00+02:00,51754.0
2016-10-19 06:00:00+02:00,54761.0
2016-10-19 07:00:00+02:00,57908.0
2016-10-19 08:00:00+02:00,59026.0
2016-10-19 09:00:00+02:00,59368.0
2016-10-19 10:00:00+02:00,59006.0
2016-10-19 11:00:00+02:00,59010.0
2016-10-19 12:00:00+02:00,59393.0
2016-10-19 13:00:00+02:00,59450.0
2016-10-19 14:00:00+02:00,59317.0
2016-10-19 15:00:00+02:00,59264.0
2016-10-19 16:00:00+02:00,58257.0
2016-10-19 17:00:00+02:00,57675.0
2016-10-19 18:00:00+02:00,58504.0
2016-10-19 19:00:00+02:00,61838.0
2016-10-19 20:00:00+02:00,58179.0
2016-10-19 21:00:00+02:00,56485.0
2016-10-19 22:00:00+02:00,56200.0
2016-10-19 23:00:00+02:00,55935.0
2016-10-20 00:00:00+02:00,54213.0
2016-10-20 01:00:00+02:00,52872.0
2016-10-20 02:00:00+02:00,52230.0
2016-10-20 03:00:00+02:00,51621.0
2016-10-20 04:00:00+02:00,51833.0
2016-10-20 05:00:00+02:00,52642.0
2016-10-20 06:00:00+02:00,56712.0
2016-10-20 07:00:00+02:00,60423.0
2016-10-20 08:00:00+02:00,62082.0
2016-10-20 09:00:00+02:00,62714.0
2016-10-20 10:00:00+02:00,63507.0
2016-10-20 11:00:00+02:00,63720.0
2016-10-20 12:00:00+02:00,61956.0
2016-10-20 13:00:00+02:00,61876.0
2016-10-20 14:00:00+02:00,61991.0
2016-10-20 15:00:00+02:00,61081.0
2016-10-20 16:00:00+02:00,60592.0
2016-10-20 17:00:00+02:00,61143.0
2016-10-20 18:00:00+02:00,62148.0
2016-10-20 19:00:00+02:00,63351.0
2016-10-20 20:00:00+02:00,60363.0
2016-10-20 21:00:00+02:00,57581.0
2016-10-20 22:00:00+02:00,57920.0
2016-10-20 23:00:00+02:00,57342.0
2016-10-21 00:00:00+02:00,55384.0
2016-10-21 01:00:00+02:00,53114.0
2016-10-21 02:00:00+02:00,52144.0
2016-10-21 03:00:00+02:00,52563.0
2016-10-21 04:00:00+02:00,51976.0
2016-10-21 05:00:00+02:00,52619.0
2016-10-21 06:00:00+02:00,56589.0
2016-10-21 07:00:00+02:00,60360.0
2016-10-21 08:00:00+02:00,61659.0
2016-10-21 09:00:00+02:00,62872.0
2016-10-21 10:00:00+02:00,62441.0
2016-10-21 11:00:00+02:00,62598.0
2016-10-21 12:00:00+02:00,61425.0
2016-10-21 13:00:00+02:00,61040.0
2016-10-21 14:00:00+02:00,60128.0
2016-10-21 15:00:00+02:00,59178.0
2016-10-21 16:00:00+02:00,58666.0
2016-10-21 17:00:00+02:00,58369.0
2016-10-21 18:00:00+02:00,59213.0
2016-10-21 19:00:00+02:00,62654.0
2016-10-21 20:00:00+02:00,59626.0
2016-10-21 21:00:00+02:00,57284.0
2016-10-21 22:00:00+02:00,56834.0
2016-10-21 23:00:00+02:00,56662.0
2016-10-22 00:00:00+02:00,52098.0
2016-10-22 01:00:00+02:00,49444.0
2016-10-22 02:00:00+02:00,48237.0
2016-10-22 03:00:00+02:00,47858.0
2016-10-22 04:00:00+02:00,47954.0
2016-10-22 05:00:00+02:00,48175.0
2016-10-22 06:00:00+02:00,48814.0
2016-10-22 07:00:00+02:00,49533.0
2016-10-22 08:00:00+02:00,51320.0
2016-10-22 09:00:00+02:00,53947.0
2016-10-22 10:00:00+02:00,54884.0
2016-10-22 11:00:00+02:00,53923.0
2016-10-22 12:00:00+02:00,53496.0
2016-10-22 13:00:00+02:00,52937.0
2016-10-22 14:00:00+02:00,51967.0
2016-10-22 15:00:00+02:00,51420.0
2016-10-22 16:00:00+02:00,50970.0
2016-10-22 17:00:00+02:00,50527.0
2016-10-22 18:00:00+02:00,53499.0
2016-10-22 19:00:00+02:00,56954.0
2016-10-22 20:00:00+02:00,55658.0
2016-10-22 21:00:00+02:00,52336.0
2016-10-22 22:00:00+02:00,53037.0
2016-10-22 23:00:00+02:00,52207.0
2016-10-23 00:00:00+02:00,51721.0
2016-10-23 01:00:00+02:00,49975.0
2016-10-23 02:00:00+02:00,48981.0
2016-10-23 03:00:00+02:00,48305.0
2016-10-23 04:00:00+02:00,47864.0
2016-10-23 05:00:00+02:00,48041.0
2016-10-23 06:00:00+02:00,48558.0
2016-10-23 07:00:00+02:00,48893.0
2016-10-23 08:00:00+02:00,49551.0
2016-10-23 09:00:00+02:00,50855.0
2016-10-23 10:00:00+02:00,51899.0
2016-10-23 11:00:00+02:00,53231.0
2016-10-23 12:00:00+02:00,52817.0
2016-10-23 13:00:00+02:00,52073.0
2016-10-23 14:00:00+02:00,51181.0
2016-10-23 15:00:00+02:00,49899.0
2016-10-23 16:00:00+02:00,49217.0
2016-10-23 17:00:00+02:00,49913.0
2016-10-23 18:00:00+02:00,51658.0
2016-10-23 19:00:00+02:00,54737.0
2016-10-23 20:00:00+02:00,53568.0
2016-10-23 21:00:00+02:00,52092.0
2016-10-23 22:00:00+02:00,51589.0
2016-10-23 23:00:00+02:00,51353.0
2016-10-24 00:00:00+02:00,49879.0
2016-10-24 01:00:00+02:00,49047.0
2016-10-24 02:00:00+02:00,48180.0
2016-10-24 03:00:00+02:00,48451.0
2016-10-24 04:00:00+02:00,48396.0
2016-10-24 05:00:00+02:00,49108.0
2016-10-24 06:00:00+02:00,51890.0
2016-10-24 07:00:00+02:00,55939.0
2016-10-24 08:00:00+02:00,57750.0
2016-10-24 09:00:00+02:00,58209.0
2016-10-24 10:00:00+02:00,58974.0
2016-10-24 11:00:00+02:00,58887.0
2016-10-24 12:00:00+02:00,58685.0
2016-10-24 13:00:00+02:00,58668.0
2016-10-24 14:00:00+02:00,57347.0
2016-10-24 15:00:00+02:00,56602.0
2016-10-24 16:00:00+02:00,56313.0
2016-10-24 17:00:00+02:00,57097.0
2016-10-24 18:00:00+02:00,59250.0
2016-10-24 19:00:00+02:00,61481.0
2016-10-24 20:00:00+02:00,58383.0
2016-10-24 21:00:00+02:00,55596.0
2016-10-24 22:00:00+02:00,54891.0
2016-10-24 23:00:00+02:00,53358.0
2016-10-25 00:00:00+02:00,50613.0
2016-10-25 01:00:00+02:00,50008.0
2016-10-25 02:00:00+02:00,49774.0
2016-10-25 03:00:00+02:00,48785.0
2016-10-25 04:00:00+02:00,47820.0
2016-10-25 05:00:00+02:00,48832.0
2016-10-25 06:00:00+02:00,51730.0
2016-10-25 07:00:00+02:00,54927.0
2016-10-25 08:00:00+02:00,57229.0
2016-10-25 09:00:00+02:00,58575.0
2016-10-25 10:00:00+02:00,59093.0
2016-10-25 11:00:00+02:00,59447.0
2016-10-25 12:00:00+02:00,58465.0
2016-10-25 13:00:00+02:00,57876.0
2016-10-25 14:00:00+02:00,57080.0
2016-10-25 15:00:00+02:00,55714.0
2016-10-25 16:00:00+02:00,55594.0
2016-10-25 17:00:00+02:00,55950.0
2016-10-25 18:00:00+02:00,59004.0
2016-10-25 19:00:00+02:00,61572.0
2016-10-25 20:00:00+02:00,58529.0
2016-10-25 21:00:00+02:00,54997.0
2016-10-25 22:00:00+02:00,54113.0
2016-10-25 23:00:00+02:00,53462.0
2016-10-26 00:00:00+02:00,52976.0
2016-10-26 01:00:00+02:00,51766.0
2016-10-26 02:00:00+02:00,51594.0
2016-10-26 03:00:00+02:00,51057.0
2016-10-26 04:00:00+02:00,51066.0
2016-10-26 05:00:00+02:00,51719.0
2016-10-26 06:00:00+02:00,54805.0
2016-10-26 07:00:00+02:00,57606.0
2016-10-26 08:00:00+02:00,59538.0
2016-10-26 09:00:00+02:00,60031.0
2016-10-26 10:00:00+02:00,60455.0
2016-10-26 11:00:00+02:00,60796.0
2016-10-26 12:00:00+02:00,60264.0
2016-10-26 13:00:00+02:00,59555.0
2016-10-26 14:00:00+02:00,58638.0
2016-10-26 15:00:00+02:00,57749.0
2016-10-26 16:00:00+02:00,56936.0
2016-10-26 17:00:00+02:00,57124.0
2016-10-26 18:00:00+02:00,59024.0
2016-10-26 19:00:00+02:00,60968.0
2016-10-26 20:00:00+02:00,58952.0
2016-10-26 21:00:00+02:00,57194.0
2016-10-26 22:00:00+02:00,56224.0
2016-10-26 23:00:00+02:00,55948.0
2016-10-27 00:00:00+02:00,54668.0
2016-10-27 01:00:00+02:00,53119.0
2016-10-27 02:00:00+02:00,53226.0
2016-10-27 03:00:00+02:00,52926.0
2016-10-27 04:00:00+02:00,52164.0
2016-10-27 05:00:00+02:00,52881.0
2016-10-27 06:00:00+02:00,54441.0
2016-10-27 07:00:00+02:00,58132.0
2016-10-27 08:00:00+02:00,59757.0
2016-10-27 09:00:00+02:00,61404.0
2016-10-27 10:00:00+02:00,61677.0
2016-10-27 11:00:00+02:00,61764.0
2016-10-27 12:00:00+02:00,60322.0
2016-10-27 13:00:00+02:00,60211.0
2016-10-27 14:00:00+02:00,59705.0
2016-10-27 15:00:00+02:00,58423.0
2016-10-27 16:00:00+02:00,57590.0
2016-10-27 17:00:00+02:00,57089.0
2016-10-27 18:00:00+02:00,59185.0
2016-10-27 19:00:00+02:00,61934.0
2016-10-27 20:00:00+02:00,60357.0
2016-10-27 21:00:00+02:00,56374.0
2016-10-27 22:00:00+02:00,56590.0
2016-10-27 23:00:00+02:00,56223.0
2016-10-28 00:00:00+02:00,53793.0
2016-10-28 01:00:00+02:00,52448.0
2016-10-28 02:00:00+02:00,51641.0
2016-10-28 03:00:00+02:00,50774.0
2016-10-28 04:00:00+02:00,50649.0
2016-10-28 05:00:00+02:00,52041.0
2016-10-28 06:00:00+02:00,53687.0
2016-10-28 07:00:00+02:00,57242.0
2016-10-28 08:00:00+02:00,58531.0
2016-10-28 09:00:00+02:00,59406.0
2016-10-28 10:00:00+02:00,60227.0
2016-10-28 11:00:00+02:00,59915.0
2016-10-28 12:00:00+02:00,59775.0
2016-10-28 13:00:00+02:00,59620.0
2016-10-28 14:00:00+02:00,58959.0
2016-10-28 15:00:00+02:00,58032.0
2016-10-28 16:00:00+02:00,57418.0
2016-10-28 17:00:00+02:00,57046.0
2016-10-28 18:00:00+02:00,59081.0
2016-10-28 19:00:00+02:00,60792.0
2016-10-28 20:00:00+02:00,58156.0
2016-10-28 21:00:00+02:00,56360.0
2016-10-28 22:00:00+02:00,56120.0
2016-10-28 23:00:00+02:00,55746.0
2016-10-29 00:00:00+02:00,54665.0
2016-10-29 01:00:00+02:00,52098.0
2016-10-29 02:00:00+02:00,50618.0
2016-10-29 03:00:00+02:00,50060.0
2016-10-29 04:00:00+02:00,50226.0
2016-10-29 05:00:00+02:00,49938.0
2016-10-29 06:00:00+02:00,49883.0
2016-10-29 07:00:00+02:00,50650.0
2016-10-29 08:00:00+02:00,51465.0
2016-10-29 09:00:00+02:00,53958.0
2016-10-29 10:00:00+02:00,55512.0
2016-10-29 11:00:00+02:00,56166.0
2016-10-29 12:00:00+02:00,56243.0
2016-10-29 13:00:00+02:00,55254.0
2016-10-29 14:00:00+02:00,53610.0
2016-10-29 15:00:00+02:00,52554.0
2016-10-29 16:00:00+02:00,51724.0
2016-10-29 17:00:00+02:00,51794.0
2016-10-29 18:00:00+02:00,53484.0
2016-10-29 19:00:00+02:00,55672.0
2016-10-29 20:00:00+02:00,54896.0
2016-10-29 21:00:00+02:00,53025.0
2016-10-29 22:00:00+02:00,53483.0
2016-10-29 23:00:00+02:00,54235.0
2016-10-30 00:00:00+02:00,53952.0
2016-10-30 01:00:00+02:00,51758.0
2016-10-30 02:00:00+02:00,50593.0
2016-10-30 02:00:00+01:00,50463.0
2016-10-30 03:00:00+01:00,49426.0
2016-10-30 04:00:00+01:00,48429.0
2016-10-30 05:00:00+01:00,48761.0
2016-10-30 06:00:00+01:00,49364.0
2016-10-30 07:00:00+01:00,49719.0
2016-10-30 08:00:00+01:00,50618.0
2016-10-30 09:00:00+01:00,52027.0
2016-10-30 10:00:00+01:00,52830.0
2016-10-30 11:00:00+01:00,53897.0
2016-10-30 12:00:00+01:00,54039.0
2016-10-30 13:00:00+01:00,53549.0
2016-10-30 14:00:00+01:00,52427.0
2016-10-30 15:00:00+01:00,51508.0
2016-10-30 16:00:00+01:00,51405.0
2016-10-30 17:00:00+01:00,52498.0
2016-10-30 18:00:00+01:00,55674.0
2016-10-30 19:00:00+01:00,56765.0
2016-10-30 20:00:00+01:00,56079.0
2016-10-30 21:00:00+01:00,54120.0
2016-10-30 22:00:00+01:00,54064.0
2016-10-30 23:00:00+01:00,54530.0
2016-10-31 00:00:00+01:00,53341.0
2016-10-31 01:00:00+01:00,52317.0
2016-10-31 02:00:00+01:00,51538.0
2016-10-31 03:00:00+01:00,51076.0
2016-10-31 04:00:00+01:00,51255.0
2016-10-31 05:00:00+01:00,51514.0
2016-10-31 06:00:00+01:00,52775.0
2016-10-31 07:00:00+01:00,53853.0
2016-10-31 08:00:00+01:00,55451.0
2016-10-31 09:00:00+01:00,57143.0
2016-10-31 10:00:00+01:00,57703.0
2016-10-31 11:00:00+01:00,57993.0
2016-10-31 12:00:00+01:00,57420.0
2016-10-31 13:00:00+01:00,57170.0
2016-10-31 14:00:00+01:00,56033.0
2016-10-31 15:00:00+01:00,54722.0
2016-10-31 16:00:00+01:00,54720.0
2016-10-31 17:00:00+01:00,56189.0
2016-10-31 18:00:00+01:00,58776.0
2016-10-31 19:00:00+01:00,59673.0
2016-10-31 20:00:00+01:00,57873.0
2016-10-31 21:00:00+01:00,54677.0
2016-10-31 22:00:00+01:00,54430.0
2016-10-31 23:00:00+01:00,54085.0
2016-11-01 00:00:00+01:00,54501.0
2016-11-01 01:00:00+01:00,53322.0
2016-11-01 02:00:00+01:00,52237.0
2016-11-01 03:00:00+01:00,51364.0
2016-11-01 04:00:00+01:00,50750.0
2016-11-01 05:00:00+01:00,50801.0
2016-11-01 06:00:00+01:00,51097.0
2016-11-01 07:00:00+01:00,51366.0
2016-11-01 08:00:00+01:00,52163.0
2016-11-01 09:00:00+01:00,53736.0
2016-11-01 10:00:00+01:00,53820.0
2016-11-01 11:00:00+01:00,54358.0
2016-11-01 12:00:00+01:00,54971.0
2016-11-01 13:00:00+01:00,54555.0
2016-11-01 14:00:00+01:00,53418.0
2016-11-01 15:00:00+01:00,52344.0
2016-11-01 16:00:00+01:00,51908.0
2016-11-01 17:00:00+01:00,53079.0
2016-11-01 18:00:00+01:00,56047.0
2016-11-01 19:00:00+01:00,56624.0
2016-11-01 20:00:00+01:00,55794.0
2016-11-01 21:00:00+01:00,54504.0
2016-11-01 22:00:00+01:00,54743.0
2016-11-01 23:00:00+01:00,54920.0
2016-11-02 00:00:00+01:00,53971.0
2016-11-02 01:00:00+01:00,53078.0
2016-11-02 02:00:00+01:00,52899.0
2016-11-02 03:00:00+01:00,51853.0
2016-11-02 04:00:00+01:00,52178.0
2016-11-02 05:00:00+01:00,53563.0
2016-11-02 06:00:00+01:00,55103.0
2016-11-02 07:00:00+01:00,57434.0
2016-11-02 08:00:00+01:00,58892.0
2016-11-02 09:00:00+01:00,60425.0
2016-11-02 10:00:00+01:00,60221.0
2016-11-02 11:00:00+01:00,60744.0
2016-11-02 12:00:00+01:00,60539.0
2016-11-02 13:00:00+01:00,60454.0
2016-11-02 14:00:00+01:00,59799.0
2016-11-02 15:00:00+01:00,58907.0
2016-11-02 16:00:00+01:00,58468.0
2016-11-02 17:00:00+01:00,60152.0
2016-11-02 18:00:00+01:00,62625.0
2016-11-02 19:00:00+01:00,62713.0
2016-11-02 20:00:00+01:00,60384.0
2016-11-02 21:00:00+01:00,58433.0
2016-11-02 22:00:00+01:00,57669.0
2016-11-02 23:00:00+01:00,57411.0
2016-11-03 00:00:00+01:00,56793.0
2016-11-03 01:00:00+01:00,55496.0
2016-11-03 02:00:00+01:00,54887.0
2016-11-03 03:00:00+01:00,54327.0
2016-11-03 04:00:00+01:00,53893.0
2016-11-03 05:00:00+01:00,54865.0
2016-11-03 06:00:00+01:00,57606.0
2016-11-03 07:00:00+01:00,60185.0
2016-11-03 08:00:00+01:00,61657.0
2016-11-03 09:00:00+01:00,62128.0
2016-11-03 10:00:00+01:00,62145.0
2016-11-03 11:00:00+01:00,61979.0
2016-11-03 12:00:00+01:00,61506.0
2016-11-03 13:00:00+01:00,61245.0
2016-11-03 14:00:00+01:00,60541.0
2016-11-03 15:00:00+01:00,59567.0
2016-11-03 16:00:00+01:00,59494.0
2016-11-03 17:00:00+01:00,61017.0
2016-11-03 18:00:00+01:00,66145.0
2016-11-03 19:00:00+01:00,65967.0
2016-11-03 20:00:00+01:00,61986.0
2016-11-03 21:00:00+01:00,59387.0
2016-11-03 22:00:00+01:00,58478.0
2016-11-03 23:00:00+01:00,58200.0
2016-11-04 00:00:00+01:00,57850.0
2016-11-04 01:00:00+01:00,56206.0
2016-11-04 02:00:00+01:00,55111.0
2016-11-04 03:00:00+01:00,53676.0
2016-11-04 04:00:00+01:00,53946.0
2016-11-04 05:00:00+01:00,54523.0
2016-11-04 06:00:00+01:00,57117.0
2016-11-04 07:00:00+01:00,58677.0
2016-11-04 08:00:00+01:00,59529.0
2016-11-04 09:00:00+01:00,59946.0
2016-11-04 10:00:00+01:00,59853.0
2016-11-04 11:00:00+01:00,59355.0
2016-11-04 12:00:00+01:00,59334.0
2016-11-04 13:00:00+01:00,58155.0
2016-11-04 14:00:00+01:00,57123.0
2016-11-04 15:00:00+01:00,57304.0
2016-11-04 16:00:00+01:00,58051.0
2016-11-04 17:00:00+01:00,60919.0
2016-11-04 18:00:00+01:00,64835.0
2016-11-04 19:00:00+01:00,63861.0
2016-11-04 20:00:00+01:00,60346.0
2016-11-04 21:00:00+01:00,58016.0
2016-11-04 22:00:00+01:00,58172.0
2016-11-04 23:00:00+01:00,58059.0
2016-11-05 00:00:00+01:00,57528.0
2016-11-05 01:00:00+01:00,54958.0
2016-11-05 02:00:00+01:00,54351.0
2016-11-05 03:00:00+01:00,53585.0
2016-11-05 04:00:00+01:00,53326.0
2016-11-05 05:00:00+01:00,52465.0
2016-11-05 06:00:00+01:00,52640.0
2016-11-05 07:00:00+01:00,53324.0
2016-11-05 08:00:00+01:00,53889.0
2016-11-05 09:00:00+01:00,55016.0
2016-11-05 10:00:00+01:00,56082.0
2016-11-05 11:00:00+01:00,57482.0
2016-11-05 12:00:00+01:00,57436.0
2016-11-05 13:00:00+01:00,56721.0
2016-11-05 14:00:00+01:00,55559.0
2016-11-05 15:00:00+01:00,54543.0
2016-11-05 16:00:00+01:00,54117.0
2016-11-05 17:00:00+01:00,56025.0
2016-11-05 18:00:00+01:00,59822.0
2016-11-05 19:00:00+01:00,60617.0
2016-11-05 20:00:00+01:00,57789.0
2016-11-05 21:00:00+01:00,55637.0
2016-11-05 22:00:00+01:00,55751.0
2016-11-05 23:00:00+01:00,56140.0
2016-11-06 00:00:00+01:00,58169.0
2016-11-06 01:00:00+01:00,56019.0
2016-11-06 02:00:00+01:00,54418.0
2016-11-06 03:00:00+01:00,52558.0
2016-11-06 04:00:00+01:00,52132.0
2016-11-06 05:00:00+01:00,52053.0
2016-11-06 06:00:00+01:00,52334.0
2016-11-06 07:00:00+01:00,52606.0
2016-11-06 08:00:00+01:00,54280.0
2016-11-06 09:00:00+01:00,56768.0
2016-11-06 10:00:00+01:00,58382.0
2016-11-06 11:00:00+01:00,59184.0
2016-11-06 12:00:00+01:00,60110.0
2016-11-06 13:00:00+01:00,59823.0
2016-11-06 14:00:00+01:00,58486.0
2016-11-06 15:00:00+01:00,57802.0
2016-11-06 16:00:00+01:00,57433.0
2016-11-06 17:00:00+01:00,58714.0
2016-11-06 18:00:00+01:00,62529.0
2016-11-06 19:00:00+01:00,63745.0
2016-11-06 20:00:00+01:00,62441.0
2016-11-06 21:00:00+01:00,60621.0
2016-11-06 22:00:00+01:00,59866.0
2016-11-06 23:00:00+01:00,60788.0
2016-11-07 00:00:00+01:00,60853.0
2016-11-07 01:00:00+01:00,59842.0
2016-11-07 02:00:00+01:00,59548.0
2016-11-07 03:00:00+01:00,58506.0
2016-11-07 04:00:00+01:00,58824.0
2016-11-07 05:00:00+01:00,60011.0
2016-11-07 06:00:00+01:00,61833.0
2016-11-07 07:00:00+01:00,63250.0
2016-11-07 08:00:00+01:00,66190.0
2016-11-07 09:00:00+01:00,67008.0
2016-11-07 10:00:00+01:00,66305.0
2016-11-07 11:00:00+01:00,66875.0
2016-11-07 12:00:00+01:00,66580.0
2016-11-07 13:00:00+01:00,66302.0
2016-11-07 14:00:00+01:00,65484.0
2016-11-07 15:00:00+01:00,64907.0
2016-11-07 16:00:00+01:00,64617.0
2016-11-07 17:00:00+01:00,67553.0
2016-11-07 18:00:00+01:00,70073.0
2016-11-07 19:00:00+01:00,70467.0
2016-11-07 20:00:00+01:00,67153.0
2016-11-07 21:00:00+01:00,63553.0
2016-11-07 22:00:00+01:00,62123.0
2016-11-07 23:00:00+01:00,61882.0
2016-11-08 00:00:00+01:00,61311.0
2016-11-08 01:00:00+01:00,59500.0
2016-11-08 02:00:00+01:00,58778.0
2016-11-08 03:00:00+01:00,58201.0
2016-11-08 04:00:00+01:00,58073.0
2016-11-08 05:00:00+01:00,59003.0
2016-11-08 06:00:00+01:00,62509.0
2016-11-08 07:00:00+01:00,64376.0
2016-11-08 08:00:00+01:00,67602.0
2016-11-08 09:00:00+01:00,68437.0
2016-11-08 10:00:00+01:00,68045.0
2016-11-08 11:00:00+01:00,68447.0
2016-11-08 12:00:00+01:00,68412.0
2016-11-08 13:00:00+01:00,68286.0
2016-11-08 14:00:00+01:00,67788.0
2016-11-08 15:00:00+01:00,67111.0
2016-11-08 16:00:00+01:00,67057.0
2016-11-08 17:00:00+01:00,68799.0
2016-11-08 18:00:00+01:00,72946.0
2016-11-08 19:00:00+01:00,73483.0
2016-11-08 20:00:00+01:00,68456.0
2016-11-08 21:00:00+01:00,65508.0
2016-11-08 22:00:00+01:00,65064.0
2016-11-08 23:00:00+01:00,64851.0
2016-11-09 00:00:00+01:00,61987.0
2016-11-09 01:00:00+01:00,59771.0
2016-11-09 02:00:00+01:00,59624.0
2016-11-09 03:00:00+01:00,59011.0
2016-11-09 04:00:00+01:00,58823.0
2016-11-09 05:00:00+01:00,59823.0
2016-11-09 06:00:00+01:00,62767.0
2016-11-09 07:00:00+01:00,65824.0
2016-11-09 08:00:00+01:00,67723.0
2016-11-09 09:00:00+01:00,68944.0
2016-11-09 10:00:00+01:00,69953.0
2016-11-09 11:00:00+01:00,69828.0
2016-11-09 12:00:00+01:00,69838.0
2016-11-09 13:00:00+01:00,69695.0
2016-11-09 14:00:00+01:00,68797.0
2016-11-09 15:00:00+01:00,68494.0
2016-11-09 16:00:00+01:00,68550.0
2016-11-09 17:00:00+01:00,70546.0
2016-11-09 18:00:00+01:00,75115.0
2016-11-09 19:00:00+01:00,73729.0
2016-11-09 20:00:00+01:00,68679.0
2016-11-09 21:00:00+01:00,65306.0
2016-11-09 22:00:00+01:00,64011.0
2016-11-09 23:00:00+01:00,63867.0
2016-11-10 00:00:00+01:00,62738.0
2016-11-10 01:00:00+01:00,60610.0
2016-11-10 02:00:00+01:00,59537.0
2016-11-10 03:00:00+01:00,58900.0
2016-11-10 04:00:00+01:00,58706.0
2016-11-10 05:00:00+01:00,58801.0
2016-11-10 06:00:00+01:00,61504.0
2016-11-10 07:00:00+01:00,64206.0
2016-11-10 08:00:00+01:00,65296.0
2016-11-10 09:00:00+01:00,66368.0
2016-11-10 10:00:00+01:00,66470.0
2016-11-10 11:00:00+01:00,67041.0
2016-11-10 12:00:00+01:00,67596.0
2016-11-10 13:00:00+01:00,66931.0
2016-11-10 14:00:00+01:00,65554.0
2016-11-10 15:00:00+01:00,64645.0
2016-11-10 16:00:00+01:00,64935.0
2016-11-10 17:00:00+01:00,66736.0
2016-11-10 18:00:00+01:00,70987.0
2016-11-10 19:00:00+01:00,69541.0
2016-11-10 20:00:00+01:00,65925.0
2016-11-10 21:00:00+01:00,64181.0
2016-11-10 22:00:00+01:00,63651.0
2016-11-10 23:00:00+01:00,63822.0
2016-11-11 00:00:00+01:00,60048.0
2016-11-11 01:00:00+01:00,58356.0
2016-11-11 02:00:00+01:00,58374.0
2016-11-11 03:00:00+01:00,57746.0
2016-11-11 04:00:00+01:00,57553.0
2016-11-11 05:00:00+01:00,57155.0
2016-11-11 06:00:00+01:00,57670.0
2016-11-11 07:00:00+01:00,58334.0
2016-11-11 08:00:00+01:00,58857.0
2016-11-11 09:00:00+01:00,60853.0
2016-11-11 10:00:00+01:00,61587.0
2016-11-11 11:00:00+01:00,62727.0
2016-11-11 12:00:00+01:00,63393.0
2016-11-11 13:00:00+01:00,62530.0
2016-11-11 14:00:00+01:00,60168.0
2016-11-11 15:00:00+01:00,58177.0
2016-11-11 16:00:00+01:00,57966.0
2016-11-11 17:00:00+01:00,59958.0
2016-11-11 18:00:00+01:00,62321.0
2016-11-11 19:00:00+01:00,62137.0
2016-11-11 20:00:00+01:00,60327.0
2016-11-11 21:00:00+01:00,58591.0
2016-11-11 22:00:00+01:00,58822.0
2016-11-11 23:00:00+01:00,58752.0
2016-11-12 00:00:00+01:00,57580.0
2016-11-12 01:00:00+01:00,55655.0
2016-11-12 02:00:00+01:00,55300.0
2016-11-12 03:00:00+01:00,55247.0
2016-11-12 04:00:00+01:00,55351.0
2016-11-12 05:00:00+01:00,55363.0
2016-11-12 06:00:00+01:00,55719.0
2016-11-12 07:00:00+01:00,56328.0
2016-11-12 08:00:00+01:00,57390.0
2016-11-12 09:00:00+01:00,59112.0
2016-11-12 10:00:00+01:00,60461.0
2016-11-12 11:00:00+01:00,60511.0
2016-11-12 12:00:00+01:00,60296.0
2016-11-12 13:00:00+01:00,59624.0
2016-11-12 14:00:00+01:00,58344.0
2016-11-12 15:00:00+01:00,57747.0
2016-11-12 16:00:00+01:00,57488.0
2016-11-12 17:00:00+01:00,60011.0
2016-11-12 18:00:00+01:00,63967.0
2016-11-12 19:00:00+01:00,63697.0
2016-11-12 20:00:00+01:00,61251.0
2016-11-12 21:00:00+01:00,59616.0
2016-11-12 22:00:00+01:00,59473.0
2016-11-12 23:00:00+01:00,59827.0
2016-11-13 00:00:00+01:00,58126.0
2016-11-13 01:00:00+01:00,56566.0
2016-11-13 02:00:00+01:00,56088.0
2016-11-13 03:00:00+01:00,54941.0
2016-11-13 04:00:00+01:00,54123.0
2016-11-13 05:00:00+01:00,54060.0
2016-11-13 06:00:00+01:00,54117.0
2016-11-13 07:00:00+01:00,54180.0
2016-11-13 08:00:00+01:00,55498.0
2016-11-13 09:00:00+01:00,56664.0
2016-11-13 10:00:00+01:00,56887.0
2016-11-13 11:00:00+01:00,58123.0
2016-11-13 12:00:00+01:00,60094.0
2016-11-13 13:00:00+01:00,58884.0
2016-11-13 14:00:00+01:00,57154.0
2016-11-13 15:00:00+01:00,56381.0
2016-11-13 16:00:00+01:00,56033.0
2016-11-13 17:00:00+01:00,58088.0
2016-11-13 18:00:00+01:00,62371.0
2016-11-13 19:00:00+01:00,62972.0
2016-11-13 20:00:00+01:00,60683.0
2016-11-13 21:00:00+01:00,58752.0
2016-11-13 22:00:00+01:00,58442.0
2016-11-13 23:00:00+01:00,58480.0
2016-11-14 00:00:00+01:00,55136.0
2016-11-14 01:00:00+01:00,54070.0
2016-11-14 02:00:00+01:00,53541.0
2016-11-14 03:00:00+01:00,53422.0
2016-11-14 04:00:00+01:00,54036.0
2016-11-14 05:00:00+01:00,55610.0
2016-11-14 06:00:00+01:00,59283.0
2016-11-14 07:00:00+01:00,65519.0
2016-11-14 08:00:00+01:00,67385.0
2016-11-14 09:00:00+01:00,67713.0
2016-11-14 10:00:00+01:00,67212.0
2016-11-14 11:00:00+01:00,67032.0
2016-11-14 12:00:00+01:00,65987.0
2016-11-14 13:00:00+01:00,65621.0
2016-11-14 14:00:00+01:00,65813.0
2016-11-14 15:00:00+01:00,65124.0
2016-11-14 16:00:00+01:00,65375.0
2016-11-14 17:00:00+01:00,68492.0
2016-11-14 18:00:00+01:00,70930.0
2016-11-14 19:00:00+01:00,70929.0
2016-11-14 20:00:00+01:00,66791.0
2016-11-14 21:00:00+01:00,63003.0
2016-11-14 22:00:00+01:00,62856.0
2016-11-14 23:00:00+01:00,61952.0
2016-11-15 00:00:00+01:00,59817.0
2016-11-15 01:00:00+01:00,58201.0
2016-11-15 02:00:00+01:00,58263.0
2016-11-15 03:00:00+01:00,57677.0
2016-11-15 04:00:00+01:00,57562.0
2016-11-15 05:00:00+01:00,58645.0
2016-11-15 06:00:00+01:00,62667.0
2016-11-15 07:00:00+01:00,66065.0
2016-11-15 08:00:00+01:00,66951.0
2016-11-15 09:00:00+01:00,66644.0
2016-11-15 10:00:00+01:00,66947.0
2016-11-15 11:00:00+01:00,67165.0
2016-11-15 12:00:00+01:00,66398.0
2016-11-15 13:00:00+01:00,65927.0
2016-11-15 14:00:00+01:00,65612.0
2016-11-15 15:00:00+01:00,65331.0
2016-11-15 16:00:00+01:00,65914.0
2016-11-15 17:00:00+01:00,69177.0
2016-11-15 18:00:00+01:00,71541.0
2016-11-15 19:00:00+01:00,69484.0
2016-11-15 20:00:00+01:00,65653.0
2016-11-15 21:00:00+01:00,63365.0
2016-11-15 22:00:00+01:00,61597.0
2016-11-15 23:00:00+01:00,60889.0
2016-11-16 00:00:00+01:00,61228.0
2016-11-16 01:00:00+01:00,59938.0
2016-11-16 02:00:00+01:00,59649.0
2016-11-16 03:00:00+01:00,57723.0
2016-11-16 04:00:00+01:00,57286.0
2016-11-16 05:00:00+01:00,59247.0
2016-11-16 06:00:00+01:00,62505.0
2016-11-16 07:00:00+01:00,66284.0
2016-11-16 08:00:00+01:00,67789.0
2016-11-16 09:00:00+01:00,68150.0
2016-11-16 10:00:00+01:00,67797.0
2016-11-16 11:00:00+01:00,68292.0
2016-11-16 12:00:00+01:00,68582.0
2016-11-16 13:00:00+01:00,67636.0
2016-11-16 14:00:00+01:00,66490.0
2016-11-16 15:00:00+01:00,65244.0
2016-11-16 16:00:00+01:00,64805.0
2016-11-16 17:00:00+01:00,66536.0
2016-11-16 18:00:00+01:00,69239.0
2016-11-16 19:00:00+01:00,68824.0
2016-11-16 20:00:00+01:00,65741.0
2016-11-16 21:00:00+01:00,63258.0
2016-11-16 22:00:00+01:00,62452.0
2016-11-16 23:00:00+01:00,62871.0
2016-11-17 00:00:00+01:00,63554.0
2016-11-17 01:00:00+01:00,62325.0
2016-11-17 02:00:00+01:00,61070.0
2016-11-17 03:00:00+01:00,59545.0
2016-11-17 04:00:00+01:00,58911.0
2016-11-17 05:00:00+01:00,59945.0
2016-11-17 06:00:00+01:00,63750.0
2016-11-17 07:00:00+01:00,67092.0
2016-11-17 08:00:00+01:00,68327.0
2016-11-17 09:00:00+01:00,69655.0
2016-11-17 10:00:00+01:00,69569.0
2016-11-17 11:00:00+01:00,70197.0
2016-11-17 12:00:00+01:00,69997.0
2016-11-17 13:00:00+01:00,69710.0
2016-11-17 14:00:00+01:00,68940.0
2016-11-17 15:00:00+01:00,68283.0
2016-11-17 16:00:00+01:00,68462.0
2016-11-17 17:00:00+01:00,70775.0
2016-11-17 18:00:00+01:00,73717.0
2016-11-17 19:00:00+01:00,73041.0
2016-11-17 20:00:00+01:00,70193.0
2016-11-17 21:00:00+01:00,67727.0
2016-11-17 22:00:00+01:00,66726.0
2016-11-17 23:00:00+01:00,67106.0
2016-11-18 00:00:00+01:00,66990.0
2016-11-18 01:00:00+01:00,65676.0
2016-11-18 02:00:00+01:00,64726.0
2016-11-18 03:00:00+01:00,62440.0
2016-11-18 04:00:00+01:00,62135.0
2016-11-18 05:00:00+01:00,63903.0
2016-11-18 06:00:00+01:00,66168.0
2016-11-18 07:00:00+01:00,68971.0
2016-11-18 08:00:00+01:00,69425.0
2016-11-18 09:00:00+01:00,69712.0
2016-11-18 10:00:00+01:00,69585.0
2016-11-18 11:00:00+01:00,69673.0
2016-11-18 12:00:00+01:00,69731.0
2016-11-18 13:00:00+01:00,69526.0
2016-11-18 14:00:00+01:00,68593.0
2016-11-18 15:00:00+01:00,68149.0
2016-11-18 16:00:00+01:00,68623.0
2016-11-18 17:00:00+01:00,71462.0
2016-11-18 18:00:00+01:00,72946.0
2016-11-18 19:00:00+01:00,72073.0
2016-11-18 20:00:00+01:00,69818.0
2016-11-18 21:00:00+01:00,66619.0
2016-11-18 22:00:00+01:00,65956.0
2016-11-18 23:00:00+01:00,66093.0
2016-11-19 00:00:00+01:00,62720.0
2016-11-19 01:00:00+01:00,60981.0
2016-11-19 02:00:00+01:00,60796.0
2016-11-19 03:00:00+01:00,59654.0
2016-11-19 04:00:00+01:00,59344.0
2016-11-19 05:00:00+01:00,59851.0
2016-11-19 06:00:00+01:00,60329.0
2016-11-19 07:00:00+01:00,60643.0
2016-11-19 08:00:00+01:00,61791.0
2016-11-19 09:00:00+01:00,64352.0
2016-11-19 10:00:00+01:00,65870.0
2016-11-19 11:00:00+01:00,66576.0
2016-11-19 12:00:00+01:00,66942.0
2016-11-19 13:00:00+01:00,65843.0
2016-11-19 14:00:00+01:00,64047.0
2016-11-19 15:00:00+01:00,63095.0
2016-11-19 16:00:00+01:00,62922.0
2016-11-19 17:00:00+01:00,65994.0
2016-11-19 18:00:00+01:00,69125.0
2016-11-19 19:00:00+01:00,69747.0
2016-11-19 20:00:00+01:00,68103.0
2016-11-19 21:00:00+01:00,65884.0
2016-11-19 22:00:00+01:00,66129.0
2016-11-19 23:00:00+01:00,66891.0
2016-11-20 00:00:00+01:00,64928.0
2016-11-20 01:00:00+01:00,62055.0
2016-11-20 02:00:00+01:00,60860.0
2016-11-20 03:00:00+01:00,60547.0
2016-11-20 04:00:00+01:00,60067.0
2016-11-20 05:00:00+01:00,60436.0
2016-11-20 06:00:00+01:00,60845.0
2016-11-20 07:00:00+01:00,62193.0
2016-11-20 08:00:00+01:00,62360.0
2016-11-20 09:00:00+01:00,63189.0
2016-11-20 10:00:00+01:00,64112.0
2016-11-20 11:00:00+01:00,64855.0
2016-11-20 12:00:00+01:00,65736.0
2016-11-20 13:00:00+01:00,64772.0
2016-11-20 14:00:00+01:00,63146.0
2016-11-20 15:00:00+01:00,62666.0
2016-11-20 16:00:00+01:00,62290.0
2016-11-20 17:00:00+01:00,63111.0
2016-11-20 18:00:00+01:00,67454.0
2016-11-20 19:00:00+01:00,68585.0
2016-11-20 20:00:00+01:00,67561.0
2016-11-20 21:00:00+01:00,65715.0
2016-11-20 22:00:00+01:00,65216.0
2016-11-20 23:00:00+01:00,64594.0
2016-11-21 00:00:00+01:00,60628.0
2016-11-21 01:00:00+01:00,57976.0
2016-11-21 02:00:00+01:00,55699.0
2016-11-21 03:00:00+01:00,55490.0
2016-11-21 04:00:00+01:00,58094.0
2016-11-21 05:00:00+01:00,61084.0
2016-11-21 06:00:00+01:00,65637.0
2016-11-21 07:00:00+01:00,69467.0
2016-11-21 08:00:00+01:00,70818.0
2016-11-21 09:00:00+01:00,71728.0
2016-11-21 10:00:00+01:00,72370.0
2016-11-21 11:00:00+01:00,72442.0
2016-11-21 12:00:00+01:00,72251.0
2016-11-21 13:00:00+01:00,71694.0
2016-11-21 14:00:00+01:00,71306.0
2016-11-21 15:00:00+01:00,70798.0
2016-11-21 16:00:00+01:00,70632.0
2016-11-21 17:00:00+01:00,72113.0
2016-11-21 18:00:00+01:00,73631.0
2016-11-21 19:00:00+01:00,72654.0
2016-11-21 20:00:00+01:00,70236.0
2016-11-21 21:00:00+01:00,66849.0
2016-11-21 22:00:00+01:00,66911.0
2016-11-21 23:00:00+01:00,66667.0
2016-11-22 00:00:00+01:00,63621.0
2016-11-22 01:00:00+01:00,62085.0
2016-11-22 02:00:00+01:00,60386.0
2016-11-22 03:00:00+01:00,59475.0
2016-11-22 04:00:00+01:00,61082.0
2016-11-22 05:00:00+01:00,62625.0
2016-11-22 06:00:00+01:00,67685.0
2016-11-22 07:00:00+01:00,70367.0
2016-11-22 08:00:00+01:00,70636.0
2016-11-22 09:00:00+01:00,70689.0
2016-11-22 10:00:00+01:00,70266.0
2016-11-22 11:00:00+01:00,70303.0
2016-11-22 12:00:00+01:00,69945.0
2016-11-22 13:00:00+01:00,68791.0
2016-11-22 14:00:00+01:00,67883.0
2016-11-22 15:00:00+01:00,67282.0
2016-11-22 16:00:00+01:00,67729.0
2016-11-22 17:00:00+01:00,68648.0
2016-11-22 18:00:00+01:00,70675.0
2016-11-22 19:00:00+01:00,70043.0
2016-11-22 20:00:00+01:00,67583.0
2016-11-22 21:00:00+01:00,65284.0
2016-11-22 22:00:00+01:00,65015.0
2016-11-22 23:00:00+01:00,65300.0
2016-11-23 00:00:00+01:00,62659.0
2016-11-23 01:00:00+01:00,60774.0
2016-11-23 02:00:00+01:00,60478.0
2016-11-23 03:00:00+01:00,59745.0
2016-11-23 04:00:00+01:00,60131.0
2016-11-23 05:00:00+01:00,61704.0
2016-11-23 06:00:00+01:00,65351.0
2016-11-23 07:00:00+01:00,68201.0
2016-11-23 08:00:00+01:00,70127.0
2016-11-23 09:00:00+01:00,70765.0
2016-11-23 10:00:00+01:00,71170.0
2016-11-23 11:00:00+01:00,71412.0
2016-11-23 12:00:00+01:00,70392.0
2016-11-23 13:00:00+01:00,69920.0
2016-11-23 14:00:00+01:00,69442.0
2016-11-23 15:00:00+01:00,68703.0
2016-11-23 16:00:00+01:00,69047.0
2016-11-23 17:00:00+01:00,70359.0
2016-11-23 18:00:00+01:00,72713.0
2016-11-23 19:00:00+01:00,72931.0
2016-11-23 20:00:00+01:00,70307.0
2016-11-23 21:00:00+01:00,68428.0
2016-11-23 22:00:00+01:00,68568.0
2016-11-23 23:00:00+01:00,68124.0
2016-11-24 00:00:00+01:00,63230.0
2016-11-24 01:00:00+01:00,60985.0
2016-11-24 02:00:00+01:00,60907.0
2016-11-24 03:00:00+01:00,61074.0
2016-11-24 04:00:00+01:00,61468.0
2016-11-24 05:00:00+01:00,62546.0
2016-11-24 06:00:00+01:00,67419.0
2016-11-24 07:00:00+01:00,71363.0
2016-11-24 08:00:00+01:00,72269.0
2016-11-24 09:00:00+01:00,73237.0
2016-11-24 10:00:00+01:00,72796.0
2016-11-24 11:00:00+01:00,72653.0
2016-11-24 12:00:00+01:00,72690.0
2016-11-24 13:00:00+01:00,71785.0
2016-11-24 14:00:00+01:00,70659.0
2016-11-24 15:00:00+01:00,69865.0
2016-11-24 16:00:00+01:00,69934.0
2016-11-24 17:00:00+01:00,71559.0
2016-11-24 18:00:00+01:00,73273.0
2016-11-24 19:00:00+01:00,73295.0
2016-11-24 20:00:00+01:00,70496.0
2016-11-24 21:00:00+01:00,68731.0
2016-11-24 22:00:00+01:00,68524.0
2016-11-24 23:00:00+01:00,68979.0
2016-11-25 00:00:00+01:00,64821.0
2016-11-25 01:00:00+01:00,63049.0
2016-11-25 02:00:00+01:00,62641.0
2016-11-25 03:00:00+01:00,62232.0
2016-11-25 04:00:00+01:00,62503.0
2016-11-25 05:00:00+01:00,64477.0
2016-11-25 06:00:00+01:00,68359.0
2016-11-25 07:00:00+01:00,71505.0
2016-11-25 08:00:00+01:00,73180.0
2016-11-25 09:00:00+01:00,74124.0
2016-11-25 10:00:00+01:00,74583.0
2016-11-25 11:00:00+01:00,74647.0
2016-11-25 12:00:00+01:00,73866.0
2016-11-25 13:00:00+01:00,73068.0
2016-11-25 14:00:00+01:00,71487.0
2016-11-25 15:00:00+01:00,70413.0
2016-11-25 16:00:00+01:00,70263.0
2016-11-25 17:00:00+01:00,72298.0
2016-11-25 18:00:00+01:00,74064.0
2016-11-25 19:00:00+01:00,73904.0
2016-11-25 20:00:00+01:00,71933.0
2016-11-25 21:00:00+01:00,68601.0
2016-11-25 22:00:00+01:00,68124.0
2016-11-25 23:00:00+01:00,67824.0
2016-11-26 00:00:00+01:00,63321.0
2016-11-26 01:00:00+01:00,61557.0
2016-11-26 02:00:00+01:00,59781.0
2016-11-26 03:00:00+01:00,57550.0
2016-11-26 04:00:00+01:00,57384.0
2016-11-26 05:00:00+01:00,57731.0
2016-11-26 06:00:00+01:00,59060.0
2016-11-26 07:00:00+01:00,60797.0
2016-11-26 08:00:00+01:00,62168.0
2016-11-26 09:00:00+01:00,65611.0
2016-11-26 10:00:00+01:00,66838.0
2016-11-26 11:00:00+01:00,67305.0
2016-11-26 12:00:00+01:00,66910.0
2016-11-26 13:00:00+01:00,66063.0
2016-11-26 14:00:00+01:00,63871.0
2016-11-26 15:00:00+01:00,62825.0
2016-11-26 16:00:00+01:00,63018.0
2016-11-26 17:00:00+01:00,65857.0
2016-11-26 18:00:00+01:00,67793.0
2016-11-26 19:00:00+01:00,67807.0
2016-11-26 20:00:00+01:00,65340.0
2016-11-26 21:00:00+01:00,62856.0
2016-11-26 22:00:00+01:00,63380.0
2016-11-26 23:00:00+01:00,64836.0
2016-11-27 00:00:00+01:00,61950.0
2016-11-27 01:00:00+01:00,59349.0
2016-11-27 02:00:00+01:00,57173.0
2016-11-27 03:00:00+01:00,56349.0
2016-11-27 04:00:00+01:00,55257.0
2016-11-27 05:00:00+01:00,55655.0
2016-11-27 06:00:00+01:00,55534.0
2016-11-27 07:00:00+01:00,56659.0
2016-11-27 08:00:00+01:00,58247.0
2016-11-27 09:00:00+01:00,60663.0
2016-11-27 10:00:00+01:00,62452.0
2016-11-27 11:00:00+01:00,63563.0
2016-11-27 12:00:00+01:00,64388.0
2016-11-27 13:00:00+01:00,62799.0
2016-11-27 14:00:00+01:00,61759.0
2016-11-27 15:00:00+01:00,61890.0
2016-11-27 16:00:00+01:00,61583.0
2016-11-27 17:00:00+01:00,64043.0
2016-11-27 18:00:00+01:00,66919.0
2016-11-27 19:00:00+01:00,67798.0
2016-11-27 20:00:00+01:00,66808.0
2016-11-27 21:00:00+01:00,64928.0
2016-11-27 22:00:00+01:00,65552.0
2016-11-27 23:00:00+01:00,66108.0
2016-11-28 00:00:00+01:00,64822.0
2016-11-28 01:00:00+01:00,63274.0
2016-11-28 02:00:00+01:00,62418.0
2016-11-28 03:00:00+01:00,61700.0
2016-11-28 04:00:00+01:00,62530.0
2016-11-28 05:00:00+01:00,65018.0
2016-11-28 06:00:00+01:00,69572.0
2016-11-28 07:00:00+01:00,72733.0
2016-11-28 08:00:00+01:00,74580.0
2016-11-28 09:00:00+01:00,75561.0
2016-11-28 10:00:00+01:00,75891.0
2016-11-28 11:00:00+01:00,76200.0
2016-11-28 12:00:00+01:00,76720.0
2016-11-28 13:00:00+01:00,76300.0
2016-11-28 14:00:00+01:00,75488.0
2016-11-28 15:00:00+01:00,75220.0
2016-11-28 16:00:00+01:00,74967.0
2016-11-28 17:00:00+01:00,76036.0
2016-11-28 18:00:00+01:00,77635.0
2016-11-28 19:00:00+01:00,77296.0
2016-11-28 20:00:00+01:00,76292.0
2016-11-28 21:00:00+01:00,73521.0
2016-11-28 22:00:00+01:00,73291.0
2016-11-28 23:00:00+01:00,71404.0
2016-11-29 00:00:00+01:00,68000.0
2016-11-29 01:00:00+01:00,66647.0
2016-11-29 02:00:00+01:00,66138.0
2016-11-29 03:00:00+01:00,65554.0
2016-11-29 04:00:00+01:00,65470.0
2016-11-29 05:00:00+01:00,65948.0
2016-11-29 06:00:00+01:00,69202.0
2016-11-29 07:00:00+01:00,72361.0
2016-11-29 08:00:00+01:00,73739.0
2016-11-29 09:00:00+01:00,74388.0
2016-11-29 10:00:00+01:00,73741.0
2016-11-29 11:00:00+01:00,73811.0
2016-11-29 12:00:00+01:00,73753.0
2016-11-29 13:00:00+01:00,73902.0
2016-11-29 14:00:00+01:00,73141.0
2016-11-29 15:00:00+01:00,72699.0
2016-11-29 16:00:00+01:00,72809.0
2016-11-29 17:00:00+01:00,75117.0
2016-11-29 18:00:00+01:00,78616.0
2016-11-29 19:00:00+01:00,78337.0
2016-11-29 20:00:00+01:00,74522.0
2016-11-29 21:00:00+01:00,71208.0
2016-11-29 22:00:00+01:00,70240.0
2016-11-29 23:00:00+01:00,69811.0
2016-11-30 00:00:00+01:00,67108.0
2016-11-30 01:00:00+01:00,65496.0
2016-11-30 02:00:00+01:00,64937.0
2016-11-30 03:00:00+01:00,64305.0
2016-11-30 04:00:00+01:00,64260.0
2016-11-30 05:00:00+01:00,64879.0
2016-11-30 06:00:00+01:00,68082.0
2016-11-30 07:00:00+01:00,72119.0
2016-11-30 08:00:00+01:00,73362.0
2016-11-30 09:00:00+01:00,73464.0
2016-11-30 10:00:00+01:00,73215.0
2016-11-30 11:00:00+01:00,72718.0
2016-11-30 12:00:00+01:00,71902.0
2016-11-30 13:00:00+01:00,71222.0
2016-11-30 14:00:00+01:00,70555.0
2016-11-30 15:00:00+01:00,69983.0
2016-11-30 16:00:00+01:00,69768.0
2016-11-30 17:00:00+01:00,71697.0
2016-11-30 18:00:00+01:00,75579.0
2016-11-30 19:00:00+01:00,75148.0
2016-11-30 20:00:00+01:00,71750.0
2016-11-30 21:00:00+01:00,68583.0
2016-11-30 22:00:00+01:00,68637.0
2016-11-30 23:00:00+01:00,68871.0
2016-12-01 00:00:00+01:00,67497.0
2016-12-01 01:00:00+01:00,65705.0
2016-12-01 02:00:00+01:00,64421.0
2016-12-01 03:00:00+01:00,63427.0
2016-12-01 04:00:00+01:00,63179.0
2016-12-01 05:00:00+01:00,65520.0
2016-12-01 06:00:00+01:00,68785.0
2016-12-01 07:00:00+01:00,75208.0
2016-12-01 08:00:00+01:00,77303.0
2016-12-01 09:00:00+01:00,77619.0
2016-12-01 10:00:00+01:00,76526.0
2016-12-01 11:00:00+01:00,75695.0
2016-12-01 12:00:00+01:00,74391.0
2016-12-01 13:00:00+01:00,73263.0
2016-12-01 14:00:00+01:00,71504.0
2016-12-01 15:00:00+01:00,70673.0
2016-12-01 16:00:00+01:00,70505.0
2016-12-01 17:00:00+01:00,73298.0
2016-12-01 18:00:00+01:00,77863.0
2016-12-01 19:00:00+01:00,77746.0
2016-12-01 20:00:00+01:00,72838.0
2016-12-01 21:00:00+01:00,70057.0
2016-12-01 22:00:00+01:00,70087.0
2016-12-01 23:00:00+01:00,70756.0
2016-12-02 00:00:00+01:00,68325.0
2016-12-02 01:00:00+01:00,66416.0
2016-12-02 02:00:00+01:00,65374.0
2016-12-02 03:00:00+01:00,64726.0
2016-12-02 04:00:00+01:00,64092.0
2016-12-02 05:00:00+01:00,65181.0
2016-12-02 06:00:00+01:00,69520.0
2016-12-02 07:00:00+01:00,72379.0
2016-12-02 08:00:00+01:00,74122.0
2016-12-02 09:00:00+01:00,74519.0
2016-12-02 10:00:00+01:00,74343.0
2016-12-02 11:00:00+01:00,74507.0
2016-12-02 12:00:00+01:00,73777.0
2016-12-02 13:00:00+01:00,72787.0
2016-12-02 14:00:00+01:00,71416.0
2016-12-02 15:00:00+01:00,70397.0
2016-12-02 16:00:00+01:00,70630.0
2016-12-02 17:00:00+01:00,74043.0
2016-12-02 18:00:00+01:00,75952.0
2016-12-02 19:00:00+01:00,75410.0
2016-12-02 20:00:00+01:00,72468.0
2016-12-02 21:00:00+01:00,70313.0
2016-12-02 22:00:00+01:00,70160.0
2016-12-02 23:00:00+01:00,69760.0
2016-12-03 00:00:00+01:00,68554.0
2016-12-03 01:00:00+01:00,65547.0
2016-12-03 02:00:00+01:00,63606.0
2016-12-03 03:00:00+01:00,62868.0
2016-12-03 04:00:00+01:00,62672.0
2016-12-03 05:00:00+01:00,63567.0
2016-12-03 06:00:00+01:00,64822.0
2016-12-03 07:00:00+01:00,66363.0
2016-12-03 08:00:00+01:00,67552.0
2016-12-03 09:00:00+01:00,69782.0
2016-12-03 10:00:00+01:00,70244.0
2016-12-03 11:00:00+01:00,71510.0
2016-12-03 12:00:00+01:00,72241.0
2016-12-03 13:00:00+01:00,71124.0
2016-12-03 14:00:00+01:00,68574.0
2016-12-03 15:00:00+01:00,66801.0
2016-12-03 16:00:00+01:00,66407.0
2016-12-03 17:00:00+01:00,69775.0
2016-12-03 18:00:00+01:00,72312.0
2016-12-03 19:00:00+01:00,71927.0
2016-12-03 20:00:00+01:00,69553.0
2016-12-03 21:00:00+01:00,67753.0
2016-12-03 22:00:00+01:00,67920.0
2016-12-03 23:00:00+01:00,68250.0
2016-12-04 00:00:00+01:00,68419.0
2016-12-04 01:00:00+01:00,65614.0
2016-12-04 02:00:00+01:00,64781.0
2016-12-04 03:00:00+01:00,63071.0
2016-12-04 04:00:00+01:00,62446.0
2016-12-04 05:00:00+01:00,62515.0
2016-12-04 06:00:00+01:00,63449.0
2016-12-04 07:00:00+01:00,64551.0
2016-12-04 08:00:00+01:00,65183.0
2016-12-04 09:00:00+01:00,66879.0
2016-12-04 10:00:00+01:00,67855.0
2016-12-04 11:00:00+01:00,68679.0
2016-12-04 12:00:00+01:00,69362.0
2016-12-04 13:00:00+01:00,68034.0
2016-12-04 14:00:00+01:00,65644.0
2016-12-04 15:00:00+01:00,65002.0
2016-12-04 16:00:00+01:00,65022.0
2016-12-04 17:00:00+01:00,67486.0
2016-12-04 18:00:00+01:00,71036.0
2016-12-04 19:00:00+01:00,71563.0
2016-12-04 20:00:00+01:00,70338.0
2016-12-04 21:00:00+01:00,68297.0
2016-12-04 22:00:00+01:00,68152.0
2016-12-04 23:00:00+01:00,67978.0
2016-12-05 00:00:00+01:00,66727.0
2016-12-05 01:00:00+01:00,65459.0
2016-12-05 02:00:00+01:00,64571.0
2016-12-05 03:00:00+01:00,63732.0
2016-12-05 04:00:00+01:00,63405.0
2016-12-05 05:00:00+01:00,65521.0
2016-12-05 06:00:00+01:00,68510.0
2016-12-05 07:00:00+01:00,72376.0
2016-12-05 08:00:00+01:00,74662.0
2016-12-05 09:00:00+01:00,75126.0
2016-12-05 10:00:00+01:00,74772.0
2016-12-05 11:00:00+01:00,74385.0
2016-12-05 12:00:00+01:00,73828.0
2016-12-05 13:00:00+01:00,72813.0
2016-12-05 14:00:00+01:00,71930.0
2016-12-05 15:00:00+01:00,71786.0
2016-12-05 16:00:00+01:00,71893.0
2016-12-05 17:00:00+01:00,73189.0
2016-12-05 18:00:00+01:00,75825.0
2016-12-05 19:00:00+01:00,75530.0
2016-12-05 20:00:00+01:00,72474.0
2016-12-05 21:00:00+01:00,70260.0
2016-12-05 22:00:00+01:00,69650.0
2016-12-05 23:00:00+01:00,68595.0
2016-12-06 00:00:00+01:00,67783.0
2016-12-06 01:00:00+01:00,66164.0
2016-12-06 02:00:00+01:00,65248.0
2016-12-06 03:00:00+01:00,64193.0
2016-12-06 04:00:00+01:00,63571.0
2016-12-06 05:00:00+01:00,64443.0
2016-12-06 06:00:00+01:00,68657.0
2016-12-06 07:00:00+01:00,72620.0
2016-12-06 08:00:00+01:00,75197.0
2016-12-06 09:00:00+01:00,75573.0
2016-12-06 10:00:00+01:00,74506.0
2016-12-06 11:00:00+01:00,73816.0
2016-12-06 12:00:00+01:00,72846.0
2016-12-06 13:00:00+01:00,71897.0
2016-12-06 14:00:00+01:00,71150.0
2016-12-06 15:00:00+01:00,70190.0
2016-12-06 16:00:00+01:00,70438.0
2016-12-06 17:00:00+01:00,74466.0
2016-12-06 18:00:00+01:00,75962.0
2016-12-06 19:00:00+01:00,74769.0
2016-12-06 20:00:00+01:00,71530.0
2016-12-06 21:00:00+01:00,70451.0
2016-12-06 22:00:00+01:00,69804.0
2016-12-06 23:00:00+01:00,69996.0
2016-12-07 00:00:00+01:00,67867.0
2016-12-07 01:00:00+01:00,66219.0
2016-12-07 02:00:00+01:00,65599.0
2016-12-07 03:00:00+01:00,64768.0
2016-12-07 04:00:00+01:00,65225.0
2016-12-07 05:00:00+01:00,66631.0
2016-12-07 06:00:00+01:00,70569.0
2016-12-07 07:00:00+01:00,74196.0
2016-12-07 08:00:00+01:00,75569.0
2016-12-07 09:00:00+01:00,75889.0
2016-12-07 10:00:00+01:00,75958.0
2016-12-07 11:00:00+01:00,75858.0
2016-12-07 12:00:00+01:00,74397.0
2016-12-07 13:00:00+01:00,73293.0
2016-12-07 14:00:00+01:00,72902.0
2016-12-07 15:00:00+01:00,72126.0
2016-12-07 16:00:00+01:00,72053.0
2016-12-07 17:00:00+01:00,74126.0
2016-12-07 18:00:00+01:00,76965.0
2016-12-07 19:00:00+01:00,76694.0
2016-12-07 20:00:00+01:00,74031.0
2016-12-07 21:00:00+01:00,71838.0
2016-12-07 22:00:00+01:00,71247.0
2016-12-07 23:00:00+01:00,70915.0
2016-12-08 00:00:00+01:00,69189.0
2016-12-08 01:00:00+01:00,67612.0
2016-12-08 02:00:00+01:00,67042.0
2016-12-08 03:00:00+01:00,66091.0
2016-12-08 04:00:00+01:00,65675.0
2016-12-08 05:00:00+01:00,67195.0
2016-12-08 06:00:00+01:00,69686.0
2016-12-08 07:00:00+01:00,72773.0
2016-12-08 08:00:00+01:00,73877.0
2016-12-08 09:00:00+01:00,74373.0
2016-12-08 10:00:00+01:00,74250.0
2016-12-08 11:00:00+01:00,73594.0
2016-12-08 12:00:00+01:00,72772.0
2016-12-08 13:00:00+01:00,71827.0
2016-12-08 14:00:00+01:00,70393.0
2016-12-08 15:00:00+01:00,69246.0
2016-12-08 16:00:00+01:00,69648.0
2016-12-08 17:00:00+01:00,72433.0
2016-12-08 18:00:00+01:00,75476.0
2016-12-08 19:00:00+01:00,75988.0
2016-12-08 20:00:00+01:00,72964.0
2016-12-08 21:00:00+01:00,70922.0
2016-12-08 22:00:00+01:00,70147.0
2016-12-08 23:00:00+01:00,69119.0
2016-12-09 00:00:00+01:00,66836.0
2016-12-09 01:00:00+01:00,65093.0
2016-12-09 02:00:00+01:00,64088.0
2016-12-09 03:00:00+01:00,63520.0
2016-12-09 04:00:00+01:00,63456.0
2016-12-09 05:00:00+01:00,64426.0
2016-12-09 06:00:00+01:00,67567.0
2016-12-09 07:00:00+01:00,72540.0
2016-12-09 08:00:00+01:00,73762.0
2016-12-09 09:00:00+01:00,73853.0
2016-12-09 10:00:00+01:00,73434.0
2016-12-09 11:00:00+01:00,73036.0
2016-12-09 12:00:00+01:00,71824.0
2016-12-09 13:00:00+01:00,70941.0
2016-12-09 14:00:00+01:00,69989.0
2016-12-09 15:00:00+01:00,69172.0
2016-12-09 16:00:00+01:00,69581.0
2016-12-09 17:00:00+01:00,71930.0
2016-12-09 18:00:00+01:00,74795.0
2016-12-09 19:00:00+01:00,74439.0
2016-12-09 20:00:00+01:00,72209.0
2016-12-09 21:00:00+01:00,68689.0
2016-12-09 22:00:00+01:00,68013.0
2016-12-09 23:00:00+01:00,67394.0
2016-12-10 00:00:00+01:00,64367.0
2016-12-10 01:00:00+01:00,62628.0
2016-12-10 02:00:00+01:00,61753.0
2016-12-10 03:00:00+01:00,60895.0
2016-12-10 04:00:00+01:00,60677.0
2016-12-10 05:00:00+01:00,61205.0
2016-12-10 06:00:00+01:00,61749.0
2016-12-10 07:00:00+01:00,63139.0
2016-12-10 08:00:00+01:00,65479.0
2016-12-10 09:00:00+01:00,67376.0
2016-12-10 10:00:00+01:00,68159.0
2016-12-10 11:00:00+01:00,67879.0
2016-12-10 12:00:00+01:00,68074.0
2016-12-10 13:00:00+01:00,65859.0
2016-12-10 14:00:00+01:00,64555.0
2016-12-10 15:00:00+01:00,63657.0
2016-12-10 16:00:00+01:00,62820.0
2016-12-10 17:00:00+01:00,65830.0
2016-12-10 18:00:00+01:00,68950.0
2016-12-10 19:00:00+01:00,69898.0
2016-12-10 20:00:00+01:00,66919.0
2016-12-10 21:00:00+01:00,64733.0
2016-12-10 22:00:00+01:00,64871.0
2016-12-10 23:00:00+01:00,64833.0
2016-12-11 00:00:00+01:00,64543.0
2016-12-11 01:00:00+01:00,63510.0
2016-12-11 02:00:00+01:00,62251.0
2016-12-11 03:00:00+01:00,60825.0
2016-12-11 04:00:00+01:00,60292.0
2016-12-11 05:00:00+01:00,60018.0
2016-12-11 06:00:00+01:00,59801.0
2016-12-11 07:00:00+01:00,61046.0
2016-12-11 08:00:00+01:00,62085.0
2016-12-11 09:00:00+01:00,63816.0
2016-12-11 10:00:00+01:00,64507.0
2016-12-11 11:00:00+01:00,65342.0
2016-12-11 12:00:00+01:00,65167.0
2016-12-11 13:00:00+01:00,64215.0
2016-12-11 14:00:00+01:00,63031.0
2016-12-11 15:00:00+01:00,62411.0
2016-12-11 16:00:00+01:00,62526.0
2016-12-11 17:00:00+01:00,66437.0
2016-12-11 18:00:00+01:00,68943.0
2016-12-11 19:00:00+01:00,69491.0
2016-12-11 20:00:00+01:00,69014.0
2016-12-11 21:00:00+01:00,67192.0
2016-12-11 22:00:00+01:00,66897.0
2016-12-11 23:00:00+01:00,66125.0
2016-12-12 00:00:00+01:00,62162.0
2016-12-12 01:00:00+01:00,61596.0
2016-12-12 02:00:00+01:00,62641.0
2016-12-12 03:00:00+01:00,61986.0
2016-12-12 04:00:00+01:00,62484.0
2016-12-12 05:00:00+01:00,63102.0
2016-12-12 06:00:00+01:00,65608.0
2016-12-12 07:00:00+01:00,69458.0
2016-12-12 08:00:00+01:00,72010.0
2016-12-12 09:00:00+01:00,72038.0
2016-12-12 10:00:00+01:00,72124.0
2016-12-12 11:00:00+01:00,72116.0
2016-12-12 12:00:00+01:00,72034.0
2016-12-12 13:00:00+01:00,71456.0
2016-12-12 14:00:00+01:00,70422.0
2016-12-12 15:00:00+01:00,69670.0
2016-12-12 16:00:00+01:00,70096.0
2016-12-12 17:00:00+01:00,73482.0
2016-12-12 18:00:00+01:00,75398.0
2016-12-12 19:00:00+01:00,74134.0
2016-12-12 20:00:00+01:00,71231.0
2016-12-12 21:00:00+01:00,70079.0
2016-12-12 22:00:00+01:00,69778.0
2016-12-12 23:00:00+01:00,68805.0
2016-12-13 00:00:00+01:00,65515.0
2016-12-13 01:00:00+01:00,64192.0
2016-12-13 02:00:00+01:00,63258.0
2016-12-13 03:00:00+01:00,62262.0
2016-12-13 04:00:00+01:00,62044.0
2016-12-13 05:00:00+01:00,64069.0
2016-12-13 06:00:00+01:00,67727.0
2016-12-13 07:00:00+01:00,71370.0
2016-12-13 08:00:00+01:00,72738.0
2016-12-13 09:00:00+01:00,72453.0
2016-12-13 10:00:00+01:00,72546.0
2016-12-13 11:00:00+01:00,72210.0
2016-12-13 12:00:00+01:00,71758.0
2016-12-13 13:00:00+01:00,71424.0
2016-12-13 14:00:00+01:00,69895.0
2016-12-13 15:00:00+01:00,68792.0
2016-12-13 16:00:00+01:00,68694.0
2016-12-13 17:00:00+01:00,72827.0
2016-12-13 18:00:00+01:00,75427.0
2016-12-13 19:00:00+01:00,73178.0
2016-12-13 20:00:00+01:00,71025.0
2016-12-13 21:00:00+01:00,68856.0
2016-12-13 22:00:00+01:00,68840.0
2016-12-13 23:00:00+01:00,68992.0
2016-12-14 00:00:00+01:00,67028.0
2016-12-14 01:00:00+01:00,64812.0
2016-12-14 02:00:00+01:00,64212.0
2016-12-14 03:00:00+01:00,63860.0
2016-12-14 04:00:00+01:00,63712.0
2016-12-14 05:00:00+01:00,65025.0
2016-12-14 06:00:00+01:00,68409.0
2016-12-14 07:00:00+01:00,71343.0
2016-12-14 08:00:00+01:00,73593.0
2016-12-14 09:00:00+01:00,74212.0
2016-12-14 10:00:00+01:00,74136.0
2016-12-14 11:00:00+01:00,74149.0
2016-12-14 12:00:00+01:00,72398.0
2016-12-14 13:00:00+01:00,71707.0
2016-12-14 14:00:00+01:00,70563.0
2016-12-14 15:00:00+01:00,69719.0
2016-12-14 16:00:00+01:00,69588.0
2016-12-14 17:00:00+01:00,73175.0
2016-12-14 18:00:00+01:00,74938.0
2016-12-14 19:00:00+01:00,72764.0
2016-12-14 20:00:00+01:00,71355.0
2016-12-14 21:00:00+01:00,69694.0
2016-12-14 22:00:00+01:00,69267.0
2016-12-14 23:00:00+01:00,69243.0
2016-12-15 00:00:00+01:00,67942.0
2016-12-15 01:00:00+01:00,65894.0
2016-12-15 02:00:00+01:00,64722.0
2016-12-15 03:00:00+01:00,63968.0
2016-12-15 04:00:00+01:00,63685.0
2016-12-15 05:00:00+01:00,64432.0
2016-12-15 06:00:00+01:00,68035.0
2016-12-15 07:00:00+01:00,71722.0
2016-12-15 08:00:00+01:00,73223.0
2016-12-15 09:00:00+01:00,73282.0
2016-12-15 10:00:00+01:00,73150.0
2016-12-15 11:00:00+01:00,72620.0
2016-12-15 12:00:00+01:00,71314.0
2016-12-15 13:00:00+01:00,70877.0
2016-12-15 14:00:00+01:00,69862.0
2016-12-15 15:00:00+01:00,68915.0
2016-12-15 16:00:00+01:00,69436.0
2016-12-15 17:00:00+01:00,73540.0
2016-12-15 18:00:00+01:00,75797.0
2016-12-15 19:00:00+01:00,74385.0
2016-12-15 20:00:00+01:00,71653.0
2016-12-15 21:00:00+01:00,69890.0
2016-12-15 22:00:00+01:00,69013.0
2016-12-15 23:00:00+01:00,69365.0
2016-12-16 00:00:00+01:00,68275.0
2016-12-16 01:00:00+01:00,66383.0
2016-12-16 02:00:00+01:00,65490.0
2016-12-16 03:00:00+01:00,64661.0
2016-12-16 04:00:00+01:00,64971.0
2016-12-16 05:00:00+01:00,65684.0
2016-12-16 06:00:00+01:00,68229.0
2016-12-16 07:00:00+01:00,71549.0
2016-12-16 08:00:00+01:00,73953.0
2016-12-16 09:00:00+01:00,73967.0
2016-12-16 10:00:00+01:00,73785.0
2016-12-16 11:00:00+01:00,73177.0
2016-12-16 12:00:00+01:00,72888.0
2016-12-16 13:00:00+01:00,71660.0
2016-12-16 14:00:00+01:00,70178.0
2016-12-16 15:00:00+01:00,69900.0
2016-12-16 16:00:00+01:00,70272.0
2016-12-16 17:00:00+01:00,73307.0
2016-12-16 18:00:00+01:00,74764.0
2016-12-16 19:00:00+01:00,73936.0
2016-12-16 20:00:00+01:00,70794.0
2016-12-16 21:00:00+01:00,68490.0
2016-12-16 22:00:00+01:00,68015.0
2016-12-16 23:00:00+01:00,68260.0
2016-12-17 00:00:00+01:00,64621.0
2016-12-17 01:00:00+01:00,62716.0
2016-12-17 02:00:00+01:00,61314.0
2016-12-17 03:00:00+01:00,60491.0
2016-12-17 04:00:00+01:00,60155.0
2016-12-17 05:00:00+01:00,60148.0
2016-12-17 06:00:00+01:00,60840.0
2016-12-17 07:00:00+01:00,61931.0
2016-12-17 08:00:00+01:00,64441.0
2016-12-17 09:00:00+01:00,66618.0
2016-12-17 10:00:00+01:00,67344.0
2016-12-17 11:00:00+01:00,67873.0
2016-12-17 12:00:00+01:00,68361.0
2016-12-17 13:00:00+01:00,66452.0
2016-12-17 14:00:00+01:00,64627.0
2016-12-17 15:00:00+01:00,63507.0
2016-12-17 16:00:00+01:00,63692.0
2016-12-17 17:00:00+01:00,66348.0
2016-12-17 18:00:00+01:00,68789.0
2016-12-17 19:00:00+01:00,69091.0
2016-12-17 20:00:00+01:00,67014.0
2016-12-17 21:00:00+01:00,64925.0
2016-12-17 22:00:00+01:00,64591.0
2016-12-17 23:00:00+01:00,65258.0
2016-12-18 00:00:00+01:00,63617.0
2016-12-18 01:00:00+01:00,61844.0
2016-12-18 02:00:00+01:00,61357.0
2016-12-18 03:00:00+01:00,60295.0
2016-12-18 04:00:00+01:00,59666.0
2016-12-18 05:00:00+01:00,59702.0
2016-12-18 06:00:00+01:00,60868.0
2016-12-18 07:00:00+01:00,61144.0
2016-12-18 08:00:00+01:00,61148.0
2016-12-18 09:00:00+01:00,62536.0
2016-12-18 10:00:00+01:00,64355.0
2016-12-18 11:00:00+01:00,65547.0
2016-12-18 12:00:00+01:00,67009.0
2016-12-18 13:00:00+01:00,66072.0
2016-12-18 14:00:00+01:00,64616.0
2016-12-18 15:00:00+01:00,63621.0
2016-12-18 16:00:00+01:00,64162.0
2016-12-18 17:00:00+01:00,66789.0
2016-12-18 18:00:00+01:00,69792.0
2016-12-18 19:00:00+01:00,70301.0
2016-12-18 20:00:00+01:00,68989.0
2016-12-18 21:00:00+01:00,67147.0
2016-12-18 22:00:00+01:00,67066.0
2016-12-18 23:00:00+01:00,67143.0
2016-12-19 00:00:00+01:00,64331.0
2016-12-19 01:00:00+01:00,63322.0
2016-12-19 02:00:00+01:00,62518.0
2016-12-19 03:00:00+01:00,61680.0
2016-12-19 04:00:00+01:00,62252.0
2016-12-19 05:00:00+01:00,63712.0
2016-12-19 06:00:00+01:00,66183.0
2016-12-19 07:00:00+01:00,70336.0
2016-12-19 08:00:00+01:00,73598.0
2016-12-19 09:00:00+01:00,74785.0
2016-12-19 10:00:00+01:00,74998.0
2016-12-19 11:00:00+01:00,75142.0
2016-12-19 12:00:00+01:00,74809.0
2016-12-19 13:00:00+01:00,74546.0
2016-12-19 14:00:00+01:00,73318.0
2016-12-19 15:00:00+01:00,72213.0
2016-12-19 16:00:00+01:00,73336.0
2016-12-19 17:00:00+01:00,76627.0
2016-12-19 18:00:00+01:00,77952.0
2016-12-19 19:00:00+01:00,76948.0
2016-12-19 20:00:00+01:00,72892.0
2016-12-19 21:00:00+01:00,71051.0
2016-12-19 22:00:00+01:00,70627.0
2016-12-19 23:00:00+01:00,70688.0
2016-12-20 00:00:00+01:00,68399.0
2016-12-20 01:00:00+01:00,67103.0
2016-12-20 02:00:00+01:00,65552.0
2016-12-20 03:00:00+01:00,64879.0
2016-12-20 04:00:00+01:00,64941.0
2016-12-20 05:00:00+01:00,65600.0
2016-12-20 06:00:00+01:00,68411.0
2016-12-20 07:00:00+01:00,71823.0
2016-12-20 08:00:00+01:00,74660.0
2016-12-20 09:00:00+01:00,75231.0
2016-12-20 10:00:00+01:00,75393.0
2016-12-20 11:00:00+01:00,75493.0
2016-12-20 12:00:00+01:00,74059.0
2016-12-20 13:00:00+01:00,73243.0
2016-12-20 14:00:00+01:00,72881.0
2016-12-20 15:00:00+01:00,72723.0
2016-12-20 16:00:00+01:00,73193.0
2016-12-20 17:00:00+01:00,75927.0
2016-12-20 18:00:00+01:00,77531.0
2016-12-20 19:00:00+01:00,76884.0
2016-12-20 20:00:00+01:00,74709.0
2016-12-20 21:00:00+01:00,72346.0
2016-12-20 22:00:00+01:00,72051.0
2016-12-20 23:00:00+01:00,72683.0
2016-12-21 00:00:00+01:00,70057.0
2016-12-21 01:00:00+01:00,68680.0
2016-12-21 02:00:00+01:00,67926.0
2016-12-21 03:00:00+01:00,67142.0
2016-12-21 04:00:00+01:00,66826.0
2016-12-21 05:00:00+01:00,68028.0
2016-12-21 06:00:00+01:00,70095.0
2016-12-21 07:00:00+01:00,73349.0
2016-12-21 08:00:00+01:00,76095.0
2016-12-21 09:00:00+01:00,77657.0
2016-12-21 10:00:00+01:00,78090.0
2016-12-21 11:00:00+01:00,78077.0
2016-12-21 12:00:00+01:00,77330.0
2016-12-21 13:00:00+01:00,76622.0
2016-12-21 14:00:00+01:00,75595.0
2016-12-21 15:00:00+01:00,74933.0
2016-12-21 16:00:00+01:00,74967.0
2016-12-21 17:00:00+01:00,77432.0
2016-12-21 18:00:00+01:00,79244.0
2016-12-21 19:00:00+01:00,78827.0
2016-12-21 20:00:00+01:00,75997.0
2016-12-21 21:00:00+01:00,73711.0
2016-12-21 22:00:00+01:00,73618.0
2016-12-21 23:00:00+01:00,72898.0
2016-12-22 00:00:00+01:00,69920.0
2016-12-22 01:00:00+01:00,69033.0
2016-12-22 02:00:00+01:00,68277.0
2016-12-22 03:00:00+01:00,66741.0
2016-12-22 04:00:00+01:00,66876.0
2016-12-22 05:00:00+01:00,67680.0
2016-12-22 06:00:00+01:00,69719.0
2016-12-22 07:00:00+01:00,73209.0
2016-12-22 08:00:00+01:00,75187.0
2016-12-22 09:00:00+01:00,76207.0
2016-12-22 10:00:00+01:00,75998.0
2016-12-22 11:00:00+01:00,75392.0
2016-12-22 12:00:00+01:00,74586.0
2016-12-22 13:00:00+01:00,73431.0
2016-12-22 14:00:00+01:00,72499.0
2016-12-22 15:00:00+01:00,72126.0
2016-12-22 16:00:00+01:00,72496.0
2016-12-22 17:00:00+01:00,74572.0
2016-12-22 18:00:00+01:00,76343.0
2016-12-22 19:00:00+01:00,76472.0
2016-12-22 20:00:00+01:00,74421.0
2016-12-22 21:00:00+01:00,70609.0
2016-12-22 22:00:00+01:00,70198.0
2016-12-22 23:00:00+01:00,69932.0
2016-12-23 00:00:00+01:00,67919.0
2016-12-23 01:00:00+01:00,66015.0
2016-12-23 02:00:00+01:00,64147.0
2016-12-23 03:00:00+01:00,63577.0
2016-12-23 04:00:00+01:00,63789.0
2016-12-23 05:00:00+01:00,65018.0
2016-12-23 06:00:00+01:00,67282.0
2016-12-23 07:00:00+01:00,72898.0
2016-12-23 08:00:00+01:00,75666.0
2016-12-23 09:00:00+01:00,76318.0
2016-12-23 10:00:00+01:00,75322.0
2016-12-23 11:00:00+01:00,74110.0
2016-12-23 12:00:00+01:00,72996.0
2016-12-23 13:00:00+01:00,72167.0
2016-12-23 14:00:00+01:00,71411.0
2016-12-23 15:00:00+01:00,70719.0
2016-12-23 16:00:00+01:00,70609.0
2016-12-23 17:00:00+01:00,73065.0
2016-12-23 18:00:00+01:00,75704.0
2016-12-23 19:00:00+01:00,75765.0
2016-12-23 20:00:00+01:00,72791.0
2016-12-23 21:00:00+01:00,71561.0
2016-12-23 22:00:00+01:00,71328.0
2016-12-23 23:00:00+01:00,71497.0
2016-12-24 00:00:00+01:00,68273.0
2016-12-24 01:00:00+01:00,65898.0
2016-12-24 02:00:00+01:00,64112.0
2016-12-24 03:00:00+01:00,62281.0
2016-12-24 04:00:00+01:00,61251.0
2016-12-24 05:00:00+01:00,60846.0
2016-12-24 06:00:00+01:00,61871.0
2016-12-24 07:00:00+01:00,63799.0
2016-12-24 08:00:00+01:00,66177.0
2016-12-24 09:00:00+01:00,68178.0
2016-12-24 10:00:00+01:00,68631.0
2016-12-24 11:00:00+01:00,68860.0
2016-12-24 12:00:00+01:00,69451.0
2016-12-24 13:00:00+01:00,68242.0
2016-12-24 14:00:00+01:00,66348.0
2016-12-24 15:00:00+01:00,65629.0
2016-12-24 16:00:00+01:00,66412.0
2016-12-24 17:00:00+01:00,68714.0
2016-12-24 18:00:00+01:00,70837.0
2016-12-24 19:00:00+01:00,69738.0
2016-12-24 20:00:00+01:00,67579.0
2016-12-24 21:00:00+01:00,66361.0
2016-12-24 22:00:00+01:00,67173.0
2016-12-24 23:00:00+01:00,67319.0
2016-12-25 00:00:00+01:00,63959.0
2016-12-25 01:00:00+01:00,62528.0
2016-12-25 02:00:00+01:00,61617.0
2016-12-25 03:00:00+01:00,59300.0
2016-12-25 04:00:00+01:00,57688.0
2016-12-25 05:00:00+01:00,56572.0
2016-12-25 06:00:00+01:00,56757.0
2016-12-25 07:00:00+01:00,57827.0
2016-12-25 08:00:00+01:00,58312.0
2016-12-25 09:00:00+01:00,59646.0
2016-12-25 10:00:00+01:00,61649.0
2016-12-25 11:00:00+01:00,62547.0
2016-12-25 12:00:00+01:00,62273.0
2016-12-25 13:00:00+01:00,61674.0
2016-12-25 14:00:00+01:00,59632.0
2016-12-25 15:00:00+01:00,58537.0
2016-12-25 16:00:00+01:00,58980.0
2016-12-25 17:00:00+01:00,61981.0
2016-12-25 18:00:00+01:00,65015.0
2016-12-25 19:00:00+01:00,65730.0
2016-12-25 20:00:00+01:00,64983.0
2016-12-25 21:00:00+01:00,64445.0
2016-12-25 22:00:00+01:00,64671.0
2016-12-25 23:00:00+01:00,64663.0
2016-12-26 00:00:00+01:00,61776.0
2016-12-26 01:00:00+01:00,60551.0
2016-12-26 02:00:00+01:00,58947.0
2016-12-26 03:00:00+01:00,57089.0
2016-12-26 04:00:00+01:00,55822.0
2016-12-26 05:00:00+01:00,56954.0
2016-12-26 06:00:00+01:00,58926.0
2016-12-26 07:00:00+01:00,62351.0
2016-12-26 08:00:00+01:00,64148.0
2016-12-26 09:00:00+01:00,66035.0
2016-12-26 10:00:00+01:00,67255.0
2016-12-26 11:00:00+01:00,67920.0
2016-12-26 12:00:00+01:00,68231.0
2016-12-26 13:00:00+01:00,67377.0
2016-12-26 14:00:00+01:00,65908.0
2016-12-26 15:00:00+01:00,64900.0
2016-12-26 16:00:00+01:00,64756.0
2016-12-26 17:00:00+01:00,66623.0
2016-12-26 18:00:00+01:00,69489.0
2016-12-26 19:00:00+01:00,69922.0
2016-12-26 20:00:00+01:00,67634.0
2016-12-26 21:00:00+01:00,67041.0
2016-12-26 22:00:00+01:00,67186.0
2016-12-26 23:00:00+01:00,66904.0
2016-12-27 00:00:00+01:00,64283.0
2016-12-27 01:00:00+01:00,63618.0
2016-12-27 02:00:00+01:00,62933.0
2016-12-27 03:00:00+01:00,62667.0
2016-12-27 04:00:00+01:00,62308.0
2016-12-27 05:00:00+01:00,63036.0
2016-12-27 06:00:00+01:00,64328.0
2016-12-27 07:00:00+01:00,68004.0
2016-12-27 08:00:00+01:00,70175.0
2016-12-27 09:00:00+01:00,71252.0
2016-12-27 10:00:00+01:00,71553.0
2016-12-27 11:00:00+01:00,71885.0
2016-12-27 12:00:00+01:00,71832.0
2016-12-27 13:00:00+01:00,70672.0
2016-12-27 14:00:00+01:00,69634.0
2016-12-27 15:00:00+01:00,68322.0
2016-12-27 16:00:00+01:00,68239.0
2016-12-27 17:00:00+01:00,71745.0
2016-12-27 18:00:00+01:00,74437.0
2016-12-27 19:00:00+01:00,75179.0
2016-12-27 20:00:00+01:00,71112.0
2016-12-27 21:00:00+01:00,69169.0
2016-12-27 22:00:00+01:00,69694.0
2016-12-27 23:00:00+01:00,69734.0
2016-12-28 00:00:00+01:00,67970.0
2016-12-28 01:00:00+01:00,66828.0
2016-12-28 02:00:00+01:00,66035.0
2016-12-28 03:00:00+01:00,65152.0
2016-12-28 04:00:00+01:00,64647.0
2016-12-28 05:00:00+01:00,65570.0
2016-12-28 06:00:00+01:00,67268.0
2016-12-28 07:00:00+01:00,70115.0
2016-12-28 08:00:00+01:00,72448.0
2016-12-28 09:00:00+01:00,74069.0
2016-12-28 10:00:00+01:00,74185.0
2016-12-28 11:00:00+01:00,73632.0
2016-12-28 12:00:00+01:00,73343.0
2016-12-28 13:00:00+01:00,71934.0
2016-12-28 14:00:00+01:00,70455.0
2016-12-28 15:00:00+01:00,69555.0
2016-12-28 16:00:00+01:00,69856.0
2016-12-28 17:00:00+01:00,72893.0
2016-12-28 18:00:00+01:00,75837.0
2016-12-28 19:00:00+01:00,75236.0
2016-12-28 20:00:00+01:00,72457.0
2016-12-28 21:00:00+01:00,69401.0
2016-12-28 22:00:00+01:00,69200.0
2016-12-28 23:00:00+01:00,69110.0
2016-12-29 00:00:00+01:00,67333.0
2016-12-29 01:00:00+01:00,65992.0
2016-12-29 02:00:00+01:00,64538.0
2016-12-29 03:00:00+01:00,63237.0
2016-12-29 04:00:00+01:00,62638.0
2016-12-29 05:00:00+01:00,63962.0
2016-12-29 06:00:00+01:00,65988.0
2016-12-29 07:00:00+01:00,69171.0
2016-12-29 08:00:00+01:00,70797.0
2016-12-29 09:00:00+01:00,72010.0
2016-12-29 10:00:00+01:00,72850.0
2016-12-29 11:00:00+01:00,73048.0
2016-12-29 12:00:00+01:00,72732.0
2016-12-29 13:00:00+01:00,71480.0
2016-12-29 14:00:00+01:00,70414.0
2016-12-29 15:00:00+01:00,69617.0
2016-12-29 16:00:00+01:00,69760.0
2016-12-29 17:00:00+01:00,73042.0
2016-12-29 18:00:00+01:00,75136.0
2016-12-29 19:00:00+01:00,75509.0
2016-12-29 20:00:00+01:00,72321.0
2016-12-29 21:00:00+01:00,70912.0
2016-12-29 22:00:00+01:00,71540.0
2016-12-29 23:00:00+01:00,71058.0
2016-12-30 00:00:00+01:00,69479.0
2016-12-30 01:00:00+01:00,68149.0
2016-12-30 02:00:00+01:00,66903.0
2016-12-30 03:00:00+01:00,65550.0
2016-12-30 04:00:00+01:00,65712.0
2016-12-30 05:00:00+01:00,66014.0
2016-12-30 06:00:00+01:00,68135.0
2016-12-30 07:00:00+01:00,69886.0
2016-12-30 08:00:00+01:00,71968.0
2016-12-30 09:00:00+01:00,73061.0
2016-12-30 10:00:00+01:00,73727.0
2016-12-30 11:00:00+01:00,73996.0
2016-12-30 12:00:00+01:00,73768.0
2016-12-30 13:00:00+01:00,72114.0
2016-12-30 14:00:00+01:00,70823.0
2016-12-30 15:00:00+01:00,70104.0
2016-12-30 16:00:00+01:00,69880.0
2016-12-30 17:00:00+01:00,72109.0
2016-12-30 18:00:00+01:00,75036.0
2016-12-30 19:00:00+01:00,75446.0
2016-12-30 20:00:00+01:00,73723.0
2016-12-30 21:00:00+01:00,71522.0
2016-12-30 22:00:00+01:00,71694.0
2016-12-30 23:00:00+01:00,72002.0
2016-12-31 00:00:00+01:00,69019.0
2016-12-31 01:00:00+01:00,66798.0
2016-12-31 02:00:00+01:00,65875.0
2016-12-31 03:00:00+01:00,65231.0
2016-12-31 04:00:00+01:00,65126.0
2016-12-31 05:00:00+01:00,65155.0
2016-12-31 06:00:00+01:00,65701.0
2016-12-31 07:00:00+01:00,66306.0
2016-12-31 08:00:00+01:00,68140.0
2016-12-31 09:00:00+01:00,70516.0
2016-12-31 10:00:00+01:00,72167.0
2016-12-31 11:00:00+01:00,72412.0
2016-12-31 12:00:00+01:00,73130.0
2016-12-31 13:00:00+01:00,71682.0
2016-12-31 14:00:00+01:00,70182.0
2016-12-31 15:00:00+01:00,68838.0
2016-12-31 16:00:00+01:00,68511.0
2016-12-31 17:00:00+01:00,71195.0
2016-12-31 18:00:00+01:00,73133.0
2016-12-31 19:00:00+01:00,72966.0
2016-12-31 20:00:00+01:00,70957.0
2016-12-31 21:00:00+01:00,69171.0
2016-12-31 22:00:00+01:00,70076.0
2016-12-31 23:00:00+01:00,71677.0
2017-01-01 00:00:00+01:00,70810.0
2017-01-01 01:00:00+01:00,69539.0
2017-01-01 02:00:00+01:00,67376.0
2017-01-01 03:00:00+01:00,65412.0
2017-01-01 04:00:00+01:00,64557.0
2017-01-01 05:00:00+01:00,64552.0
2017-01-01 06:00:00+01:00,64695.0
2017-01-01 07:00:00+01:00,64956.0
2017-01-01 08:00:00+01:00,64938.0
2017-01-01 09:00:00+01:00,65526.0
2017-01-01 10:00:00+01:00,66426.0
2017-01-01 11:00:00+01:00,67533.0
2017-01-01 12:00:00+01:00,68066.0
2017-01-01 13:00:00+01:00,68120.0
2017-01-01 14:00:00+01:00,65870.0
2017-01-01 15:00:00+01:00,64558.0
2017-01-01 16:00:00+01:00,65023.0
2017-01-01 17:00:00+01:00,66742.0
2017-01-01 18:00:00+01:00,69175.0
2017-01-01 19:00:00+01:00,70434.0
2017-01-01 20:00:00+01:00,69171.0
2017-01-01 21:00:00+01:00,68694.0
2017-01-01 22:00:00+01:00,68900.0
2017-01-01 23:00:00+01:00,69063.0
2017-01-02 00:00:00+01:00,67873.0
2017-01-02 01:00:00+01:00,66568.0
2017-01-02 02:00:00+01:00,65962.0
2017-01-02 03:00:00+01:00,65838.0
2017-01-02 04:00:00+01:00,65653.0
2017-01-02 05:00:00+01:00,65989.0
2017-01-02 06:00:00+01:00,67471.0
2017-01-02 07:00:00+01:00,70379.0
2017-01-02 08:00:00+01:00,72051.0
2017-01-02 09:00:00+01:00,73119.0
2017-01-02 10:00:00+01:00,74464.0
2017-01-02 11:00:00+01:00,75072.0
2017-01-02 12:00:00+01:00,75432.0
2017-01-02 13:00:00+01:00,75022.0
2017-01-02 14:00:00+01:00,73887.0
2017-01-02 15:00:00+01:00,73225.0
2017-01-02 16:00:00+01:00,73551.0
2017-01-02 17:00:00+01:00,75289.0
2017-01-02 18:00:00+01:00,79030.0
2017-01-02 19:00:00+01:00,78919.0
2017-01-02 20:00:00+01:00,75661.0
2017-01-02 21:00:00+01:00,73915.0
2017-01-02 22:00:00+01:00,73785.0
2017-01-02 23:00:00+01:00,72632.0
2017-01-03 00:00:00+01:00,71574.0
2017-01-03 01:00:00+01:00,70291.0
2017-01-03 02:00:00+01:00,69366.0
2017-01-03 03:00:00+01:00,68511.0
2017-01-03 04:00:00+01:00,68294.0
2017-01-03 05:00:00+01:00,69183.0
2017-01-03 06:00:00+01:00,71650.0
2017-01-03 07:00:00+01:00,75582.0
2017-01-03 08:00:00+01:00,77784.0
2017-01-03 09:00:00+01:00,78982.0
2017-01-03 10:00:00+01:00,79557.0
2017-01-03 11:00:00+01:00,79845.0
2017-01-03 12:00:00+01:00,79398.0
2017-01-03 13:00:00+01:00,78198.0
2017-01-03 14:00:00+01:00,77000.0
2017-01-03 15:00:00+01:00,75943.0
2017-01-03 16:00:00+01:00,75486.0
2017-01-03 17:00:00+01:00,78228.0
2017-01-03 18:00:00+01:00,81352.0
2017-01-03 19:00:00+01:00,81346.0
2017-01-03 20:00:00+01:00,77967.0
2017-01-03 21:00:00+01:00,76556.0
2017-01-03 22:00:00+01:00,76016.0
2017-01-03 23:00:00+01:00,75775.0
2017-01-04 00:00:00+01:00,73970.0
2017-01-04 01:00:00+01:00,72451.0
2017-01-04 02:00:00+01:00,71911.0
2017-01-04 03:00:00+01:00,71498.0
2017-01-04 04:00:00+01:00,71627.0
2017-01-04 05:00:00+01:00,71951.0
2017-01-04 06:00:00+01:00,75095.0
2017-01-04 07:00:00+01:00,78000.0
2017-01-04 08:00:00+01:00,80051.0
2017-01-04 09:00:00+01:00,80235.0
2017-01-04 10:00:00+01:00,80797.0
2017-01-04 11:00:00+01:00,81034.0
2017-01-04 12:00:00+01:00,79967.0
2017-01-04 13:00:00+01:00,78709.0
2017-01-04 14:00:00+01:00,77739.0
2017-01-04 15:00:00+01:00,77552.0
2017-01-04 16:00:00+01:00,77498.0
2017-01-04 17:00:00+01:00,79848.0
2017-01-04 18:00:00+01:00,82457.0
2017-01-04 19:00:00+01:00,81620.0
2017-01-04 20:00:00+01:00,78717.0
2017-01-04 21:00:00+01:00,76783.0
2017-01-04 22:00:00+01:00,76418.0
2017-01-04 23:00:00+01:00,76203.0
2017-01-05 00:00:00+01:00,72532.0
2017-01-05 01:00:00+01:00,71280.0
2017-01-05 02:00:00+01:00,71145.0
2017-01-05 03:00:00+01:00,70659.0
2017-01-05 04:00:00+01:00,70381.0
2017-01-05 05:00:00+01:00,70668.0
2017-01-05 06:00:00+01:00,73054.0
2017-01-05 07:00:00+01:00,77446.0
2017-01-05 08:00:00+01:00,79797.0
2017-01-05 09:00:00+01:00,79640.0
2017-01-05 10:00:00+01:00,80016.0
2017-01-05 11:00:00+01:00,80356.0
2017-01-05 12:00:00+01:00,80303.0
2017-01-05 13:00:00+01:00,79329.0
2017-01-05 14:00:00+01:00,77601.0
2017-01-05 15:00:00+01:00,76717.0
2017-01-05 16:00:00+01:00,76638.0
2017-01-05 17:00:00+01:00,79723.0
2017-01-05 18:00:00+01:00,82319.0
2017-01-05 19:00:00+01:00,82369.0
2017-01-05 20:00:00+01:00,78992.0
2017-01-05 21:00:00+01:00,77717.0
2017-01-05 22:00:00+01:00,76328.0
2017-01-05 23:00:00+01:00,76960.0
2017-01-06 00:00:00+01:00,73225.0
2017-01-06 01:00:00+01:00,71104.0
2017-01-06 02:00:00+01:00,70018.0
2017-01-06 03:00:00+01:00,69502.0
2017-01-06 04:00:00+01:00,69052.0
2017-01-06 05:00:00+01:00,69844.0
2017-01-06 06:00:00+01:00,73565.0
2017-01-06 07:00:00+01:00,78614.0
2017-01-06 08:00:00+01:00,81831.0
2017-01-06 09:00:00+01:00,81199.0
2017-01-06 10:00:00+01:00,80705.0
2017-01-06 11:00:00+01:00,81137.0
2017-01-06 12:00:00+01:00,80568.0
2017-01-06 13:00:00+01:00,78344.0
2017-01-06 14:00:00+01:00,76822.0
2017-01-06 15:00:00+01:00,75588.0
2017-01-06 16:00:00+01:00,75282.0
2017-01-06 17:00:00+01:00,77954.0
2017-01-06 18:00:00+01:00,82875.0
2017-01-06 19:00:00+01:00,82772.0
2017-01-06 20:00:00+01:00,80257.0
2017-01-06 21:00:00+01:00,76894.0
2017-01-06 22:00:00+01:00,77247.0
2017-01-06 23:00:00+01:00,77445.0
2017-01-07 00:00:00+01:00,73315.0
2017-01-07 01:00:00+01:00,71444.0
2017-01-07 02:00:00+01:00,69643.0
2017-01-07 03:00:00+01:00,67660.0
2017-01-07 04:00:00+01:00,66619.0
2017-01-07 05:00:00+01:00,67340.0
2017-01-07 06:00:00+01:00,69401.0
2017-01-07 07:00:00+01:00,70345.0
2017-01-07 08:00:00+01:00,72095.0
2017-01-07 09:00:00+01:00,74562.0
2017-01-07 10:00:00+01:00,75628.0
2017-01-07 11:00:00+01:00,76156.0
2017-01-07 12:00:00+01:00,75969.0
2017-01-07 13:00:00+01:00,75005.0
2017-01-07 14:00:00+01:00,72219.0
2017-01-07 15:00:00+01:00,70055.0
2017-01-07 16:00:00+01:00,70913.0
2017-01-07 17:00:00+01:00,72876.0
2017-01-07 18:00:00+01:00,75500.0
2017-01-07 19:00:00+01:00,75554.0
2017-01-07 20:00:00+01:00,73375.0
2017-01-07 21:00:00+01:00,71043.0
2017-01-07 22:00:00+01:00,70815.0
2017-01-07 23:00:00+01:00,71494.0
2017-01-08 00:00:00+01:00,72485.0
2017-01-08 01:00:00+01:00,69649.0
2017-01-08 02:00:00+01:00,66624.0
2017-01-08 03:00:00+01:00,64842.0
2017-01-08 04:00:00+01:00,64733.0
2017-01-08 05:00:00+01:00,64579.0
2017-01-08 06:00:00+01:00,65056.0
2017-01-08 07:00:00+01:00,65619.0
2017-01-08 08:00:00+01:00,65866.0
2017-01-08 09:00:00+01:00,66823.0
2017-01-08 10:00:00+01:00,69245.0
2017-01-08 11:00:00+01:00,70730.0
2017-01-08 12:00:00+01:00,71299.0
2017-01-08 13:00:00+01:00,70019.0
2017-01-08 14:00:00+01:00,66775.0
2017-01-08 15:00:00+01:00,65377.0
2017-01-08 16:00:00+01:00,65578.0
2017-01-08 17:00:00+01:00,68261.0
2017-01-08 18:00:00+01:00,71784.0
2017-01-08 19:00:00+01:00,72267.0
2017-01-08 20:00:00+01:00,71709.0
2017-01-08 21:00:00+01:00,70211.0
2017-01-08 22:00:00+01:00,70245.0
2017-01-08 23:00:00+01:00,70156.0
2017-01-09 00:00:00+01:00,69433.0
2017-01-09 01:00:00+01:00,68328.0
2017-01-09 02:00:00+01:00,66693.0
2017-01-09 03:00:00+01:00,66007.0
2017-01-09 04:00:00+01:00,66244.0
2017-01-09 05:00:00+01:00,67741.0
2017-01-09 06:00:00+01:00,72543.0
2017-01-09 07:00:00+01:00,76419.0
2017-01-09 08:00:00+01:00,79740.0
2017-01-09 09:00:00+01:00,81243.0
2017-01-09 10:00:00+01:00,81675.0
2017-01-09 11:00:00+01:00,81738.0
2017-01-09 12:00:00+01:00,81509.0
2017-01-09 13:00:00+01:00,80802.0
2017-01-09 14:00:00+01:00,80073.0
2017-01-09 15:00:00+01:00,78862.0
2017-01-09 16:00:00+01:00,79117.0
2017-01-09 17:00:00+01:00,80774.0
2017-01-09 18:00:00+01:00,84029.0
2017-01-09 19:00:00+01:00,83731.0
2017-01-09 20:00:00+01:00,81777.0
2017-01-09 21:00:00+01:00,79203.0
2017-01-09 22:00:00+01:00,78977.0
2017-01-09 23:00:00+01:00,78376.0
2017-01-10 00:00:00+01:00,75185.0
2017-01-10 01:00:00+01:00,72405.0
2017-01-10 02:00:00+01:00,71210.0
2017-01-10 03:00:00+01:00,69880.0
2017-01-10 04:00:00+01:00,69213.0
2017-01-10 05:00:00+01:00,70215.0
2017-01-10 06:00:00+01:00,73978.0
2017-01-10 07:00:00+01:00,78339.0
2017-01-10 08:00:00+01:00,80959.0
2017-01-10 09:00:00+01:00,80491.0
2017-01-10 10:00:00+01:00,80688.0
2017-01-10 11:00:00+01:00,80805.0
2017-01-10 12:00:00+01:00,80495.0
2017-01-10 13:00:00+01:00,80114.0
2017-01-10 14:00:00+01:00,78451.0
2017-01-10 15:00:00+01:00,77676.0
2017-01-10 16:00:00+01:00,77804.0
2017-01-10 17:00:00+01:00,80894.0
2017-01-10 18:00:00+01:00,83070.0
2017-01-10 19:00:00+01:00,81866.0
2017-01-10 20:00:00+01:00,78357.0
2017-01-10 21:00:00+01:00,75400.0
2017-01-10 22:00:00+01:00,74730.0
2017-01-10 23:00:00+01:00,73674.0
2017-01-11 00:00:00+01:00,70705.0
2017-01-11 01:00:00+01:00,68484.0
2017-01-11 02:00:00+01:00,67749.0
2017-01-11 03:00:00+01:00,66445.0
2017-01-11 04:00:00+01:00,66454.0
2017-01-11 05:00:00+01:00,68157.0
2017-01-11 06:00:00+01:00,72290.0
2017-01-11 07:00:00+01:00,77128.0
2017-01-11 08:00:00+01:00,79844.0
2017-01-11 09:00:00+01:00,81103.0
2017-01-11 10:00:00+01:00,81037.0
2017-01-11 11:00:00+01:00,80904.0
2017-01-11 12:00:00+01:00,80930.0
2017-01-11 13:00:00+01:00,80602.0
2017-01-11 14:00:00+01:00,79848.0
2017-01-11 15:00:00+01:00,79224.0
2017-01-11 16:00:00+01:00,78828.0
2017-01-11 17:00:00+01:00,79789.0
2017-01-11 18:00:00+01:00,82420.0
2017-01-11 19:00:00+01:00,81289.0
2017-01-11 20:00:00+01:00,78707.0
2017-01-11 21:00:00+01:00,76590.0
2017-01-11 22:00:00+01:00,76426.0
2017-01-11 23:00:00+01:00,76568.0
2017-01-12 00:00:00+01:00,74902.0
2017-01-12 01:00:00+01:00,72563.0
2017-01-12 02:00:00+01:00,71594.0
2017-01-12 03:00:00+01:00,69776.0
2017-01-12 04:00:00+01:00,69578.0
2017-01-12 05:00:00+01:00,70906.0
2017-01-12 06:00:00+01:00,74722.0
2017-01-12 07:00:00+01:00,78651.0
2017-01-12 08:00:00+01:00,80809.0
2017-01-12 09:00:00+01:00,81068.0
2017-01-12 10:00:00+01:00,81536.0
2017-01-12 11:00:00+01:00,81351.0
2017-01-12 12:00:00+01:00,81237.0
2017-01-12 13:00:00+01:00,80503.0
2017-01-12 14:00:00+01:00,80113.0
2017-01-12 15:00:00+01:00,79606.0
2017-01-12 16:00:00+01:00,79629.0
2017-01-12 17:00:00+01:00,80873.0
2017-01-12 18:00:00+01:00,83892.0
2017-01-12 19:00:00+01:00,83378.0
2017-01-12 20:00:00+01:00,81255.0
2017-01-12 21:00:00+01:00,79467.0
2017-01-12 22:00:00+01:00,78979.0
2017-01-12 23:00:00+01:00,77572.0
2017-01-13 00:00:00+01:00,73682.0
2017-01-13 01:00:00+01:00,71279.0
2017-01-13 02:00:00+01:00,70342.0
2017-01-13 03:00:00+01:00,69225.0
2017-01-13 04:00:00+01:00,69301.0
2017-01-13 05:00:00+01:00,69719.0
2017-01-13 06:00:00+01:00,72776.0
2017-01-13 07:00:00+01:00,77780.0
2017-01-13 08:00:00+01:00,80025.0
2017-01-13 09:00:00+01:00,80898.0
2017-01-13 10:00:00+01:00,81127.0
2017-01-13 11:00:00+01:00,81026.0
2017-01-13 12:00:00+01:00,80414.0
2017-01-13 13:00:00+01:00,79543.0
2017-01-13 14:00:00+01:00,78561.0
2017-01-13 15:00:00+01:00,77449.0
2017-01-13 16:00:00+01:00,77272.0
2017-01-13 17:00:00+01:00,79353.0
2017-01-13 18:00:00+01:00,82372.0
2017-01-13 19:00:00+01:00,81414.0
2017-01-13 20:00:00+01:00,78406.0
2017-01-13 21:00:00+01:00,76596.0
2017-01-13 22:00:00+01:00,75380.0
2017-01-13 23:00:00+01:00,74596.0
2017-01-14 00:00:00+01:00,72651.0
2017-01-14 01:00:00+01:00,70454.0
2017-01-14 02:00:00+01:00,69619.0
2017-01-14 03:00:00+01:00,69113.0
2017-01-14 04:00:00+01:00,68494.0
2017-01-14 05:00:00+01:00,68336.0
2017-01-14 06:00:00+01:00,68671.0
2017-01-14 07:00:00+01:00,69977.0
2017-01-14 08:00:00+01:00,71684.0
2017-01-14 09:00:00+01:00,73669.0
2017-01-14 10:00:00+01:00,74116.0
2017-01-14 11:00:00+01:00,75003.0
2017-01-14 12:00:00+01:00,75283.0
2017-01-14 13:00:00+01:00,75077.0
2017-01-14 14:00:00+01:00,73512.0
2017-01-14 15:00:00+01:00,72829.0
2017-01-14 16:00:00+01:00,72544.0
2017-01-14 17:00:00+01:00,74736.0
2017-01-14 18:00:00+01:00,78842.0
2017-01-14 19:00:00+01:00,78848.0
2017-01-14 20:00:00+01:00,77357.0
2017-01-14 21:00:00+01:00,75254.0
2017-01-14 22:00:00+01:00,75393.0
2017-01-14 23:00:00+01:00,75525.0
2017-01-15 00:00:00+01:00,70113.0
2017-01-15 01:00:00+01:00,68615.0
2017-01-15 02:00:00+01:00,68033.0
2017-01-15 03:00:00+01:00,66782.0
2017-01-15 04:00:00+01:00,66265.0
2017-01-15 05:00:00+01:00,65906.0
2017-01-15 06:00:00+01:00,66079.0
2017-01-15 07:00:00+01:00,66246.0
2017-01-15 08:00:00+01:00,66618.0
2017-01-15 09:00:00+01:00,68362.0
2017-01-15 10:00:00+01:00,69977.0
2017-01-15 11:00:00+01:00,71193.0
2017-01-15 12:00:00+01:00,71274.0
2017-01-15 13:00:00+01:00,71025.0
2017-01-15 14:00:00+01:00,69436.0
2017-01-15 15:00:00+01:00,68240.0
2017-01-15 16:00:00+01:00,68404.0
2017-01-15 17:00:00+01:00,71068.0
2017-01-15 18:00:00+01:00,75507.0
2017-01-15 19:00:00+01:00,75928.0
2017-01-15 20:00:00+01:00,75414.0
2017-01-15 21:00:00+01:00,74527.0
2017-01-15 22:00:00+01:00,73683.0
2017-01-15 23:00:00+01:00,72498.0
2017-01-16 00:00:00+01:00,66851.0
2017-01-16 01:00:00+01:00,65878.0
2017-01-16 02:00:00+01:00,65760.0
2017-01-16 03:00:00+01:00,65448.0
2017-01-16 04:00:00+01:00,65732.0
2017-01-16 05:00:00+01:00,67726.0
2017-01-16 06:00:00+01:00,72112.0
2017-01-16 07:00:00+01:00,77994.0
2017-01-16 08:00:00+01:00,81212.0
2017-01-16 09:00:00+01:00,81738.0
2017-01-16 10:00:00+01:00,82126.0
2017-01-16 11:00:00+01:00,82780.0
2017-01-16 12:00:00+01:00,82158.0
2017-01-16 13:00:00+01:00,81390.0
2017-01-16 14:00:00+01:00,80051.0
2017-01-16 15:00:00+01:00,79340.0
2017-01-16 16:00:00+01:00,79436.0
2017-01-16 17:00:00+01:00,81962.0
2017-01-16 18:00:00+01:00,84745.0
2017-01-16 19:00:00+01:00,82633.0
2017-01-16 20:00:00+01:00,79688.0
2017-01-16 21:00:00+01:00,76825.0
2017-01-16 22:00:00+01:00,76392.0
2017-01-16 23:00:00+01:00,76673.0
2017-01-17 00:00:00+01:00,75154.0
2017-01-17 01:00:00+01:00,73813.0
2017-01-17 02:00:00+01:00,73386.0
2017-01-17 03:00:00+01:00,72257.0
2017-01-17 04:00:00+01:00,72503.0
2017-01-17 05:00:00+01:00,73788.0
2017-01-17 06:00:00+01:00,78676.0
2017-01-17 07:00:00+01:00,83823.0
2017-01-17 08:00:00+01:00,85860.0
2017-01-17 09:00:00+01:00,87081.0
2017-01-17 10:00:00+01:00,87429.0
2017-01-17 11:00:00+01:00,88141.0
2017-01-17 12:00:00+01:00,86850.0
2017-01-17 13:00:00+01:00,85839.0
2017-01-17 14:00:00+01:00,84809.0
2017-01-17 15:00:00+01:00,83508.0
2017-01-17 16:00:00+01:00,83192.0
2017-01-17 17:00:00+01:00,85135.0
2017-01-17 18:00:00+01:00,88719.0
2017-01-17 19:00:00+01:00,88718.0
2017-01-17 20:00:00+01:00,83834.0
2017-01-17 21:00:00+01:00,81974.0
2017-01-17 22:00:00+01:00,81973.0
2017-01-17 23:00:00+01:00,82142.0
2017-01-18 00:00:00+01:00,79588.0
2017-01-18 01:00:00+01:00,77669.0
2017-01-18 02:00:00+01:00,76557.0
2017-01-18 03:00:00+01:00,75807.0
2017-01-18 04:00:00+01:00,75773.0
2017-01-18 05:00:00+01:00,77113.0
2017-01-18 06:00:00+01:00,82648.0
2017-01-18 07:00:00+01:00,86582.0
2017-01-18 08:00:00+01:00,89398.0
2017-01-18 09:00:00+01:00,90985.0
2017-01-18 10:00:00+01:00,90036.0
2017-01-18 11:00:00+01:00,89983.0
2017-01-18 12:00:00+01:00,87760.0
2017-01-18 13:00:00+01:00,86333.0
2017-01-18 14:00:00+01:00,85077.0
2017-01-18 15:00:00+01:00,84168.0
2017-01-18 16:00:00+01:00,84346.0
2017-01-18 17:00:00+01:00,87015.0
2017-01-18 18:00:00+01:00,90940.0
2017-01-18 19:00:00+01:00,90667.0
2017-01-18 20:00:00+01:00,86267.0
2017-01-18 21:00:00+01:00,83288.0
2017-01-18 22:00:00+01:00,83045.0
2017-01-18 23:00:00+01:00,82403.0
2017-01-19 00:00:00+01:00,81484.0
2017-01-19 01:00:00+01:00,79600.0
2017-01-19 02:00:00+01:00,78478.0
2017-01-19 03:00:00+01:00,77611.0
2017-01-19 04:00:00+01:00,77387.0
2017-01-19 05:00:00+01:00,78728.0
2017-01-19 06:00:00+01:00,83745.0
2017-01-19 07:00:00+01:00,88443.0
2017-01-19 08:00:00+01:00,89975.0
2017-01-19 09:00:00+01:00,89804.0
2017-01-19 10:00:00+01:00,88719.0
2017-01-19 11:00:00+01:00,88466.0
2017-01-19 12:00:00+01:00,87439.0
2017-01-19 13:00:00+01:00,86477.0
2017-01-19 14:00:00+01:00,85069.0
2017-01-19 15:00:00+01:00,83350.0
2017-01-19 16:00:00+01:00,83458.0
2017-01-19 17:00:00+01:00,86183.0
2017-01-19 18:00:00+01:00,89001.0
2017-01-19 19:00:00+01:00,89028.0
2017-01-19 20:00:00+01:00,85407.0
2017-01-19 21:00:00+01:00,82212.0
2017-01-19 22:00:00+01:00,81920.0
2017-01-19 23:00:00+01:00,81390.0
2017-01-20 00:00:00+01:00,80710.0
2017-01-20 01:00:00+01:00,79339.0
2017-01-20 02:00:00+01:00,78987.0
2017-01-20 03:00:00+01:00,78212.0
2017-01-20 04:00:00+01:00,78161.0
2017-01-20 05:00:00+01:00,80134.0
2017-01-20 06:00:00+01:00,84449.0
2017-01-20 07:00:00+01:00,88463.0
2017-01-20 08:00:00+01:00,88812.0
2017-01-20 09:00:00+01:00,89389.0
2017-01-20 10:00:00+01:00,89452.0
2017-01-20 11:00:00+01:00,87667.0
2017-01-20 12:00:00+01:00,86210.0
2017-01-20 13:00:00+01:00,84826.0
2017-01-20 14:00:00+01:00,83760.0
2017-01-20 15:00:00+01:00,82239.0
2017-01-20 16:00:00+01:00,81381.0
2017-01-20 17:00:00+01:00,83021.0
2017-01-20 18:00:00+01:00,85748.0
2017-01-20 19:00:00+01:00,85567.0
2017-01-20 20:00:00+01:00,82573.0
2017-01-20 21:00:00+01:00,80844.0
2017-01-20 22:00:00+01:00,80516.0
2017-01-20 23:00:00+01:00,80357.0
2017-01-21 00:00:00+01:00,78737.0
2017-01-21 01:00:00+01:00,77948.0
2017-01-21 02:00:00+01:00,76556.0
2017-01-21 03:00:00+01:00,73504.0
2017-01-21 04:00:00+01:00,72972.0
2017-01-21 05:00:00+01:00,73270.0
2017-01-21 06:00:00+01:00,74794.0
2017-01-21 07:00:00+01:00,76165.0
2017-01-21 08:00:00+01:00,77993.0
2017-01-21 09:00:00+01:00,79887.0
2017-01-21 10:00:00+01:00,80597.0
2017-01-21 11:00:00+01:00,80132.0
2017-01-21 12:00:00+01:00,79339.0
2017-01-21 13:00:00+01:00,76417.0
2017-01-21 14:00:00+01:00,73704.0
2017-01-21 15:00:00+01:00,72392.0
2017-01-21 16:00:00+01:00,71795.0
2017-01-21 17:00:00+01:00,74468.0
2017-01-21 18:00:00+01:00,79664.0
2017-01-21 19:00:00+01:00,80229.0
2017-01-21 20:00:00+01:00,77289.0
2017-01-21 21:00:00+01:00,75095.0
2017-01-21 22:00:00+01:00,76077.0
2017-01-21 23:00:00+01:00,76730.0
2017-01-22 00:00:00+01:00,74001.0
2017-01-22 01:00:00+01:00,71160.0
2017-01-22 02:00:00+01:00,69900.0
2017-01-22 03:00:00+01:00,68703.0
2017-01-22 04:00:00+01:00,68417.0
2017-01-22 05:00:00+01:00,68579.0
2017-01-22 06:00:00+01:00,68814.0
2017-01-22 07:00:00+01:00,68962.0
2017-01-22 08:00:00+01:00,69434.0
2017-01-22 09:00:00+01:00,71068.0
2017-01-22 10:00:00+01:00,72706.0
2017-01-22 11:00:00+01:00,73267.0
2017-01-22 12:00:00+01:00,73659.0
2017-01-22 13:00:00+01:00,72160.0
2017-01-22 14:00:00+01:00,69547.0
2017-01-22 15:00:00+01:00,68105.0
2017-01-22 16:00:00+01:00,68737.0
2017-01-22 17:00:00+01:00,71238.0
2017-01-22 18:00:00+01:00,76125.0
2017-01-22 19:00:00+01:00,77794.0
2017-01-22 20:00:00+01:00,76824.0
2017-01-22 21:00:00+01:00,75207.0
2017-01-22 22:00:00+01:00,75183.0
2017-01-22 23:00:00+01:00,75541.0
2017-01-23 00:00:00+01:00,73995.0
2017-01-23 01:00:00+01:00,72897.0
2017-01-23 02:00:00+01:00,72297.0
2017-01-23 03:00:00+01:00,71597.0
2017-01-23 04:00:00+01:00,71888.0
2017-01-23 05:00:00+01:00,73905.0
2017-01-23 06:00:00+01:00,76980.0
2017-01-23 07:00:00+01:00,83010.0
2017-01-23 08:00:00+01:00,85019.0
2017-01-23 09:00:00+01:00,86178.0
2017-01-23 10:00:00+01:00,85987.0
2017-01-23 11:00:00+01:00,85221.0
2017-01-23 12:00:00+01:00,84357.0
2017-01-23 13:00:00+01:00,82355.0
2017-01-23 14:00:00+01:00,80741.0
2017-01-23 15:00:00+01:00,80152.0
2017-01-23 16:00:00+01:00,80147.0
2017-01-23 17:00:00+01:00,82694.0
2017-01-23 18:00:00+01:00,85748.0
2017-01-23 19:00:00+01:00,86308.0
2017-01-23 20:00:00+01:00,83457.0
2017-01-23 21:00:00+01:00,80440.0
2017-01-23 22:00:00+01:00,80249.0
2017-01-23 23:00:00+01:00,80725.0
2017-01-24 00:00:00+01:00,78086.0
2017-01-24 01:00:00+01:00,75754.0
2017-01-24 02:00:00+01:00,74964.0
2017-01-24 03:00:00+01:00,74277.0
2017-01-24 04:00:00+01:00,74087.0
2017-01-24 05:00:00+01:00,75573.0
2017-01-24 06:00:00+01:00,80752.0
2017-01-24 07:00:00+01:00,84852.0
2017-01-24 08:00:00+01:00,85580.0
2017-01-24 09:00:00+01:00,86355.0
2017-01-24 10:00:00+01:00,87016.0
2017-01-24 11:00:00+01:00,87371.0
2017-01-24 12:00:00+01:00,85495.0
2017-01-24 13:00:00+01:00,84595.0
2017-01-24 14:00:00+01:00,82871.0
2017-01-24 15:00:00+01:00,81992.0
2017-01-24 16:00:00+01:00,81465.0
2017-01-24 17:00:00+01:00,82662.0
2017-01-24 18:00:00+01:00,85438.0
2017-01-24 19:00:00+01:00,85309.0
2017-01-24 20:00:00+01:00,83489.0
2017-01-24 21:00:00+01:00,80188.0
2017-01-24 22:00:00+01:00,79675.0
2017-01-24 23:00:00+01:00,78919.0
2017-01-25 00:00:00+01:00,79073.0
2017-01-25 01:00:00+01:00,76808.0
2017-01-25 02:00:00+01:00,75942.0
2017-01-25 03:00:00+01:00,75063.0
2017-01-25 04:00:00+01:00,75109.0
2017-01-25 05:00:00+01:00,75887.0
2017-01-25 06:00:00+01:00,81274.0
2017-01-25 07:00:00+01:00,85553.0
2017-01-25 08:00:00+01:00,86245.0
2017-01-25 09:00:00+01:00,86990.0
2017-01-25 10:00:00+01:00,87400.0
2017-01-25 11:00:00+01:00,87358.0
2017-01-25 12:00:00+01:00,86152.0
2017-01-25 13:00:00+01:00,84846.0
2017-01-25 14:00:00+01:00,83579.0
2017-01-25 15:00:00+01:00,82828.0
2017-01-25 16:00:00+01:00,82823.0
2017-01-25 17:00:00+01:00,84026.0
2017-01-25 18:00:00+01:00,86096.0
2017-01-25 19:00:00+01:00,86557.0
2017-01-25 20:00:00+01:00,83691.0
2017-01-25 21:00:00+01:00,81425.0
2017-01-25 22:00:00+01:00,80850.0
2017-01-25 23:00:00+01:00,81152.0
2017-01-26 00:00:00+01:00,80468.0
2017-01-26 01:00:00+01:00,78425.0
2017-01-26 02:00:00+01:00,77951.0
2017-01-26 03:00:00+01:00,77028.0
2017-01-26 04:00:00+01:00,76466.0
2017-01-26 05:00:00+01:00,77958.0
2017-01-26 06:00:00+01:00,82632.0
2017-01-26 07:00:00+01:00,86613.0
2017-01-26 08:00:00+01:00,87768.0
2017-01-26 09:00:00+01:00,88325.0
2017-01-26 10:00:00+01:00,88125.0
2017-01-26 11:00:00+01:00,87872.0
2017-01-26 12:00:00+01:00,86397.0
2017-01-26 13:00:00+01:00,84103.0
2017-01-26 14:00:00+01:00,82412.0
2017-01-26 15:00:00+01:00,81197.0
2017-01-26 16:00:00+01:00,80467.0
2017-01-26 17:00:00+01:00,82602.0
2017-01-26 18:00:00+01:00,87680.0
2017-01-26 19:00:00+01:00,87959.0
2017-01-26 20:00:00+01:00,84283.0
2017-01-26 21:00:00+01:00,80704.0
2017-01-26 22:00:00+01:00,79988.0
2017-01-26 23:00:00+01:00,79917.0
2017-01-27 00:00:00+01:00,77061.0
2017-01-27 01:00:00+01:00,74261.0
2017-01-27 02:00:00+01:00,73588.0
2017-01-27 03:00:00+01:00,72945.0
2017-01-27 04:00:00+01:00,72659.0
2017-01-27 05:00:00+01:00,73806.0
2017-01-27 06:00:00+01:00,78521.0
2017-01-27 07:00:00+01:00,82438.0
2017-01-27 08:00:00+01:00,84851.0
2017-01-27 09:00:00+01:00,84605.0
2017-01-27 10:00:00+01:00,83615.0
2017-01-27 11:00:00+01:00,82846.0
2017-01-27 12:00:00+01:00,81567.0
2017-01-27 13:00:00+01:00,80038.0
2017-01-27 14:00:00+01:00,78370.0
2017-01-27 15:00:00+01:00,77140.0
2017-01-27 16:00:00+01:00,76486.0
2017-01-27 17:00:00+01:00,77793.0
2017-01-27 18:00:00+01:00,81987.0
2017-01-27 19:00:00+01:00,81879.0
2017-01-27 20:00:00+01:00,78771.0
2017-01-27 21:00:00+01:00,76567.0
2017-01-27 22:00:00+01:00,75801.0
2017-01-27 23:00:00+01:00,75531.0
2017-01-28 00:00:00+01:00,73809.0
2017-01-28 01:00:00+01:00,72049.0
2017-01-28 02:00:00+01:00,71295.0
2017-01-28 03:00:00+01:00,69312.0
2017-01-28 04:00:00+01:00,68478.0
2017-01-28 05:00:00+01:00,68586.0
2017-01-28 06:00:00+01:00,69781.0
2017-01-28 07:00:00+01:00,70609.0
2017-01-28 08:00:00+01:00,71471.0
2017-01-28 09:00:00+01:00,73617.0
2017-01-28 10:00:00+01:00,74933.0
2017-01-28 11:00:00+01:00,75538.0
2017-01-28 12:00:00+01:00,75713.0
2017-01-28 13:00:00+01:00,74243.0
2017-01-28 14:00:00+01:00,72045.0
2017-01-28 15:00:00+01:00,70891.0
2017-01-28 16:00:00+01:00,70348.0
2017-01-28 17:00:00+01:00,72397.0
2017-01-28 18:00:00+01:00,77573.0
2017-01-28 19:00:00+01:00,77372.0
2017-01-28 20:00:00+01:00,74464.0
2017-01-28 21:00:00+01:00,72314.0
2017-01-28 22:00:00+01:00,72304.0
2017-01-28 23:00:00+01:00,72587.0
2017-01-29 00:00:00+01:00,69878.0
2017-01-29 01:00:00+01:00,68141.0
2017-01-29 02:00:00+01:00,67424.0
2017-01-29 03:00:00+01:00,66915.0
2017-01-29 04:00:00+01:00,66056.0
2017-01-29 05:00:00+01:00,66346.0
2017-01-29 06:00:00+01:00,66600.0
2017-01-29 07:00:00+01:00,67116.0
2017-01-29 08:00:00+01:00,67529.0
2017-01-29 09:00:00+01:00,69020.0
2017-01-29 10:00:00+01:00,71092.0
2017-01-29 11:00:00+01:00,73108.0
2017-01-29 12:00:00+01:00,73545.0
2017-01-29 13:00:00+01:00,72645.0
2017-01-29 14:00:00+01:00,70331.0
2017-01-29 15:00:00+01:00,69289.0
2017-01-29 16:00:00+01:00,68780.0
2017-01-29 17:00:00+01:00,70419.0
2017-01-29 18:00:00+01:00,75002.0
2017-01-29 19:00:00+01:00,76143.0
2017-01-29 20:00:00+01:00,75607.0
2017-01-29 21:00:00+01:00,73441.0
2017-01-29 22:00:00+01:00,73171.0
2017-01-29 23:00:00+01:00,73451.0
2017-01-30 00:00:00+01:00,73370.0
2017-01-30 01:00:00+01:00,72080.0
2017-01-30 02:00:00+01:00,70112.0
2017-01-30 03:00:00+01:00,69575.0
2017-01-30 04:00:00+01:00,69252.0
2017-01-30 05:00:00+01:00,70719.0
2017-01-30 06:00:00+01:00,74540.0
2017-01-30 07:00:00+01:00,79830.0
2017-01-30 08:00:00+01:00,81397.0
2017-01-30 09:00:00+01:00,81855.0
2017-01-30 10:00:00+01:00,81789.0
2017-01-30 11:00:00+01:00,82152.0
2017-01-30 12:00:00+01:00,81915.0
2017-01-30 13:00:00+01:00,81081.0
2017-01-30 14:00:00+01:00,78759.0
2017-01-30 15:00:00+01:00,77163.0
2017-01-30 16:00:00+01:00,76340.0
2017-01-30 17:00:00+01:00,74857.0
2017-01-30 18:00:00+01:00,78515.0
2017-01-30 19:00:00+01:00,78786.0
2017-01-30 20:00:00+01:00,75498.0
2017-01-30 21:00:00+01:00,72260.0
2017-01-30 22:00:00+01:00,72075.0
2017-01-30 23:00:00+01:00,72324.0
2017-01-31 00:00:00+01:00,70795.0
2017-01-31 01:00:00+01:00,68976.0
2017-01-31 02:00:00+01:00,68801.0
2017-01-31 03:00:00+01:00,68850.0
2017-01-31 04:00:00+01:00,68848.0
2017-01-31 05:00:00+01:00,69035.0
2017-01-31 06:00:00+01:00,69408.0
2017-01-31 07:00:00+01:00,72683.0
2017-01-31 08:00:00+01:00,74205.0
2017-01-31 09:00:00+01:00,74983.0
2017-01-31 10:00:00+01:00,75481.0
2017-01-31 11:00:00+01:00,76028.0
2017-01-31 12:00:00+01:00,75552.0
2017-01-31 13:00:00+01:00,74833.0
2017-01-31 14:00:00+01:00,72964.0
2017-01-31 15:00:00+01:00,71299.0
2017-01-31 16:00:00+01:00,70268.0
2017-01-31 17:00:00+01:00,71323.0
2017-01-31 18:00:00+01:00,75877.0
2017-01-31 19:00:00+01:00,76551.0
2017-01-31 20:00:00+01:00,74589.0
2017-01-31 21:00:00+01:00,76003.0
2017-01-31 22:00:00+01:00,75615.0
2017-01-31 23:00:00+01:00,74890.0
2017-02-01 00:00:00+01:00,71093.0
2017-02-01 01:00:00+01:00,68727.0
2017-02-01 02:00:00+01:00,68828.0
2017-02-01 03:00:00+01:00,68040.0
2017-02-01 04:00:00+01:00,67679.0
2017-02-01 05:00:00+01:00,68486.0
2017-02-01 06:00:00+01:00,72621.0
2017-02-01 07:00:00+01:00,79318.0
2017-02-01 08:00:00+01:00,79963.0
2017-02-01 09:00:00+01:00,80336.0
2017-02-01 10:00:00+01:00,80424.0
2017-02-01 11:00:00+01:00,80314.0
2017-02-01 12:00:00+01:00,78747.0
2017-02-01 13:00:00+01:00,77658.0
2017-02-01 14:00:00+01:00,76442.0
2017-02-01 15:00:00+01:00,75234.0
2017-02-01 16:00:00+01:00,75107.0
2017-02-01 17:00:00+01:00,77024.0
2017-02-01 18:00:00+01:00,80679.0
2017-02-01 19:00:00+01:00,81048.0
2017-02-01 20:00:00+01:00,78919.0
2017-02-01 21:00:00+01:00,75321.0
2017-02-01 22:00:00+01:00,74300.0
2017-02-01 23:00:00+01:00,73905.0
2017-02-02 00:00:00+01:00,72735.0
2017-02-02 01:00:00+01:00,70448.0
2017-02-02 02:00:00+01:00,69960.0
2017-02-02 03:00:00+01:00,69102.0
2017-02-02 04:00:00+01:00,69611.0
2017-02-02 05:00:00+01:00,70810.0
2017-02-02 06:00:00+01:00,75516.0
2017-02-02 07:00:00+01:00,80506.0
2017-02-02 08:00:00+01:00,81947.0
2017-02-02 09:00:00+01:00,83247.0
2017-02-02 10:00:00+01:00,83565.0
2017-02-02 11:00:00+01:00,83641.0
2017-02-02 12:00:00+01:00,82651.0
2017-02-02 13:00:00+01:00,81626.0
2017-02-02 14:00:00+01:00,79387.0
2017-02-02 15:00:00+01:00,78445.0
2017-02-02 16:00:00+01:00,78849.0
2017-02-02 17:00:00+01:00,79933.0
2017-02-02 18:00:00+01:00,82647.0
2017-02-02 19:00:00+01:00,83015.0
2017-02-02 20:00:00+01:00,79988.0
2017-02-02 21:00:00+01:00,76616.0
2017-02-02 22:00:00+01:00,76174.0
2017-02-02 23:00:00+01:00,75477.0
2017-02-03 00:00:00+01:00,69981.0
2017-02-03 01:00:00+01:00,68252.0
2017-02-03 02:00:00+01:00,66227.0
2017-02-03 03:00:00+01:00,65038.0
2017-02-03 04:00:00+01:00,65215.0
2017-02-03 05:00:00+01:00,66385.0
2017-02-03 06:00:00+01:00,69820.0
2017-02-03 07:00:00+01:00,75334.0
2017-02-03 08:00:00+01:00,77424.0
2017-02-03 09:00:00+01:00,78725.0
2017-02-03 10:00:00+01:00,79237.0
2017-02-03 11:00:00+01:00,79825.0
2017-02-03 12:00:00+01:00,79659.0
2017-02-03 13:00:00+01:00,79192.0
2017-02-03 14:00:00+01:00,78213.0
2017-02-03 15:00:00+01:00,77514.0
2017-02-03 16:00:00+01:00,77399.0
2017-02-03 17:00:00+01:00,78229.0
2017-02-03 18:00:00+01:00,80246.0
2017-02-03 19:00:00+01:00,80092.0
2017-02-03 20:00:00+01:00,77514.0
2017-02-03 21:00:00+01:00,75797.0
2017-02-03 22:00:00+01:00,75109.0
2017-02-03 23:00:00+01:00,73713.0
2017-02-04 00:00:00+01:00,69131.0
2017-02-04 01:00:00+01:00,66368.0
2017-02-04 02:00:00+01:00,64957.0
2017-02-04 03:00:00+01:00,63142.0
2017-02-04 04:00:00+01:00,62595.0
2017-02-04 05:00:00+01:00,62908.0
2017-02-04 06:00:00+01:00,63156.0
2017-02-04 07:00:00+01:00,64651.0
2017-02-04 08:00:00+01:00,67795.0
2017-02-04 09:00:00+01:00,70450.0
2017-02-04 10:00:00+01:00,72631.0
2017-02-04 11:00:00+01:00,74085.0
2017-02-04 12:00:00+01:00,74288.0
2017-02-04 13:00:00+01:00,73371.0
2017-02-04 14:00:00+01:00,71288.0
2017-02-04 15:00:00+01:00,69631.0
2017-02-04 16:00:00+01:00,69379.0
2017-02-04 17:00:00+01:00,70389.0
2017-02-04 18:00:00+01:00,73037.0
2017-02-04 19:00:00+01:00,72750.0
2017-02-04 20:00:00+01:00,70574.0
2017-02-04 21:00:00+01:00,68360.0
2017-02-04 22:00:00+01:00,67790.0
2017-02-04 23:00:00+01:00,67194.0
2017-02-05 00:00:00+01:00,64010.0
2017-02-05 01:00:00+01:00,62679.0
2017-02-05 02:00:00+01:00,62165.0
2017-02-05 03:00:00+01:00,60972.0
2017-02-05 04:00:00+01:00,60543.0
2017-02-05 05:00:00+01:00,61031.0
2017-02-05 06:00:00+01:00,61685.0
2017-02-05 07:00:00+01:00,61212.0
2017-02-05 08:00:00+01:00,62018.0
2017-02-05 09:00:00+01:00,64194.0
2017-02-05 10:00:00+01:00,66244.0
2017-02-05 11:00:00+01:00,68198.0
2017-02-05 12:00:00+01:00,69442.0
2017-02-05 13:00:00+01:00,68383.0
2017-02-05 14:00:00+01:00,66138.0
2017-02-05 15:00:00+01:00,64786.0
2017-02-05 16:00:00+01:00,65162.0
2017-02-05 17:00:00+01:00,67866.0
2017-02-05 18:00:00+01:00,72865.0
2017-02-05 19:00:00+01:00,73627.0
2017-02-05 20:00:00+01:00,72589.0
2017-02-05 21:00:00+01:00,70949.0
2017-02-05 22:00:00+01:00,70741.0
2017-02-05 23:00:00+01:00,70948.0
2017-02-06 00:00:00+01:00,68334.0
2017-02-06 01:00:00+01:00,66849.0
2017-02-06 02:00:00+01:00,65552.0
2017-02-06 03:00:00+01:00,65170.0
2017-02-06 04:00:00+01:00,65222.0
2017-02-06 05:00:00+01:00,66799.0
2017-02-06 06:00:00+01:00,71274.0
2017-02-06 07:00:00+01:00,75317.0
2017-02-06 08:00:00+01:00,77738.0
2017-02-06 09:00:00+01:00,78168.0
2017-02-06 10:00:00+01:00,78433.0
2017-02-06 11:00:00+01:00,78753.0
2017-02-06 12:00:00+01:00,78634.0
2017-02-06 13:00:00+01:00,77666.0
2017-02-06 14:00:00+01:00,76329.0
2017-02-06 15:00:00+01:00,75459.0
2017-02-06 16:00:00+01:00,75256.0
2017-02-06 17:00:00+01:00,76135.0
2017-02-06 18:00:00+01:00,79466.0
2017-02-06 19:00:00+01:00,79257.0
2017-02-06 20:00:00+01:00,75826.0
2017-02-06 21:00:00+01:00,73833.0
2017-02-06 22:00:00+01:00,73088.0
2017-02-06 23:00:00+01:00,73031.0
2017-02-07 00:00:00+01:00,70360.0
2017-02-07 01:00:00+01:00,68525.0
2017-02-07 02:00:00+01:00,67822.0
2017-02-07 03:00:00+01:00,66715.0
2017-02-07 04:00:00+01:00,67009.0
2017-02-07 05:00:00+01:00,68369.0
2017-02-07 06:00:00+01:00,70940.0
2017-02-07 07:00:00+01:00,75501.0
2017-02-07 08:00:00+01:00,77196.0
2017-02-07 09:00:00+01:00,77623.0
2017-02-07 10:00:00+01:00,77716.0
2017-02-07 11:00:00+01:00,77879.0
2017-02-07 12:00:00+01:00,77042.0
2017-02-07 13:00:00+01:00,76242.0
2017-02-07 14:00:00+01:00,75480.0
2017-02-07 15:00:00+01:00,73964.0
2017-02-07 16:00:00+01:00,73380.0
2017-02-07 17:00:00+01:00,74224.0
2017-02-07 18:00:00+01:00,78002.0
2017-02-07 19:00:00+01:00,77858.0
2017-02-07 20:00:00+01:00,74131.0
2017-02-07 21:00:00+01:00,72527.0
2017-02-07 22:00:00+01:00,72016.0
2017-02-07 23:00:00+01:00,71288.0
2017-02-08 00:00:00+01:00,68907.0
2017-02-08 01:00:00+01:00,67775.0
2017-02-08 02:00:00+01:00,67056.0
2017-02-08 03:00:00+01:00,65775.0
2017-02-08 04:00:00+01:00,65189.0
2017-02-08 05:00:00+01:00,66957.0
2017-02-08 06:00:00+01:00,70623.0
2017-02-08 07:00:00+01:00,74151.0
2017-02-08 08:00:00+01:00,76038.0
2017-02-08 09:00:00+01:00,77795.0
2017-02-08 10:00:00+01:00,77950.0
2017-02-08 11:00:00+01:00,78260.0
2017-02-08 12:00:00+01:00,77985.0
2017-02-08 13:00:00+01:00,77691.0
2017-02-08 14:00:00+01:00,76607.0
2017-02-08 15:00:00+01:00,75556.0
2017-02-08 16:00:00+01:00,75506.0
2017-02-08 17:00:00+01:00,76463.0
2017-02-08 18:00:00+01:00,80169.0
2017-02-08 19:00:00+01:00,80161.0
2017-02-08 20:00:00+01:00,77728.0
2017-02-08 21:00:00+01:00,75209.0
2017-02-08 22:00:00+01:00,74989.0
2017-02-08 23:00:00+01:00,74684.0
2017-02-09 00:00:00+01:00,70165.0
2017-02-09 01:00:00+01:00,68732.0
2017-02-09 02:00:00+01:00,67669.0
2017-02-09 03:00:00+01:00,66755.0
2017-02-09 04:00:00+01:00,66330.0
2017-02-09 05:00:00+01:00,67593.0
2017-02-09 06:00:00+01:00,71280.0
2017-02-09 07:00:00+01:00,75828.0
2017-02-09 08:00:00+01:00,77734.0
2017-02-09 09:00:00+01:00,78305.0
2017-02-09 10:00:00+01:00,78765.0
2017-02-09 11:00:00+01:00,79144.0
2017-02-09 12:00:00+01:00,79043.0
2017-02-09 13:00:00+01:00,78377.0
2017-02-09 14:00:00+01:00,77415.0
2017-02-09 15:00:00+01:00,76756.0
2017-02-09 16:00:00+01:00,76052.0
2017-02-09 17:00:00+01:00,76347.0
2017-02-09 18:00:00+01:00,79350.0
2017-02-09 19:00:00+01:00,80142.0
2017-02-09 20:00:00+01:00,77512.0
2017-02-09 21:00:00+01:00,75747.0
2017-02-09 22:00:00+01:00,75317.0
2017-02-09 23:00:00+01:00,74439.0
2017-02-10 00:00:00+01:00,71575.0
2017-02-10 01:00:00+01:00,70268.0
2017-02-10 02:00:00+01:00,68701.0
2017-02-10 03:00:00+01:00,67776.0
2017-02-10 04:00:00+01:00,67776.0
2017-02-10 05:00:00+01:00,69271.0
2017-02-10 06:00:00+01:00,73575.0
2017-02-10 07:00:00+01:00,78071.0
2017-02-10 08:00:00+01:00,79832.0
2017-02-10 09:00:00+01:00,80374.0
2017-02-10 10:00:00+01:00,81141.0
2017-02-10 11:00:00+01:00,81503.0
2017-02-10 12:00:00+01:00,80545.0
2017-02-10 13:00:00+01:00,79171.0
2017-02-10 14:00:00+01:00,77506.0
2017-02-10 15:00:00+01:00,75694.0
2017-02-10 16:00:00+01:00,75631.0
2017-02-10 17:00:00+01:00,76078.0
2017-02-10 18:00:00+01:00,79022.0
2017-02-10 19:00:00+01:00,79719.0
2017-02-10 20:00:00+01:00,77150.0
2017-02-10 21:00:00+01:00,74785.0
2017-02-10 22:00:00+01:00,74149.0
2017-02-10 23:00:00+01:00,73485.0
2017-02-11 00:00:00+01:00,71764.0
2017-02-11 01:00:00+01:00,70152.0
2017-02-11 02:00:00+01:00,67322.0
2017-02-11 03:00:00+01:00,65037.0
2017-02-11 04:00:00+01:00,65354.0
2017-02-11 05:00:00+01:00,65267.0
2017-02-11 06:00:00+01:00,66591.0
2017-02-11 07:00:00+01:00,66999.0
2017-02-11 08:00:00+01:00,69696.0
2017-02-11 09:00:00+01:00,72753.0
2017-02-11 10:00:00+01:00,74099.0
2017-02-11 11:00:00+01:00,74588.0
2017-02-11 12:00:00+01:00,74508.0
2017-02-11 13:00:00+01:00,72950.0
2017-02-11 14:00:00+01:00,69885.0
2017-02-11 15:00:00+01:00,67937.0
2017-02-11 16:00:00+01:00,67000.0
2017-02-11 17:00:00+01:00,69211.0
2017-02-11 18:00:00+01:00,74006.0
2017-02-11 19:00:00+01:00,74354.0
2017-02-11 20:00:00+01:00,71866.0
2017-02-11 21:00:00+01:00,70480.0
2017-02-11 22:00:00+01:00,69870.0
2017-02-11 23:00:00+01:00,70364.0
2017-02-12 00:00:00+01:00,71383.0
2017-02-12 01:00:00+01:00,68305.0
2017-02-12 02:00:00+01:00,66209.0
2017-02-12 03:00:00+01:00,65038.0
2017-02-12 04:00:00+01:00,64904.0
2017-02-12 05:00:00+01:00,64611.0
2017-02-12 06:00:00+01:00,65070.0
2017-02-12 07:00:00+01:00,65331.0
2017-02-12 08:00:00+01:00,65642.0
2017-02-12 09:00:00+01:00,67676.0
2017-02-12 10:00:00+01:00,70423.0
2017-02-12 11:00:00+01:00,72193.0
2017-02-12 12:00:00+01:00,73021.0
2017-02-12 13:00:00+01:00,71926.0
2017-02-12 14:00:00+01:00,69461.0
2017-02-12 15:00:00+01:00,67928.0
2017-02-12 16:00:00+01:00,67437.0
2017-02-12 17:00:00+01:00,68767.0
2017-02-12 18:00:00+01:00,72356.0
2017-02-12 19:00:00+01:00,74749.0
2017-02-12 20:00:00+01:00,74216.0
2017-02-12 21:00:00+01:00,73595.0
2017-02-12 22:00:00+01:00,72949.0
2017-02-12 23:00:00+01:00,72051.0
2017-02-13 00:00:00+01:00,71339.0
2017-02-13 01:00:00+01:00,68886.0
2017-02-13 02:00:00+01:00,67359.0
2017-02-13 03:00:00+01:00,66959.0
2017-02-13 04:00:00+01:00,67232.0
2017-02-13 05:00:00+01:00,68990.0
2017-02-13 06:00:00+01:00,73183.0
2017-02-13 07:00:00+01:00,79016.0
2017-02-13 08:00:00+01:00,80801.0
2017-02-13 09:00:00+01:00,81898.0
2017-02-13 10:00:00+01:00,82338.0
2017-02-13 11:00:00+01:00,81752.0
2017-02-13 12:00:00+01:00,80804.0
2017-02-13 13:00:00+01:00,79576.0
2017-02-13 14:00:00+01:00,77604.0
2017-02-13 15:00:00+01:00,76664.0
2017-02-13 16:00:00+01:00,76523.0
2017-02-13 17:00:00+01:00,77992.0
2017-02-13 18:00:00+01:00,81732.0
2017-02-13 19:00:00+01:00,82943.0
2017-02-13 20:00:00+01:00,81041.0
2017-02-13 21:00:00+01:00,77508.0
2017-02-13 22:00:00+01:00,77041.0
2017-02-13 23:00:00+01:00,75905.0
2017-02-14 00:00:00+01:00,72541.0
2017-02-14 01:00:00+01:00,70321.0
2017-02-14 02:00:00+01:00,69981.0
2017-02-14 03:00:00+01:00,69037.0
2017-02-14 04:00:00+01:00,67895.0
2017-02-14 05:00:00+01:00,70082.0
2017-02-14 06:00:00+01:00,72852.0
2017-02-14 07:00:00+01:00,77728.0
2017-02-14 08:00:00+01:00,79055.0
2017-02-14 09:00:00+01:00,78798.0
2017-02-14 10:00:00+01:00,78894.0
2017-02-14 11:00:00+01:00,78644.0
2017-02-14 12:00:00+01:00,77256.0
2017-02-14 13:00:00+01:00,76507.0
2017-02-14 14:00:00+01:00,75741.0
2017-02-14 15:00:00+01:00,74891.0
2017-02-14 16:00:00+01:00,74706.0
2017-02-14 17:00:00+01:00,75399.0
2017-02-14 18:00:00+01:00,79041.0
2017-02-14 19:00:00+01:00,79477.0
2017-02-14 20:00:00+01:00,77155.0
2017-02-14 21:00:00+01:00,74161.0
2017-02-14 22:00:00+01:00,72995.0
2017-02-14 23:00:00+01:00,72785.0
2017-02-15 00:00:00+01:00,70460.0
2017-02-15 01:00:00+01:00,68703.0
2017-02-15 02:00:00+01:00,67479.0
2017-02-15 03:00:00+01:00,66719.0
2017-02-15 04:00:00+01:00,66767.0
2017-02-15 05:00:00+01:00,68112.0
2017-02-15 06:00:00+01:00,71119.0
2017-02-15 07:00:00+01:00,74992.0
2017-02-15 08:00:00+01:00,76327.0
2017-02-15 09:00:00+01:00,76529.0
2017-02-15 10:00:00+01:00,76695.0
2017-02-15 11:00:00+01:00,77190.0
2017-02-15 12:00:00+01:00,76288.0
2017-02-15 13:00:00+01:00,74398.0
2017-02-15 14:00:00+01:00,72171.0
2017-02-15 15:00:00+01:00,71373.0
2017-02-15 16:00:00+01:00,72192.0
2017-02-15 17:00:00+01:00,73235.0
2017-02-15 18:00:00+01:00,76910.0
2017-02-15 19:00:00+01:00,77085.0
2017-02-15 20:00:00+01:00,73929.0
2017-02-15 21:00:00+01:00,70946.0
2017-02-15 22:00:00+01:00,70086.0
2017-02-15 23:00:00+01:00,69753.0
2017-02-16 00:00:00+01:00,67990.0
2017-02-16 01:00:00+01:00,65577.0
2017-02-16 02:00:00+01:00,65146.0
2017-02-16 03:00:00+01:00,64896.0
2017-02-16 04:00:00+01:00,64549.0
2017-02-16 05:00:00+01:00,65831.0
2017-02-16 06:00:00+01:00,69699.0
2017-02-16 07:00:00+01:00,73217.0
2017-02-16 08:00:00+01:00,75169.0
2017-02-16 09:00:00+01:00,75381.0
2017-02-16 10:00:00+01:00,75607.0
2017-02-16 11:00:00+01:00,75785.0
2017-02-16 12:00:00+01:00,74525.0
2017-02-16 13:00:00+01:00,73372.0
2017-02-16 14:00:00+01:00,72253.0
2017-02-16 15:00:00+01:00,71598.0
2017-02-16 16:00:00+01:00,71505.0
2017-02-16 17:00:00+01:00,72395.0
2017-02-16 18:00:00+01:00,75910.0
2017-02-16 19:00:00+01:00,77693.0
2017-02-16 20:00:00+01:00,74719.0
2017-02-16 21:00:00+01:00,72170.0
2017-02-16 22:00:00+01:00,70657.0
2017-02-16 23:00:00+01:00,70586.0
2017-02-17 00:00:00+01:00,68616.0
2017-02-17 01:00:00+01:00,66716.0
2017-02-17 02:00:00+01:00,65435.0
2017-02-17 03:00:00+01:00,65094.0
2017-02-17 04:00:00+01:00,65135.0
2017-02-17 05:00:00+01:00,66188.0
2017-02-17 06:00:00+01:00,69897.0
2017-02-17 07:00:00+01:00,73272.0
2017-02-17 08:00:00+01:00,75768.0
2017-02-17 09:00:00+01:00,77507.0
2017-02-17 10:00:00+01:00,77235.0
2017-02-17 11:00:00+01:00,76981.0
2017-02-17 12:00:00+01:00,75871.0
2017-02-17 13:00:00+01:00,74940.0
2017-02-17 14:00:00+01:00,73768.0
2017-02-17 15:00:00+01:00,71910.0
2017-02-17 16:00:00+01:00,71369.0
2017-02-17 17:00:00+01:00,72672.0
2017-02-17 18:00:00+01:00,75772.0
2017-02-17 19:00:00+01:00,76989.0
2017-02-17 20:00:00+01:00,72937.0
2017-02-17 21:00:00+01:00,70180.0
2017-02-17 22:00:00+01:00,70336.0
2017-02-17 23:00:00+01:00,68489.0
2017-02-18 00:00:00+01:00,67278.0
2017-02-18 01:00:00+01:00,65764.0
2017-02-18 02:00:00+01:00,63096.0
2017-02-18 03:00:00+01:00,61136.0
2017-02-18 04:00:00+01:00,60325.0
2017-02-18 05:00:00+01:00,60959.0
2017-02-18 06:00:00+01:00,62299.0
2017-02-18 07:00:00+01:00,63467.0
2017-02-18 08:00:00+01:00,66357.0
2017-02-18 09:00:00+01:00,69676.0
2017-02-18 10:00:00+01:00,70587.0
2017-02-18 11:00:00+01:00,70168.0
2017-02-18 12:00:00+01:00,68943.0
2017-02-18 13:00:00+01:00,66388.0
2017-02-18 14:00:00+01:00,64022.0
2017-02-18 15:00:00+01:00,62322.0
2017-02-18 16:00:00+01:00,62836.0
2017-02-18 17:00:00+01:00,64135.0
2017-02-18 18:00:00+01:00,68789.0
2017-02-18 19:00:00+01:00,70792.0
2017-02-18 20:00:00+01:00,69045.0
2017-02-18 21:00:00+01:00,67415.0
2017-02-18 22:00:00+01:00,67159.0
2017-02-18 23:00:00+01:00,66977.0
2017-02-19 00:00:00+01:00,65881.0
2017-02-19 01:00:00+01:00,64531.0
2017-02-19 02:00:00+01:00,61851.0
2017-02-19 03:00:00+01:00,60926.0
2017-02-19 04:00:00+01:00,60683.0
2017-02-19 05:00:00+01:00,61044.0
2017-02-19 06:00:00+01:00,60990.0
2017-02-19 07:00:00+01:00,61433.0
2017-02-19 08:00:00+01:00,62269.0
2017-02-19 09:00:00+01:00,64245.0
2017-02-19 10:00:00+01:00,65993.0
2017-02-19 11:00:00+01:00,66763.0
2017-02-19 12:00:00+01:00,67623.0
2017-02-19 13:00:00+01:00,65801.0
2017-02-19 14:00:00+01:00,63118.0
2017-02-19 15:00:00+01:00,61479.0
2017-02-19 16:00:00+01:00,60836.0
2017-02-19 17:00:00+01:00,61729.0
2017-02-19 18:00:00+01:00,67064.0
2017-02-19 19:00:00+01:00,70400.0
2017-02-19 20:00:00+01:00,70534.0
2017-02-19 21:00:00+01:00,69413.0
2017-02-19 22:00:00+01:00,68161.0
2017-02-19 23:00:00+01:00,67530.0
2017-02-20 00:00:00+01:00,65631.0
2017-02-20 01:00:00+01:00,64108.0
2017-02-20 02:00:00+01:00,62228.0
2017-02-20 03:00:00+01:00,62262.0
2017-02-20 04:00:00+01:00,62297.0
2017-02-20 05:00:00+01:00,63980.0
2017-02-20 06:00:00+01:00,67836.0
2017-02-20 07:00:00+01:00,71979.0
2017-02-20 08:00:00+01:00,73386.0
2017-02-20 09:00:00+01:00,75073.0
2017-02-20 10:00:00+01:00,75101.0
2017-02-20 11:00:00+01:00,75238.0
2017-02-20 12:00:00+01:00,74506.0
2017-02-20 13:00:00+01:00,73851.0
2017-02-20 14:00:00+01:00,72370.0
2017-02-20 15:00:00+01:00,70426.0
2017-02-20 16:00:00+01:00,70211.0
2017-02-20 17:00:00+01:00,71014.0
2017-02-20 18:00:00+01:00,75045.0
2017-02-20 19:00:00+01:00,76576.0
2017-02-20 20:00:00+01:00,74942.0
2017-02-20 21:00:00+01:00,72380.0
2017-02-20 22:00:00+01:00,71375.0
2017-02-20 23:00:00+01:00,69876.0
2017-02-21 00:00:00+01:00,67857.0
2017-02-21 01:00:00+01:00,65673.0
2017-02-21 02:00:00+01:00,64644.0
2017-02-21 03:00:00+01:00,63665.0
2017-02-21 04:00:00+01:00,63140.0
2017-02-21 05:00:00+01:00,64908.0
2017-02-21 06:00:00+01:00,68931.0
2017-02-21 07:00:00+01:00,73516.0
2017-02-21 08:00:00+01:00,75209.0
2017-02-21 09:00:00+01:00,76240.0
2017-02-21 10:00:00+01:00,76138.0
2017-02-21 11:00:00+01:00,75813.0
2017-02-21 12:00:00+01:00,73951.0
2017-02-21 13:00:00+01:00,72781.0
2017-02-21 14:00:00+01:00,71272.0
2017-02-21 15:00:00+01:00,70007.0
2017-02-21 16:00:00+01:00,69213.0
2017-02-21 17:00:00+01:00,69547.0
2017-02-21 18:00:00+01:00,74075.0
2017-02-21 19:00:00+01:00,75488.0
2017-02-21 20:00:00+01:00,73094.0
2017-02-21 21:00:00+01:00,70012.0
2017-02-21 22:00:00+01:00,70037.0
2017-02-21 23:00:00+01:00,69981.0
2017-02-22 00:00:00+01:00,67385.0
2017-02-22 01:00:00+01:00,65900.0
2017-02-22 02:00:00+01:00,65098.0
2017-02-22 03:00:00+01:00,63236.0
2017-02-22 04:00:00+01:00,62570.0
2017-02-22 05:00:00+01:00,64467.0
2017-02-22 06:00:00+01:00,69373.0
2017-02-22 07:00:00+01:00,74020.0
2017-02-22 08:00:00+01:00,75443.0
2017-02-22 09:00:00+01:00,76519.0
2017-02-22 10:00:00+01:00,76935.0
2017-02-22 11:00:00+01:00,77472.0
2017-02-22 12:00:00+01:00,76749.0
2017-02-22 13:00:00+01:00,75192.0
2017-02-22 14:00:00+01:00,73701.0
2017-02-22 15:00:00+01:00,72603.0
2017-02-22 16:00:00+01:00,71641.0
2017-02-22 17:00:00+01:00,71621.0
2017-02-22 18:00:00+01:00,75819.0
2017-02-22 19:00:00+01:00,76688.0
2017-02-22 20:00:00+01:00,74654.0
2017-02-22 21:00:00+01:00,72169.0
2017-02-22 22:00:00+01:00,71776.0
2017-02-22 23:00:00+01:00,70559.0
2017-02-23 00:00:00+01:00,69020.0
2017-02-23 01:00:00+01:00,66773.0
2017-02-23 02:00:00+01:00,65524.0
2017-02-23 03:00:00+01:00,64258.0
2017-02-23 04:00:00+01:00,61893.0
2017-02-23 05:00:00+01:00,62607.0
2017-02-23 06:00:00+01:00,68186.0
2017-02-23 07:00:00+01:00,72505.0
2017-02-23 08:00:00+01:00,74869.0
2017-02-23 09:00:00+01:00,75840.0
2017-02-23 10:00:00+01:00,76300.0
2017-02-23 11:00:00+01:00,76280.0
2017-02-23 12:00:00+01:00,77883.0
2017-02-23 13:00:00+01:00,76768.0
2017-02-23 14:00:00+01:00,74670.0
2017-02-23 15:00:00+01:00,72810.0
2017-02-23 16:00:00+01:00,71886.0
2017-02-23 17:00:00+01:00,72211.0
2017-02-23 18:00:00+01:00,77161.0
2017-02-23 19:00:00+01:00,78777.0
2017-02-23 20:00:00+01:00,75974.0
2017-02-23 21:00:00+01:00,72657.0
2017-02-23 22:00:00+01:00,72047.0
2017-02-23 23:00:00+01:00,70955.0
2017-02-24 00:00:00+01:00,68171.0
2017-02-24 01:00:00+01:00,65726.0
2017-02-24 02:00:00+01:00,64631.0
2017-02-24 03:00:00+01:00,63699.0
2017-02-24 04:00:00+01:00,63443.0
2017-02-24 05:00:00+01:00,64455.0
2017-02-24 06:00:00+01:00,67801.0
2017-02-24 07:00:00+01:00,71694.0
2017-02-24 08:00:00+01:00,73696.0
2017-02-24 09:00:00+01:00,75086.0
2017-02-24 10:00:00+01:00,75094.0
2017-02-24 11:00:00+01:00,75184.0
2017-02-24 12:00:00+01:00,75097.0
2017-02-24 13:00:00+01:00,74065.0
2017-02-24 14:00:00+01:00,73063.0
2017-02-24 15:00:00+01:00,71274.0
2017-02-24 16:00:00+01:00,70149.0
2017-02-24 17:00:00+01:00,70662.0
2017-02-24 18:00:00+01:00,73658.0
2017-02-24 19:00:00+01:00,73320.0
2017-02-24 20:00:00+01:00,71369.0
2017-02-24 21:00:00+01:00,69369.0
2017-02-24 22:00:00+01:00,68067.0
2017-02-24 23:00:00+01:00,67793.0
2017-02-25 00:00:00+01:00,66533.0
2017-02-25 01:00:00+01:00,64697.0
2017-02-25 02:00:00+01:00,63333.0
2017-02-25 03:00:00+01:00,61286.0
2017-02-25 04:00:00+01:00,60768.0
2017-02-25 05:00:00+01:00,62008.0
2017-02-25 06:00:00+01:00,62095.0
2017-02-25 07:00:00+01:00,63804.0
2017-02-25 08:00:00+01:00,65879.0
2017-02-25 09:00:00+01:00,69097.0
2017-02-25 10:00:00+01:00,69427.0
2017-02-25 11:00:00+01:00,69509.0
2017-02-25 12:00:00+01:00,68807.0
2017-02-25 13:00:00+01:00,67025.0
2017-02-25 14:00:00+01:00,65731.0
2017-02-25 15:00:00+01:00,64062.0
2017-02-25 16:00:00+01:00,63393.0
2017-02-25 17:00:00+01:00,63525.0
2017-02-25 18:00:00+01:00,70005.0
2017-02-25 19:00:00+01:00,72126.0
2017-02-25 20:00:00+01:00,71331.0
2017-02-25 21:00:00+01:00,68999.0
2017-02-25 22:00:00+01:00,69276.0
2017-02-25 23:00:00+01:00,69238.0
2017-02-26 00:00:00+01:00,67940.0
2017-02-26 01:00:00+01:00,65866.0
2017-02-26 02:00:00+01:00,63671.0
2017-02-26 03:00:00+01:00,61273.0
2017-02-26 04:00:00+01:00,60365.0
2017-02-26 05:00:00+01:00,60513.0
2017-02-26 06:00:00+01:00,60944.0
2017-02-26 07:00:00+01:00,61494.0
2017-02-26 08:00:00+01:00,62141.0
2017-02-26 09:00:00+01:00,64041.0
2017-02-26 10:00:00+01:00,63360.0
2017-02-26 11:00:00+01:00,64804.0
2017-02-26 12:00:00+01:00,66080.0
2017-02-26 13:00:00+01:00,63953.0
2017-02-26 14:00:00+01:00,60065.0
2017-02-26 15:00:00+01:00,58645.0
2017-02-26 16:00:00+01:00,58300.0
2017-02-26 17:00:00+01:00,59416.0
2017-02-26 18:00:00+01:00,65420.0
2017-02-26 19:00:00+01:00,70122.0
2017-02-26 20:00:00+01:00,69494.0
2017-02-26 21:00:00+01:00,67763.0
2017-02-26 22:00:00+01:00,68034.0
2017-02-26 23:00:00+01:00,68520.0
2017-02-27 00:00:00+01:00,63433.0
2017-02-27 01:00:00+01:00,61239.0
2017-02-27 02:00:00+01:00,60153.0
2017-02-27 03:00:00+01:00,58665.0
2017-02-27 04:00:00+01:00,58738.0
2017-02-27 05:00:00+01:00,61193.0
2017-02-27 06:00:00+01:00,66901.0
2017-02-27 07:00:00+01:00,72375.0
2017-02-27 08:00:00+01:00,74268.0
2017-02-27 09:00:00+01:00,75892.0
2017-02-27 10:00:00+01:00,76158.0
2017-02-27 11:00:00+01:00,77088.0
2017-02-27 12:00:00+01:00,77443.0
2017-02-27 13:00:00+01:00,75575.0
2017-02-27 14:00:00+01:00,73429.0
2017-02-27 15:00:00+01:00,71811.0
2017-02-27 16:00:00+01:00,70712.0
2017-02-27 17:00:00+01:00,71456.0
2017-02-27 18:00:00+01:00,76195.0
2017-02-27 19:00:00+01:00,78720.0
2017-02-27 20:00:00+01:00,76843.0
2017-02-27 21:00:00+01:00,74005.0
2017-02-27 22:00:00+01:00,72745.0
2017-02-27 23:00:00+01:00,71766.0
2017-02-28 00:00:00+01:00,69039.0
2017-02-28 01:00:00+01:00,65961.0
2017-02-28 02:00:00+01:00,64374.0
2017-02-28 03:00:00+01:00,64119.0
2017-02-28 04:00:00+01:00,63451.0
2017-02-28 05:00:00+01:00,63916.0
2017-02-28 06:00:00+01:00,68847.0
2017-02-28 07:00:00+01:00,74086.0
2017-02-28 08:00:00+01:00,76006.0
2017-02-28 09:00:00+01:00,77406.0
2017-02-28 10:00:00+01:00,77576.0
2017-02-28 11:00:00+01:00,77646.0
2017-02-28 12:00:00+01:00,77671.0
2017-02-28 13:00:00+01:00,76738.0
2017-02-28 14:00:00+01:00,76018.0
2017-02-28 15:00:00+01:00,75186.0
2017-02-28 16:00:00+01:00,75276.0
2017-02-28 17:00:00+01:00,75577.0
2017-02-28 18:00:00+01:00,80350.0
2017-02-28 19:00:00+01:00,81495.0
2017-02-28 20:00:00+01:00,78880.0
2017-02-28 21:00:00+01:00,76099.0
2017-02-28 22:00:00+01:00,76451.0
2017-02-28 23:00:00+01:00,74951.0
2017-03-01 00:00:00+01:00,70954.0
2017-03-01 01:00:00+01:00,68294.0
2017-03-01 02:00:00+01:00,66945.0
2017-03-01 03:00:00+01:00,65050.0
2017-03-01 04:00:00+01:00,65530.0
2017-03-01 05:00:00+01:00,67499.0
2017-03-01 06:00:00+01:00,72229.0
2017-03-01 07:00:00+01:00,75568.0
2017-03-01 08:00:00+01:00,76969.0
2017-03-01 09:00:00+01:00,77853.0
2017-03-01 10:00:00+01:00,77584.0
2017-03-01 11:00:00+01:00,77523.0
2017-03-01 12:00:00+01:00,76814.0
2017-03-01 13:00:00+01:00,75326.0
2017-03-01 14:00:00+01:00,75662.0
2017-03-01 15:00:00+01:00,75318.0
2017-03-01 16:00:00+01:00,75327.0
2017-03-01 17:00:00+01:00,75936.0
2017-03-01 18:00:00+01:00,78889.0
2017-03-01 19:00:00+01:00,79890.0
2017-03-01 20:00:00+01:00,77898.0
2017-03-01 21:00:00+01:00,75556.0
2017-03-01 22:00:00+01:00,75930.0
2017-03-01 23:00:00+01:00,74985.0
2017-03-02 00:00:00+01:00,71619.0
2017-03-02 01:00:00+01:00,68029.0
2017-03-02 02:00:00+01:00,68735.0
2017-03-02 03:00:00+01:00,66881.0
2017-03-02 04:00:00+01:00,66202.0
2017-03-02 05:00:00+01:00,67754.0
2017-03-02 06:00:00+01:00,72337.0
2017-03-02 07:00:00+01:00,75730.0
2017-03-02 08:00:00+01:00,77530.0
2017-03-02 09:00:00+01:00,78418.0
2017-03-02 10:00:00+01:00,77611.0
2017-03-02 11:00:00+01:00,76648.0
2017-03-02 12:00:00+01:00,75182.0
2017-03-02 13:00:00+01:00,75134.0
2017-03-02 14:00:00+01:00,74586.0
2017-03-02 15:00:00+01:00,72316.0
2017-03-02 16:00:00+01:00,71759.0
2017-03-02 17:00:00+01:00,71632.0
2017-03-02 18:00:00+01:00,74023.0
2017-03-02 19:00:00+01:00,75508.0
2017-03-02 20:00:00+01:00,74298.0
2017-03-02 21:00:00+01:00,72508.0
2017-03-02 22:00:00+01:00,71963.0
2017-03-02 23:00:00+01:00,70557.0
2017-03-03 00:00:00+01:00,70762.0
2017-03-03 01:00:00+01:00,69515.0
2017-03-03 02:00:00+01:00,67861.0
2017-03-03 03:00:00+01:00,65571.0
2017-03-03 04:00:00+01:00,64776.0
2017-03-03 05:00:00+01:00,67121.0
2017-03-03 06:00:00+01:00,72098.0
2017-03-03 07:00:00+01:00,75651.0
2017-03-03 08:00:00+01:00,77073.0
2017-03-03 09:00:00+01:00,77667.0
2017-03-03 10:00:00+01:00,77272.0
2017-03-03 11:00:00+01:00,76737.0
2017-03-03 12:00:00+01:00,76270.0
2017-03-03 13:00:00+01:00,75078.0
2017-03-03 14:00:00+01:00,73822.0
2017-03-03 15:00:00+01:00,72249.0
2017-03-03 16:00:00+01:00,71397.0
2017-03-03 17:00:00+01:00,71679.0
2017-03-03 18:00:00+01:00,73887.0
2017-03-03 19:00:00+01:00,75631.0
2017-03-03 20:00:00+01:00,72881.0
2017-03-03 21:00:00+01:00,69791.0
2017-03-03 22:00:00+01:00,69911.0
2017-03-03 23:00:00+01:00,69303.0
2017-03-04 00:00:00+01:00,65550.0
2017-03-04 01:00:00+01:00,62053.0
2017-03-04 02:00:00+01:00,61044.0
2017-03-04 03:00:00+01:00,60063.0
2017-03-04 04:00:00+01:00,59764.0
2017-03-04 05:00:00+01:00,59558.0
2017-03-04 06:00:00+01:00,59778.0
2017-03-04 07:00:00+01:00,60214.0
2017-03-04 08:00:00+01:00,61766.0
2017-03-04 09:00:00+01:00,63977.0
2017-03-04 10:00:00+01:00,65426.0
2017-03-04 11:00:00+01:00,66312.0
2017-03-04 12:00:00+01:00,67353.0
2017-03-04 13:00:00+01:00,66293.0
2017-03-04 14:00:00+01:00,64579.0
2017-03-04 15:00:00+01:00,63954.0
2017-03-04 16:00:00+01:00,64009.0
2017-03-04 17:00:00+01:00,64773.0
2017-03-04 18:00:00+01:00,68864.0
2017-03-04 19:00:00+01:00,70660.0
2017-03-04 20:00:00+01:00,68689.0
2017-03-04 21:00:00+01:00,66600.0
2017-03-04 22:00:00+01:00,67290.0
2017-03-04 23:00:00+01:00,67739.0
2017-03-05 00:00:00+01:00,64176.0
2017-03-05 01:00:00+01:00,61100.0
2017-03-05 02:00:00+01:00,60113.0
2017-03-05 03:00:00+01:00,58798.0
2017-03-05 04:00:00+01:00,58260.0
2017-03-05 05:00:00+01:00,59367.0
2017-03-05 06:00:00+01:00,59378.0
2017-03-05 07:00:00+01:00,59980.0
2017-03-05 08:00:00+01:00,61264.0
2017-03-05 09:00:00+01:00,62396.0
2017-03-05 10:00:00+01:00,64144.0
2017-03-05 11:00:00+01:00,65226.0
2017-03-05 12:00:00+01:00,64386.0
2017-03-05 13:00:00+01:00,64746.0
2017-03-05 14:00:00+01:00,64560.0
2017-03-05 15:00:00+01:00,63552.0
2017-03-05 16:00:00+01:00,63732.0
2017-03-05 17:00:00+01:00,65509.0
2017-03-05 18:00:00+01:00,69013.0
2017-03-05 19:00:00+01:00,72244.0
2017-03-05 20:00:00+01:00,71318.0
2017-03-05 21:00:00+01:00,68918.0
2017-03-05 22:00:00+01:00,69183.0
2017-03-05 23:00:00+01:00,69220.0
2017-03-06 00:00:00+01:00,65765.0
2017-03-06 01:00:00+01:00,64748.0
2017-03-06 02:00:00+01:00,64183.0
2017-03-06 03:00:00+01:00,63603.0
2017-03-06 04:00:00+01:00,63373.0
2017-03-06 05:00:00+01:00,64688.0
2017-03-06 06:00:00+01:00,69155.0
2017-03-06 07:00:00+01:00,73163.0
2017-03-06 08:00:00+01:00,75793.0
2017-03-06 09:00:00+01:00,76589.0
2017-03-06 10:00:00+01:00,77102.0
2017-03-06 11:00:00+01:00,77877.0
2017-03-06 12:00:00+01:00,76596.0
2017-03-06 13:00:00+01:00,75856.0
2017-03-06 14:00:00+01:00,75270.0
2017-03-06 15:00:00+01:00,74673.0
2017-03-06 16:00:00+01:00,74978.0
2017-03-06 17:00:00+01:00,75814.0
2017-03-06 18:00:00+01:00,79320.0
2017-03-06 19:00:00+01:00,80995.0
2017-03-06 20:00:00+01:00,79838.0
2017-03-06 21:00:00+01:00,75419.0
2017-03-06 22:00:00+01:00,75165.0
2017-03-06 23:00:00+01:00,74670.0
2017-03-07 00:00:00+01:00,74739.0
2017-03-07 01:00:00+01:00,72406.0
2017-03-07 02:00:00+01:00,71337.0
2017-03-07 03:00:00+01:00,69301.0
2017-03-07 04:00:00+01:00,68834.0
2017-03-07 05:00:00+01:00,70793.0
2017-03-07 06:00:00+01:00,73906.0
2017-03-07 07:00:00+01:00,76827.0
2017-03-07 08:00:00+01:00,76656.0
2017-03-07 09:00:00+01:00,77356.0
2017-03-07 10:00:00+01:00,76854.0
2017-03-07 11:00:00+01:00,77657.0
2017-03-07 12:00:00+01:00,77387.0
2017-03-07 13:00:00+01:00,76368.0
2017-03-07 14:00:00+01:00,74298.0
2017-03-07 15:00:00+01:00,72585.0
2017-03-07 16:00:00+01:00,71498.0
2017-03-07 17:00:00+01:00,70928.0
2017-03-07 18:00:00+01:00,73801.0
2017-03-07 19:00:00+01:00,76400.0
2017-03-07 20:00:00+01:00,75648.0
2017-03-07 21:00:00+01:00,72591.0
2017-03-07 22:00:00+01:00,71058.0
2017-03-07 23:00:00+01:00,70235.0
2017-03-08 00:00:00+01:00,69495.0
2017-03-08 01:00:00+01:00,68143.0
2017-03-08 02:00:00+01:00,66665.0
2017-03-08 03:00:00+01:00,65145.0
2017-03-08 04:00:00+01:00,65508.0
2017-03-08 05:00:00+01:00,66777.0
2017-03-08 06:00:00+01:00,71535.0
2017-03-08 07:00:00+01:00,75856.0
2017-03-08 08:00:00+01:00,77241.0
2017-03-08 09:00:00+01:00,78082.0
2017-03-08 10:00:00+01:00,78327.0
2017-03-08 11:00:00+01:00,79079.0
2017-03-08 12:00:00+01:00,78758.0
2017-03-08 13:00:00+01:00,77883.0
2017-03-08 14:00:00+01:00,76313.0
2017-03-08 15:00:00+01:00,74692.0
2017-03-08 16:00:00+01:00,73848.0
2017-03-08 17:00:00+01:00,73909.0
2017-03-08 18:00:00+01:00,76956.0
2017-03-08 19:00:00+01:00,78805.0
2017-03-08 20:00:00+01:00,76622.0
2017-03-08 21:00:00+01:00,73545.0
2017-03-08 22:00:00+01:00,73278.0
2017-03-08 23:00:00+01:00,72165.0
2017-03-09 00:00:00+01:00,69507.0
2017-03-09 01:00:00+01:00,67135.0
2017-03-09 02:00:00+01:00,65859.0
2017-03-09 03:00:00+01:00,64656.0
2017-03-09 04:00:00+01:00,65299.0
2017-03-09 05:00:00+01:00,66589.0
2017-03-09 06:00:00+01:00,71018.0
2017-03-09 07:00:00+01:00,74987.0
2017-03-09 08:00:00+01:00,75952.0
2017-03-09 09:00:00+01:00,76295.0
2017-03-09 10:00:00+01:00,76631.0
2017-03-09 11:00:00+01:00,75514.0
2017-03-09 12:00:00+01:00,75075.0
2017-03-09 13:00:00+01:00,74226.0
2017-03-09 14:00:00+01:00,72878.0
2017-03-09 15:00:00+01:00,71333.0
2017-03-09 16:00:00+01:00,70334.0
2017-03-09 17:00:00+01:00,70280.0
2017-03-09 18:00:00+01:00,73950.0
2017-03-09 19:00:00+01:00,75451.0
2017-03-09 20:00:00+01:00,74551.0
2017-03-09 21:00:00+01:00,71201.0
2017-03-09 22:00:00+01:00,71526.0
2017-03-09 23:00:00+01:00,70325.0
2017-03-10 00:00:00+01:00,69074.0
2017-03-10 01:00:00+01:00,66932.0
2017-03-10 02:00:00+01:00,65529.0
2017-03-10 03:00:00+01:00,64145.0
2017-03-10 04:00:00+01:00,63947.0
2017-03-10 05:00:00+01:00,65803.0
2017-03-10 06:00:00+01:00,69951.0
2017-03-10 07:00:00+01:00,73483.0
2017-03-10 08:00:00+01:00,74856.0
2017-03-10 09:00:00+01:00,75886.0
2017-03-10 10:00:00+01:00,75444.0
2017-03-10 11:00:00+01:00,75067.0
2017-03-10 12:00:00+01:00,73751.0
2017-03-10 13:00:00+01:00,72879.0
2017-03-10 14:00:00+01:00,70550.0
2017-03-10 15:00:00+01:00,68597.0
2017-03-10 16:00:00+01:00,67911.0
2017-03-10 17:00:00+01:00,70555.0
2017-03-10 18:00:00+01:00,73732.0
2017-03-10 19:00:00+01:00,75418.0
2017-03-10 20:00:00+01:00,73222.0
2017-03-10 21:00:00+01:00,70495.0
2017-03-10 22:00:00+01:00,69722.0
2017-03-10 23:00:00+01:00,67714.0
2017-03-11 00:00:00+01:00,66837.0
2017-03-11 01:00:00+01:00,64480.0
2017-03-11 02:00:00+01:00,63089.0
2017-03-11 03:00:00+01:00,61802.0
2017-03-11 04:00:00+01:00,61392.0
2017-03-11 05:00:00+01:00,61990.0
2017-03-11 06:00:00+01:00,62599.0
2017-03-11 07:00:00+01:00,63821.0
2017-03-11 08:00:00+01:00,65193.0
2017-03-11 09:00:00+01:00,65309.0
2017-03-11 10:00:00+01:00,63568.0
2017-03-11 11:00:00+01:00,63610.0
2017-03-11 12:00:00+01:00,62594.0
2017-03-11 13:00:00+01:00,62089.0
2017-03-11 14:00:00+01:00,60853.0
2017-03-11 15:00:00+01:00,60760.0
2017-03-11 16:00:00+01:00,60287.0
2017-03-11 17:00:00+01:00,61894.0
2017-03-11 18:00:00+01:00,67024.0
2017-03-11 19:00:00+01:00,68239.0
2017-03-11 20:00:00+01:00,65874.0
2017-03-11 21:00:00+01:00,63416.0
2017-03-11 22:00:00+01:00,63563.0
2017-03-11 23:00:00+01:00,63422.0
2017-03-12 00:00:00+01:00,59861.0
2017-03-12 01:00:00+01:00,58091.0
2017-03-12 02:00:00+01:00,56663.0
2017-03-12 03:00:00+01:00,55306.0
2017-03-12 04:00:00+01:00,54664.0
2017-03-12 05:00:00+01:00,53938.0
2017-03-12 06:00:00+01:00,54020.0
2017-03-12 07:00:00+01:00,54613.0
2017-03-12 08:00:00+01:00,55297.0
2017-03-12 09:00:00+01:00,55983.0
2017-03-12 10:00:00+01:00,56754.0
2017-03-12 11:00:00+01:00,57394.0
2017-03-12 12:00:00+01:00,57812.0
2017-03-12 13:00:00+01:00,56945.0
2017-03-12 14:00:00+01:00,55765.0
2017-03-12 15:00:00+01:00,55060.0
2017-03-12 16:00:00+01:00,54959.0
2017-03-12 17:00:00+01:00,58481.0
2017-03-12 18:00:00+01:00,62553.0
2017-03-12 19:00:00+01:00,65118.0
2017-03-12 20:00:00+01:00,64836.0
2017-03-12 21:00:00+01:00,64146.0
2017-03-12 22:00:00+01:00,63929.0
2017-03-12 23:00:00+01:00,63660.0
2017-03-13 00:00:00+01:00,61066.0
2017-03-13 01:00:00+01:00,59639.0
2017-03-13 02:00:00+01:00,59276.0
2017-03-13 03:00:00+01:00,57836.0
2017-03-13 04:00:00+01:00,57753.0
2017-03-13 05:00:00+01:00,61530.0
2017-03-13 06:00:00+01:00,66944.0
2017-03-13 07:00:00+01:00,71787.0
2017-03-13 08:00:00+01:00,72717.0
2017-03-13 09:00:00+01:00,72681.0
2017-03-13 10:00:00+01:00,72388.0
2017-03-13 11:00:00+01:00,72274.0
2017-03-13 12:00:00+01:00,71744.0
2017-03-13 13:00:00+01:00,70895.0
2017-03-13 14:00:00+01:00,70949.0
2017-03-13 15:00:00+01:00,69724.0
2017-03-13 16:00:00+01:00,68941.0
2017-03-13 17:00:00+01:00,69607.0
2017-03-13 18:00:00+01:00,72527.0
2017-03-13 19:00:00+01:00,74280.0
2017-03-13 20:00:00+01:00,73216.0
2017-03-13 21:00:00+01:00,70419.0
2017-03-13 22:00:00+01:00,70688.0
2017-03-13 23:00:00+01:00,71240.0
2017-03-14 00:00:00+01:00,67242.0
2017-03-14 01:00:00+01:00,63772.0
2017-03-14 02:00:00+01:00,62877.0
2017-03-14 03:00:00+01:00,62198.0
2017-03-14 04:00:00+01:00,61994.0
2017-03-14 05:00:00+01:00,64117.0
2017-03-14 06:00:00+01:00,68027.0
2017-03-14 07:00:00+01:00,71586.0
2017-03-14 08:00:00+01:00,72363.0
2017-03-14 09:00:00+01:00,73158.0
2017-03-14 10:00:00+01:00,73127.0
2017-03-14 11:00:00+01:00,73363.0
2017-03-14 12:00:00+01:00,73398.0
2017-03-14 13:00:00+01:00,72195.0
2017-03-14 14:00:00+01:00,69656.0
2017-03-14 15:00:00+01:00,67187.0
2017-03-14 16:00:00+01:00,65701.0
2017-03-14 17:00:00+01:00,65119.0
2017-03-14 18:00:00+01:00,68188.0
2017-03-14 19:00:00+01:00,72410.0
2017-03-14 20:00:00+01:00,71129.0
2017-03-14 21:00:00+01:00,71675.0
2017-03-14 22:00:00+01:00,71041.0
2017-03-14 23:00:00+01:00,69649.0
2017-03-15 00:00:00+01:00,66341.0
2017-03-15 01:00:00+01:00,64754.0
2017-03-15 02:00:00+01:00,63535.0
2017-03-15 03:00:00+01:00,61869.0
2017-03-15 04:00:00+01:00,61279.0
2017-03-15 05:00:00+01:00,64073.0
2017-03-15 06:00:00+01:00,67765.0
2017-03-15 07:00:00+01:00,71751.0
2017-03-15 08:00:00+01:00,73578.0
2017-03-15 09:00:00+01:00,73757.0
2017-03-15 10:00:00+01:00,73484.0
2017-03-15 11:00:00+01:00,73368.0
2017-03-15 12:00:00+01:00,72906.0
2017-03-15 13:00:00+01:00,71464.0
2017-03-15 14:00:00+01:00,70532.0
2017-03-15 15:00:00+01:00,69143.0
2017-03-15 16:00:00+01:00,67969.0
2017-03-15 17:00:00+01:00,68922.0
2017-03-15 18:00:00+01:00,71548.0
2017-03-15 19:00:00+01:00,74185.0
2017-03-15 20:00:00+01:00,71678.0
2017-03-15 21:00:00+01:00,68908.0
2017-03-15 22:00:00+01:00,68307.0
2017-03-15 23:00:00+01:00,67187.0
2017-03-16 00:00:00+01:00,63855.0
2017-03-16 01:00:00+01:00,62176.0
2017-03-16 02:00:00+01:00,61098.0
2017-03-16 03:00:00+01:00,60551.0
2017-03-16 04:00:00+01:00,60534.0
2017-03-16 05:00:00+01:00,63465.0
2017-03-16 06:00:00+01:00,69130.0
2017-03-16 07:00:00+01:00,73132.0
2017-03-16 08:00:00+01:00,73870.0
2017-03-16 09:00:00+01:00,73858.0
2017-03-16 10:00:00+01:00,72124.0
2017-03-16 11:00:00+01:00,71603.0
2017-03-16 12:00:00+01:00,69929.0
2017-03-16 13:00:00+01:00,69012.0
2017-03-16 14:00:00+01:00,68226.0
2017-03-16 15:00:00+01:00,67359.0
2017-03-16 16:00:00+01:00,66712.0
2017-03-16 17:00:00+01:00,69233.0
2017-03-16 18:00:00+01:00,71712.0
2017-03-16 19:00:00+01:00,73256.0
2017-03-16 20:00:00+01:00,70732.0
2017-03-16 21:00:00+01:00,68763.0
2017-03-16 22:00:00+01:00,68946.0
2017-03-16 23:00:00+01:00,68676.0
2017-03-17 00:00:00+01:00,65238.0
2017-03-17 01:00:00+01:00,63151.0
2017-03-17 02:00:00+01:00,62133.0
2017-03-17 03:00:00+01:00,60007.0
2017-03-17 04:00:00+01:00,59901.0
2017-03-17 05:00:00+01:00,62424.0
2017-03-17 06:00:00+01:00,67567.0
2017-03-17 07:00:00+01:00,71644.0
2017-03-17 08:00:00+01:00,73290.0
2017-03-17 09:00:00+01:00,73230.0
2017-03-17 10:00:00+01:00,72205.0
2017-03-17 11:00:00+01:00,72332.0
2017-03-17 12:00:00+01:00,72208.0
2017-03-17 13:00:00+01:00,70961.0
2017-03-17 14:00:00+01:00,69639.0
2017-03-17 15:00:00+01:00,67783.0
2017-03-17 16:00:00+01:00,66878.0
2017-03-17 17:00:00+01:00,67592.0
2017-03-17 18:00:00+01:00,70594.0
2017-03-17 19:00:00+01:00,74420.0
2017-03-17 20:00:00+01:00,72060.0
2017-03-17 21:00:00+01:00,69812.0
2017-03-17 22:00:00+01:00,70324.0
2017-03-17 23:00:00+01:00,69941.0
2017-03-18 00:00:00+01:00,64671.0
2017-03-18 01:00:00+01:00,61565.0
2017-03-18 02:00:00+01:00,59575.0
2017-03-18 03:00:00+01:00,57690.0
2017-03-18 04:00:00+01:00,57377.0
2017-03-18 05:00:00+01:00,57488.0
2017-03-18 06:00:00+01:00,59493.0
2017-03-18 07:00:00+01:00,59850.0
2017-03-18 08:00:00+01:00,61893.0
2017-03-18 09:00:00+01:00,64768.0
2017-03-18 10:00:00+01:00,65319.0
2017-03-18 11:00:00+01:00,64819.0
2017-03-18 12:00:00+01:00,64245.0
2017-03-18 13:00:00+01:00,63451.0
2017-03-18 14:00:00+01:00,61913.0
2017-03-18 15:00:00+01:00,61012.0
2017-03-18 16:00:00+01:00,60405.0
2017-03-18 17:00:00+01:00,62132.0
2017-03-18 18:00:00+01:00,65205.0
2017-03-18 19:00:00+01:00,68634.0
2017-03-18 20:00:00+01:00,65358.0
2017-03-18 21:00:00+01:00,63390.0
2017-03-18 22:00:00+01:00,63407.0
2017-03-18 23:00:00+01:00,62799.0
2017-03-19 00:00:00+01:00,58359.0
2017-03-19 01:00:00+01:00,55406.0
2017-03-19 02:00:00+01:00,54090.0
2017-03-19 03:00:00+01:00,52534.0
2017-03-19 04:00:00+01:00,51707.0
2017-03-19 05:00:00+01:00,51157.0
2017-03-19 06:00:00+01:00,51194.0
2017-03-19 07:00:00+01:00,52164.0
2017-03-19 08:00:00+01:00,53598.0
2017-03-19 09:00:00+01:00,56208.0
2017-03-19 10:00:00+01:00,58969.0
2017-03-19 11:00:00+01:00,59327.0
2017-03-19 12:00:00+01:00,59043.0
2017-03-19 13:00:00+01:00,56401.0
2017-03-19 14:00:00+01:00,53643.0
2017-03-19 15:00:00+01:00,52589.0
2017-03-19 16:00:00+01:00,51535.0
2017-03-19 17:00:00+01:00,53234.0
2017-03-19 18:00:00+01:00,57950.0
2017-03-19 19:00:00+01:00,64195.0
2017-03-19 20:00:00+01:00,63782.0
2017-03-19 21:00:00+01:00,62347.0
2017-03-19 22:00:00+01:00,62606.0
2017-03-19 23:00:00+01:00,62255.0
2017-03-20 00:00:00+01:00,58261.0
2017-03-20 01:00:00+01:00,55354.0
2017-03-20 02:00:00+01:00,54032.0
2017-03-20 03:00:00+01:00,53980.0
2017-03-20 04:00:00+01:00,54657.0
2017-03-20 05:00:00+01:00,57563.0
2017-03-20 06:00:00+01:00,63560.0
2017-03-20 07:00:00+01:00,68228.0
2017-03-20 08:00:00+01:00,70654.0
2017-03-20 09:00:00+01:00,71931.0
2017-03-20 10:00:00+01:00,72133.0
2017-03-20 11:00:00+01:00,72677.0
2017-03-20 12:00:00+01:00,72481.0
2017-03-20 13:00:00+01:00,71327.0
2017-03-20 14:00:00+01:00,70383.0
2017-03-20 15:00:00+01:00,69665.0
2017-03-20 16:00:00+01:00,69005.0
2017-03-20 17:00:00+01:00,68913.0
2017-03-20 18:00:00+01:00,70152.0
2017-03-20 19:00:00+01:00,73662.0
2017-03-20 20:00:00+01:00,71577.0
2017-03-20 21:00:00+01:00,68390.0
2017-03-20 22:00:00+01:00,68586.0
2017-03-20 23:00:00+01:00,68187.0
2017-03-21 00:00:00+01:00,62618.0
2017-03-21 01:00:00+01:00,58968.0
2017-03-21 02:00:00+01:00,58207.0
2017-03-21 03:00:00+01:00,58180.0
2017-03-21 04:00:00+01:00,57829.0
2017-03-21 05:00:00+01:00,59794.0
2017-03-21 06:00:00+01:00,66015.0
2017-03-21 07:00:00+01:00,69432.0
2017-03-21 08:00:00+01:00,70025.0
2017-03-21 09:00:00+01:00,70637.0
2017-03-21 10:00:00+01:00,70948.0
2017-03-21 11:00:00+01:00,71421.0
2017-03-21 12:00:00+01:00,72031.0
2017-03-21 13:00:00+01:00,71188.0
2017-03-21 14:00:00+01:00,69434.0
2017-03-21 15:00:00+01:00,67841.0
2017-03-21 16:00:00+01:00,66765.0
2017-03-21 17:00:00+01:00,66470.0
2017-03-21 18:00:00+01:00,68297.0
2017-03-21 19:00:00+01:00,72862.0
2017-03-21 20:00:00+01:00,72908.0
2017-03-21 21:00:00+01:00,70355.0
2017-03-21 22:00:00+01:00,70410.0
2017-03-21 23:00:00+01:00,69215.0
2017-03-22 00:00:00+01:00,65973.0
2017-03-22 01:00:00+01:00,63122.0
2017-03-22 02:00:00+01:00,61625.0
2017-03-22 03:00:00+01:00,61071.0
2017-03-22 04:00:00+01:00,60472.0
2017-03-22 05:00:00+01:00,62803.0
2017-03-22 06:00:00+01:00,68340.0
2017-03-22 07:00:00+01:00,71727.0
2017-03-22 08:00:00+01:00,73277.0
2017-03-22 09:00:00+01:00,73879.0
2017-03-22 10:00:00+01:00,73277.0
2017-03-22 11:00:00+01:00,73337.0
2017-03-22 12:00:00+01:00,72117.0
2017-03-22 13:00:00+01:00,71487.0
2017-03-22 14:00:00+01:00,69519.0
2017-03-22 15:00:00+01:00,68056.0
2017-03-22 16:00:00+01:00,67874.0
2017-03-22 17:00:00+01:00,68722.0
2017-03-22 18:00:00+01:00,70659.0
2017-03-22 19:00:00+01:00,73222.0
2017-03-22 20:00:00+01:00,72318.0
2017-03-22 21:00:00+01:00,70650.0
2017-03-22 22:00:00+01:00,70971.0
2017-03-22 23:00:00+01:00,68981.0
2017-03-23 00:00:00+01:00,64971.0
2017-03-23 01:00:00+01:00,62051.0
2017-03-23 02:00:00+01:00,61271.0
2017-03-23 03:00:00+01:00,60065.0
2017-03-23 04:00:00+01:00,60744.0
2017-03-23 05:00:00+01:00,63192.0
2017-03-23 06:00:00+01:00,67056.0
2017-03-23 07:00:00+01:00,71380.0
2017-03-23 08:00:00+01:00,72506.0
2017-03-23 09:00:00+01:00,73025.0
2017-03-23 10:00:00+01:00,72476.0
2017-03-23 11:00:00+01:00,72942.0
2017-03-23 12:00:00+01:00,73379.0
2017-03-23 13:00:00+01:00,72639.0
2017-03-23 14:00:00+01:00,71275.0
2017-03-23 15:00:00+01:00,69897.0
2017-03-23 16:00:00+01:00,69864.0
2017-03-23 17:00:00+01:00,70012.0
2017-03-23 18:00:00+01:00,71216.0
2017-03-23 19:00:00+01:00,73316.0
2017-03-23 20:00:00+01:00,71915.0
2017-03-23 21:00:00+01:00,69154.0
2017-03-23 22:00:00+01:00,69223.0
2017-03-23 23:00:00+01:00,68097.0
2017-03-24 00:00:00+01:00,65457.0
2017-03-24 01:00:00+01:00,62761.0
2017-03-24 02:00:00+01:00,61776.0
2017-03-24 03:00:00+01:00,60996.0
2017-03-24 04:00:00+01:00,62067.0
2017-03-24 05:00:00+01:00,64167.0
2017-03-24 06:00:00+01:00,67712.0
2017-03-24 07:00:00+01:00,71826.0
2017-03-24 08:00:00+01:00,72240.0
2017-03-24 09:00:00+01:00,72826.0
2017-03-24 10:00:00+01:00,73022.0
2017-03-24 11:00:00+01:00,71870.0
2017-03-24 12:00:00+01:00,71393.0
2017-03-24 13:00:00+01:00,72243.0
2017-03-24 14:00:00+01:00,71052.0
2017-03-24 15:00:00+01:00,69011.0
2017-03-24 16:00:00+01:00,68829.0
2017-03-24 17:00:00+01:00,70369.0
2017-03-24 18:00:00+01:00,72835.0
2017-03-24 19:00:00+01:00,75135.0
2017-03-24 20:00:00+01:00,73377.0
2017-03-24 21:00:00+01:00,70306.0
2017-03-24 22:00:00+01:00,70428.0
2017-03-24 23:00:00+01:00,70192.0
2017-03-25 00:00:00+01:00,66714.0
2017-03-25 01:00:00+01:00,64214.0
2017-03-25 02:00:00+01:00,63052.0
2017-03-25 03:00:00+01:00,61936.0
2017-03-25 04:00:00+01:00,61857.0
2017-03-25 05:00:00+01:00,62090.0
2017-03-25 06:00:00+01:00,63219.0
2017-03-25 07:00:00+01:00,64119.0
2017-03-25 08:00:00+01:00,66162.0
2017-03-25 09:00:00+01:00,66964.0
2017-03-25 10:00:00+01:00,66499.0
2017-03-25 11:00:00+01:00,67088.0
2017-03-25 12:00:00+01:00,66984.0
2017-03-25 13:00:00+01:00,66616.0
2017-03-25 14:00:00+01:00,65795.0
2017-03-25 15:00:00+01:00,64581.0
2017-03-25 16:00:00+01:00,64063.0
2017-03-25 17:00:00+01:00,66121.0
2017-03-25 18:00:00+01:00,68725.0
2017-03-25 19:00:00+01:00,70900.0
2017-03-25 20:00:00+01:00,69530.0
2017-03-25 21:00:00+01:00,67514.0
2017-03-25 22:00:00+01:00,67016.0
2017-03-25 23:00:00+01:00,66477.0
2017-03-26 00:00:00+01:00,61617.0
2017-03-26 01:00:00+01:00,59465.0
2017-03-26 03:00:00+02:00,58599.0
2017-03-26 04:00:00+02:00,57425.0
2017-03-26 05:00:00+02:00,57245.0
2017-03-26 06:00:00+02:00,57097.0
2017-03-26 07:00:00+02:00,57830.0
2017-03-26 08:00:00+02:00,59070.0
2017-03-26 09:00:00+02:00,60089.0
2017-03-26 10:00:00+02:00,60662.0
2017-03-26 11:00:00+02:00,60565.0
2017-03-26 12:00:00+02:00,60435.0
2017-03-26 13:00:00+02:00,59004.0
2017-03-26 14:00:00+02:00,56105.0
2017-03-26 15:00:00+02:00,55145.0
2017-03-26 16:00:00+02:00,54950.0
2017-03-26 17:00:00+02:00,56968.0
2017-03-26 18:00:00+02:00,59340.0
2017-03-26 19:00:00+02:00,62801.0
2017-03-26 20:00:00+02:00,64142.0
2017-03-26 21:00:00+02:00,64389.0
2017-03-26 22:00:00+02:00,65281.0
2017-03-26 23:00:00+02:00,65470.0
2017-03-27 00:00:00+02:00,61259.0
2017-03-27 01:00:00+02:00,59310.0
2017-03-27 02:00:00+02:00,58148.0
2017-03-27 03:00:00+02:00,58453.0
2017-03-27 04:00:00+02:00,59303.0
2017-03-27 05:00:00+02:00,63208.0
2017-03-27 06:00:00+02:00,69157.0
2017-03-27 07:00:00+02:00,73644.0
2017-03-27 08:00:00+02:00,74052.0
2017-03-27 09:00:00+02:00,73235.0
2017-03-27 10:00:00+02:00,72328.0
2017-03-27 11:00:00+02:00,71127.0
2017-03-27 12:00:00+02:00,70761.0
2017-03-27 13:00:00+02:00,70285.0
2017-03-27 14:00:00+02:00,69047.0
2017-03-27 15:00:00+02:00,67540.0
2017-03-27 16:00:00+02:00,66826.0
2017-03-27 17:00:00+02:00,67601.0
2017-03-27 18:00:00+02:00,68749.0
2017-03-27 19:00:00+02:00,71199.0
2017-03-27 20:00:00+02:00,71655.0
2017-03-27 21:00:00+02:00,70336.0
2017-03-27 22:00:00+02:00,69430.0
2017-03-27 23:00:00+02:00,68072.0
2017-03-28 00:00:00+02:00,64724.0
2017-03-28 01:00:00+02:00,62922.0
2017-03-28 02:00:00+02:00,61719.0
2017-03-28 03:00:00+02:00,60890.0
2017-03-28 04:00:00+02:00,61408.0
2017-03-28 05:00:00+02:00,63969.0
2017-03-28 06:00:00+02:00,69187.0
2017-03-28 07:00:00+02:00,72271.0
2017-03-28 08:00:00+02:00,72897.0
2017-03-28 09:00:00+02:00,73045.0
2017-03-28 10:00:00+02:00,72908.0
2017-03-28 11:00:00+02:00,71661.0
2017-03-28 12:00:00+02:00,71165.0
2017-03-28 13:00:00+02:00,71042.0
2017-03-28 14:00:00+02:00,71175.0
2017-03-28 15:00:00+02:00,69992.0
2017-03-28 16:00:00+02:00,68770.0
2017-03-28 17:00:00+02:00,69292.0
2017-03-28 18:00:00+02:00,69945.0
2017-03-28 19:00:00+02:00,72200.0
2017-03-28 20:00:00+02:00,71970.0
2017-03-28 21:00:00+02:00,69762.0
2017-03-28 22:00:00+02:00,68156.0
2017-03-28 23:00:00+02:00,67476.0
2017-03-29 00:00:00+02:00,64521.0
2017-03-29 01:00:00+02:00,62137.0
2017-03-29 02:00:00+02:00,60938.0
2017-03-29 03:00:00+02:00,59793.0
2017-03-29 04:00:00+02:00,59218.0
2017-03-29 05:00:00+02:00,60798.0
2017-03-29 06:00:00+02:00,66171.0
2017-03-29 07:00:00+02:00,70887.0
2017-03-29 08:00:00+02:00,72240.0
2017-03-29 09:00:00+02:00,73189.0
2017-03-29 10:00:00+02:00,73356.0
2017-03-29 11:00:00+02:00,72679.0
2017-03-29 12:00:00+02:00,71379.0
2017-03-29 13:00:00+02:00,70775.0
2017-03-29 14:00:00+02:00,69874.0
2017-03-29 15:00:00+02:00,67862.0
2017-03-29 16:00:00+02:00,66690.0
2017-03-29 17:00:00+02:00,67568.0
2017-03-29 18:00:00+02:00,68649.0
2017-03-29 19:00:00+02:00,70371.0
2017-03-29 20:00:00+02:00,71121.0
2017-03-29 21:00:00+02:00,69390.0
2017-03-29 22:00:00+02:00,68335.0
2017-03-29 23:00:00+02:00,66520.0
2017-03-30 00:00:00+02:00,61576.0
2017-03-30 01:00:00+02:00,59879.0
2017-03-30 02:00:00+02:00,59733.0
2017-03-30 03:00:00+02:00,59251.0
2017-03-30 04:00:00+02:00,59453.0
2017-03-30 05:00:00+02:00,61602.0
2017-03-30 06:00:00+02:00,66821.0
2017-03-30 07:00:00+02:00,71194.0
2017-03-30 08:00:00+02:00,72796.0
2017-03-30 09:00:00+02:00,72973.0
2017-03-30 10:00:00+02:00,72886.0
2017-03-30 11:00:00+02:00,72195.0
2017-03-30 12:00:00+02:00,70699.0
2017-03-30 13:00:00+02:00,69540.0
2017-03-30 14:00:00+02:00,68920.0
2017-03-30 15:00:00+02:00,67723.0
2017-03-30 16:00:00+02:00,66980.0
2017-03-30 17:00:00+02:00,66859.0
2017-03-30 18:00:00+02:00,68373.0
2017-03-30 19:00:00+02:00,69361.0
2017-03-30 20:00:00+02:00,69507.0
2017-03-30 21:00:00+02:00,66661.0
2017-03-30 22:00:00+02:00,64589.0
2017-03-30 23:00:00+02:00,62830.0
2017-03-31 00:00:00+02:00,59900.0
2017-03-31 01:00:00+02:00,58536.0
2017-03-31 02:00:00+02:00,58169.0
2017-03-31 03:00:00+02:00,57325.0
2017-03-31 04:00:00+02:00,57547.0
2017-03-31 05:00:00+02:00,58517.0
2017-03-31 06:00:00+02:00,63433.0
2017-03-31 07:00:00+02:00,67873.0
2017-03-31 08:00:00+02:00,68409.0
2017-03-31 09:00:00+02:00,68686.0
2017-03-31 10:00:00+02:00,67310.0
2017-03-31 11:00:00+02:00,66566.0
2017-03-31 12:00:00+02:00,64900.0
2017-03-31 13:00:00+02:00,63528.0
2017-03-31 14:00:00+02:00,63076.0
2017-03-31 15:00:00+02:00,61964.0
2017-03-31 16:00:00+02:00,61599.0
2017-03-31 17:00:00+02:00,62748.0
2017-03-31 18:00:00+02:00,64900.0
2017-03-31 19:00:00+02:00,66728.0
2017-03-31 20:00:00+02:00,67224.0
2017-03-31 21:00:00+02:00,64764.0
2017-03-31 22:00:00+02:00,63418.0
2017-03-31 23:00:00+02:00,62440.0
2017-04-01 00:00:00+02:00,58205.0
2017-04-01 01:00:00+02:00,54942.0
2017-04-01 02:00:00+02:00,53019.0
2017-04-01 03:00:00+02:00,51245.0
2017-04-01 04:00:00+02:00,51060.0
2017-04-01 05:00:00+02:00,51617.0
2017-04-01 06:00:00+02:00,54212.0
2017-04-01 07:00:00+02:00,55397.0
2017-04-01 08:00:00+02:00,56464.0
2017-04-01 09:00:00+02:00,58012.0
2017-04-01 10:00:00+02:00,58528.0
2017-04-01 11:00:00+02:00,58139.0
2017-04-01 12:00:00+02:00,57480.0
2017-04-01 13:00:00+02:00,55751.0
2017-04-01 14:00:00+02:00,54483.0
2017-04-01 15:00:00+02:00,53392.0
2017-04-01 16:00:00+02:00,53298.0
2017-04-01 17:00:00+02:00,54616.0
2017-04-01 18:00:00+02:00,57412.0
2017-04-01 19:00:00+02:00,59877.0
2017-04-01 20:00:00+02:00,60963.0
2017-04-01 21:00:00+02:00,60551.0
2017-04-01 22:00:00+02:00,60788.0
2017-04-01 23:00:00+02:00,59804.0
2017-04-02 00:00:00+02:00,54215.0
2017-04-02 01:00:00+02:00,51692.0
2017-04-02 02:00:00+02:00,50719.0
2017-04-02 03:00:00+02:00,49345.0
2017-04-02 04:00:00+02:00,48932.0
2017-04-02 05:00:00+02:00,49035.0
2017-04-02 06:00:00+02:00,49519.0
2017-04-02 07:00:00+02:00,49684.0
2017-04-02 08:00:00+02:00,50324.0
2017-04-02 09:00:00+02:00,52607.0
2017-04-02 10:00:00+02:00,53152.0
2017-04-02 11:00:00+02:00,53647.0
2017-04-02 12:00:00+02:00,54850.0
2017-04-02 13:00:00+02:00,54280.0
2017-04-02 14:00:00+02:00,52279.0
2017-04-02 15:00:00+02:00,51576.0
2017-04-02 16:00:00+02:00,51476.0
2017-04-02 17:00:00+02:00,52467.0
2017-04-02 18:00:00+02:00,54156.0
2017-04-02 19:00:00+02:00,56993.0
2017-04-02 20:00:00+02:00,57854.0
2017-04-02 21:00:00+02:00,58113.0
2017-04-02 22:00:00+02:00,58519.0
2017-04-02 23:00:00+02:00,58125.0
2017-04-03 00:00:00+02:00,56863.0
2017-04-03 01:00:00+02:00,54846.0
2017-04-03 02:00:00+02:00,54045.0
2017-04-03 03:00:00+02:00,53007.0
2017-04-03 04:00:00+02:00,53419.0
2017-04-03 05:00:00+02:00,56417.0
2017-04-03 06:00:00+02:00,62855.0
2017-04-03 07:00:00+02:00,67022.0
2017-04-03 08:00:00+02:00,68887.0
2017-04-03 09:00:00+02:00,70035.0
2017-04-03 10:00:00+02:00,70065.0
2017-04-03 11:00:00+02:00,69454.0
2017-04-03 12:00:00+02:00,68794.0
2017-04-03 13:00:00+02:00,67680.0
2017-04-03 14:00:00+02:00,66222.0
2017-04-03 15:00:00+02:00,65822.0
2017-04-03 16:00:00+02:00,64741.0
2017-04-03 17:00:00+02:00,65736.0
2017-04-03 18:00:00+02:00,66243.0
2017-04-03 19:00:00+02:00,68092.0
2017-04-03 20:00:00+02:00,68424.0
2017-04-03 21:00:00+02:00,66610.0
2017-04-03 22:00:00+02:00,64951.0
2017-04-03 23:00:00+02:00,62626.0
2017-04-04 00:00:00+02:00,61284.0
2017-04-04 01:00:00+02:00,59532.0
2017-04-04 02:00:00+02:00,58421.0
2017-04-04 03:00:00+02:00,57615.0
2017-04-04 04:00:00+02:00,57713.0
2017-04-04 05:00:00+02:00,60005.0
2017-04-04 06:00:00+02:00,65849.0
2017-04-04 07:00:00+02:00,67966.0
2017-04-04 08:00:00+02:00,68918.0
2017-04-04 09:00:00+02:00,70191.0
2017-04-04 10:00:00+02:00,70724.0
2017-04-04 11:00:00+02:00,69919.0
2017-04-04 12:00:00+02:00,68540.0
2017-04-04 13:00:00+02:00,67947.0
2017-04-04 14:00:00+02:00,66821.0
2017-04-04 15:00:00+02:00,66191.0
2017-04-04 16:00:00+02:00,65765.0
2017-04-04 17:00:00+02:00,66947.0
2017-04-04 18:00:00+02:00,67544.0
2017-04-04 19:00:00+02:00,69657.0
2017-04-04 20:00:00+02:00,70173.0
2017-04-04 21:00:00+02:00,67773.0
2017-04-04 22:00:00+02:00,65813.0
2017-04-04 23:00:00+02:00,64981.0
2017-04-05 00:00:00+02:00,60724.0
2017-04-05 01:00:00+02:00,58560.0
2017-04-05 02:00:00+02:00,57266.0
2017-04-05 03:00:00+02:00,55982.0
2017-04-05 04:00:00+02:00,55825.0
2017-04-05 05:00:00+02:00,58041.0
2017-04-05 06:00:00+02:00,64560.0
2017-04-05 07:00:00+02:00,67615.0
2017-04-05 08:00:00+02:00,68304.0
2017-04-05 09:00:00+02:00,69554.0
2017-04-05 10:00:00+02:00,70442.0
2017-04-05 11:00:00+02:00,70475.0
2017-04-05 12:00:00+02:00,70122.0
2017-04-05 13:00:00+02:00,69633.0
2017-04-05 14:00:00+02:00,68491.0
2017-04-05 15:00:00+02:00,67058.0
2017-04-05 16:00:00+02:00,65414.0
2017-04-05 17:00:00+02:00,64680.0
2017-04-05 18:00:00+02:00,66399.0
2017-04-05 19:00:00+02:00,67579.0
2017-04-05 20:00:00+02:00,67915.0
2017-04-05 21:00:00+02:00,67531.0
2017-04-05 22:00:00+02:00,67733.0
2017-04-05 23:00:00+02:00,66546.0
2017-04-06 00:00:00+02:00,62773.0
2017-04-06 01:00:00+02:00,60671.0
2017-04-06 02:00:00+02:00,59166.0
2017-04-06 03:00:00+02:00,57639.0
2017-04-06 04:00:00+02:00,57543.0
2017-04-06 05:00:00+02:00,59735.0
2017-04-06 06:00:00+02:00,64988.0
2017-04-06 07:00:00+02:00,67858.0
2017-04-06 08:00:00+02:00,70316.0
2017-04-06 09:00:00+02:00,72495.0
2017-04-06 10:00:00+02:00,72959.0
2017-04-06 11:00:00+02:00,72845.0
2017-04-06 12:00:00+02:00,72540.0
2017-04-06 13:00:00+02:00,71763.0
2017-04-06 14:00:00+02:00,70173.0
2017-04-06 15:00:00+02:00,68500.0
2017-04-06 16:00:00+02:00,67125.0
2017-04-06 17:00:00+02:00,67688.0
2017-04-06 18:00:00+02:00,67806.0
2017-04-06 19:00:00+02:00,68989.0
2017-04-06 20:00:00+02:00,68912.0
2017-04-06 21:00:00+02:00,67397.0
2017-04-06 22:00:00+02:00,66638.0
2017-04-06 23:00:00+02:00,65635.0
2017-04-07 00:00:00+02:00,61733.0
2017-04-07 01:00:00+02:00,59888.0
2017-04-07 02:00:00+02:00,59099.0
2017-04-07 03:00:00+02:00,57306.0
2017-04-07 04:00:00+02:00,56817.0
2017-04-07 05:00:00+02:00,59468.0
2017-04-07 06:00:00+02:00,63375.0
2017-04-07 07:00:00+02:00,67211.0
2017-04-07 08:00:00+02:00,69036.0
2017-04-07 09:00:00+02:00,70138.0
2017-04-07 10:00:00+02:00,69729.0
2017-04-07 11:00:00+02:00,69411.0
2017-04-07 12:00:00+02:00,67984.0
2017-04-07 13:00:00+02:00,67279.0
2017-04-07 14:00:00+02:00,66356.0
2017-04-07 15:00:00+02:00,64743.0
2017-04-07 16:00:00+02:00,63330.0
2017-04-07 17:00:00+02:00,64041.0
2017-04-07 18:00:00+02:00,64006.0
2017-04-07 19:00:00+02:00,64025.0
2017-04-07 20:00:00+02:00,64597.0
2017-04-07 21:00:00+02:00,64303.0
2017-04-07 22:00:00+02:00,64415.0
2017-04-07 23:00:00+02:00,64067.0
2017-04-08 00:00:00+02:00,59977.0
2017-04-08 01:00:00+02:00,56791.0
2017-04-08 02:00:00+02:00,54539.0
2017-04-08 03:00:00+02:00,52911.0
2017-04-08 04:00:00+02:00,52485.0
2017-04-08 05:00:00+02:00,53538.0
2017-04-08 06:00:00+02:00,55683.0
2017-04-08 07:00:00+02:00,57561.0
2017-04-08 08:00:00+02:00,59357.0
2017-04-08 09:00:00+02:00,60769.0
2017-04-08 10:00:00+02:00,60473.0
2017-04-08 11:00:00+02:00,59377.0
2017-04-08 12:00:00+02:00,58797.0
2017-04-08 13:00:00+02:00,57054.0
2017-04-08 14:00:00+02:00,55732.0
2017-04-08 15:00:00+02:00,55215.0
2017-04-08 16:00:00+02:00,54510.0
2017-04-08 17:00:00+02:00,54770.0
2017-04-08 18:00:00+02:00,57620.0
2017-04-08 19:00:00+02:00,59185.0
2017-04-08 20:00:00+02:00,59633.0
2017-04-08 21:00:00+02:00,59563.0
2017-04-08 22:00:00+02:00,60252.0
2017-04-08 23:00:00+02:00,59922.0
2017-04-09 00:00:00+02:00,56336.0
2017-04-09 01:00:00+02:00,53216.0
2017-04-09 02:00:00+02:00,51352.0
2017-04-09 03:00:00+02:00,50128.0
2017-04-09 04:00:00+02:00,49113.0
2017-04-09 05:00:00+02:00,48921.0
2017-04-09 06:00:00+02:00,49118.0
2017-04-09 07:00:00+02:00,49271.0
2017-04-09 08:00:00+02:00,50836.0
2017-04-09 09:00:00+02:00,52068.0
2017-04-09 10:00:00+02:00,52904.0
2017-04-09 11:00:00+02:00,52523.0
2017-04-09 12:00:00+02:00,52609.0
2017-04-09 13:00:00+02:00,52030.0
2017-04-09 14:00:00+02:00,50820.0
2017-04-09 15:00:00+02:00,51362.0
2017-04-09 16:00:00+02:00,50700.0
2017-04-09 17:00:00+02:00,52658.0
2017-04-09 18:00:00+02:00,54269.0
2017-04-09 19:00:00+02:00,55716.0
2017-04-09 20:00:00+02:00,56369.0
2017-04-09 21:00:00+02:00,56254.0
2017-04-09 22:00:00+02:00,56129.0
2017-04-09 23:00:00+02:00,56047.0
2017-04-10 00:00:00+02:00,51346.0
2017-04-10 01:00:00+02:00,50082.0
2017-04-10 02:00:00+02:00,49471.0
2017-04-10 03:00:00+02:00,49038.0
2017-04-10 04:00:00+02:00,49330.0
2017-04-10 05:00:00+02:00,51251.0
2017-04-10 06:00:00+02:00,57833.0
2017-04-10 07:00:00+02:00,63040.0
2017-04-10 08:00:00+02:00,64830.0
2017-04-10 09:00:00+02:00,65918.0
2017-04-10 10:00:00+02:00,66951.0
2017-04-10 11:00:00+02:00,67011.0
2017-04-10 12:00:00+02:00,66655.0
2017-04-10 13:00:00+02:00,66307.0
2017-04-10 14:00:00+02:00,65746.0
2017-04-10 15:00:00+02:00,64276.0
2017-04-10 16:00:00+02:00,62810.0
2017-04-10 17:00:00+02:00,62328.0
2017-04-10 18:00:00+02:00,63351.0
2017-04-10 19:00:00+02:00,63593.0
2017-04-10 20:00:00+02:00,63996.0
2017-04-10 21:00:00+02:00,63463.0
2017-04-10 22:00:00+02:00,63218.0
2017-04-10 23:00:00+02:00,63592.0
2017-04-11 00:00:00+02:00,60197.0
2017-04-11 01:00:00+02:00,57056.0
2017-04-11 02:00:00+02:00,55835.0
2017-04-11 03:00:00+02:00,54627.0
2017-04-11 04:00:00+02:00,54657.0
2017-04-11 05:00:00+02:00,57004.0
2017-04-11 06:00:00+02:00,61822.0
2017-04-11 07:00:00+02:00,65364.0
2017-04-11 08:00:00+02:00,66930.0
2017-04-11 09:00:00+02:00,67843.0
2017-04-11 10:00:00+02:00,68722.0
2017-04-11 11:00:00+02:00,69131.0
2017-04-11 12:00:00+02:00,69028.0
2017-04-11 13:00:00+02:00,67449.0
2017-04-11 14:00:00+02:00,66726.0
2017-04-11 15:00:00+02:00,65413.0
2017-04-11 16:00:00+02:00,64272.0
2017-04-11 17:00:00+02:00,64211.0
2017-04-11 18:00:00+02:00,65321.0
2017-04-11 19:00:00+02:00,66097.0
2017-04-11 20:00:00+02:00,66065.0
2017-04-11 21:00:00+02:00,65105.0
2017-04-11 22:00:00+02:00,64928.0
2017-04-11 23:00:00+02:00,64430.0
2017-04-12 00:00:00+02:00,59760.0
2017-04-12 01:00:00+02:00,57915.0
2017-04-12 02:00:00+02:00,56669.0
2017-04-12 03:00:00+02:00,55381.0
2017-04-12 04:00:00+02:00,54824.0
2017-04-12 05:00:00+02:00,56676.0
2017-04-12 06:00:00+02:00,61123.0
2017-04-12 07:00:00+02:00,64372.0
2017-04-12 08:00:00+02:00,65767.0
2017-04-12 09:00:00+02:00,67200.0
2017-04-12 10:00:00+02:00,68285.0
2017-04-12 11:00:00+02:00,68566.0
2017-04-12 12:00:00+02:00,68356.0
2017-04-12 13:00:00+02:00,67976.0
2017-04-12 14:00:00+02:00,66503.0
2017-04-12 15:00:00+02:00,65126.0
2017-04-12 16:00:00+02:00,63479.0
2017-04-12 17:00:00+02:00,63510.0
2017-04-12 18:00:00+02:00,63231.0
2017-04-12 19:00:00+02:00,64203.0
2017-04-12 20:00:00+02:00,63462.0
2017-04-12 21:00:00+02:00,63058.0
2017-04-12 22:00:00+02:00,63712.0
2017-04-12 23:00:00+02:00,63702.0
2017-04-13 00:00:00+02:00,59133.0
2017-04-13 01:00:00+02:00,56586.0
2017-04-13 02:00:00+02:00,55189.0
2017-04-13 03:00:00+02:00,53865.0
2017-04-13 04:00:00+02:00,53533.0
2017-04-13 05:00:00+02:00,55007.0
2017-04-13 06:00:00+02:00,60527.0
2017-04-13 07:00:00+02:00,64433.0
2017-04-13 08:00:00+02:00,65911.0
2017-04-13 09:00:00+02:00,67228.0
2017-04-13 10:00:00+02:00,67598.0
2017-04-13 11:00:00+02:00,67819.0
2017-04-13 12:00:00+02:00,66358.0
2017-04-13 13:00:00+02:00,65844.0
2017-04-13 14:00:00+02:00,65378.0
2017-04-13 15:00:00+02:00,64330.0
2017-04-13 16:00:00+02:00,63261.0
2017-04-13 17:00:00+02:00,63264.0
2017-04-13 18:00:00+02:00,64144.0
2017-04-13 19:00:00+02:00,64188.0
2017-04-13 20:00:00+02:00,63965.0
2017-04-13 21:00:00+02:00,63833.0
2017-04-13 22:00:00+02:00,63262.0
2017-04-13 23:00:00+02:00,62532.0
2017-04-14 00:00:00+02:00,58097.0
2017-04-14 01:00:00+02:00,55166.0
2017-04-14 02:00:00+02:00,53673.0
2017-04-14 03:00:00+02:00,53234.0
2017-04-14 04:00:00+02:00,52954.0
2017-04-14 05:00:00+02:00,53867.0
2017-04-14 06:00:00+02:00,57426.0
2017-04-14 07:00:00+02:00,60172.0
2017-04-14 08:00:00+02:00,62118.0
2017-04-14 09:00:00+02:00,63999.0
2017-04-14 10:00:00+02:00,64277.0
2017-04-14 11:00:00+02:00,64309.0
2017-04-14 12:00:00+02:00,63827.0
2017-04-14 13:00:00+02:00,63149.0
2017-04-14 14:00:00+02:00,61777.0
2017-04-14 15:00:00+02:00,60635.0
2017-04-14 16:00:00+02:00,59110.0
2017-04-14 17:00:00+02:00,59272.0
2017-04-14 18:00:00+02:00,60193.0
2017-04-14 19:00:00+02:00,61852.0
2017-04-14 20:00:00+02:00,61930.0
2017-04-14 21:00:00+02:00,60656.0
2017-04-14 22:00:00+02:00,60178.0
2017-04-14 23:00:00+02:00,59506.0
2017-04-15 00:00:00+02:00,55369.0
2017-04-15 01:00:00+02:00,51722.0
2017-04-15 02:00:00+02:00,50019.0
2017-04-15 03:00:00+02:00,48828.0
2017-04-15 04:00:00+02:00,48429.0
2017-04-15 05:00:00+02:00,49027.0
2017-04-15 06:00:00+02:00,50517.0
2017-04-15 07:00:00+02:00,51011.0
2017-04-15 08:00:00+02:00,52612.0
2017-04-15 09:00:00+02:00,55399.0
2017-04-15 10:00:00+02:00,56187.0
2017-04-15 11:00:00+02:00,56630.0
2017-04-15 12:00:00+02:00,57285.0
2017-04-15 13:00:00+02:00,56377.0
2017-04-15 14:00:00+02:00,55040.0
2017-04-15 15:00:00+02:00,53172.0
2017-04-15 16:00:00+02:00,52047.0
2017-04-15 17:00:00+02:00,51776.0
2017-04-15 18:00:00+02:00,52538.0
2017-04-15 19:00:00+02:00,53425.0
2017-04-15 20:00:00+02:00,53927.0
2017-04-15 21:00:00+02:00,54412.0
2017-04-15 22:00:00+02:00,56170.0
2017-04-15 23:00:00+02:00,56885.0
2017-04-16 00:00:00+02:00,53741.0
2017-04-16 01:00:00+02:00,51327.0
2017-04-16 02:00:00+02:00,48660.0
2017-04-16 03:00:00+02:00,46943.0
2017-04-16 04:00:00+02:00,45981.0
2017-04-16 05:00:00+02:00,45917.0
2017-04-16 06:00:00+02:00,46358.0
2017-04-16 07:00:00+02:00,46741.0
2017-04-16 08:00:00+02:00,48529.0
2017-04-16 09:00:00+02:00,51124.0
2017-04-16 10:00:00+02:00,51533.0
2017-04-16 11:00:00+02:00,51601.0
2017-04-16 12:00:00+02:00,52269.0
2017-04-16 13:00:00+02:00,50898.0
2017-04-16 14:00:00+02:00,50351.0
2017-04-16 15:00:00+02:00,50330.0
2017-04-16 16:00:00+02:00,50890.0
2017-04-16 17:00:00+02:00,52319.0
2017-04-16 18:00:00+02:00,53134.0
2017-04-16 19:00:00+02:00,54651.0
2017-04-16 20:00:00+02:00,55505.0
2017-04-16 21:00:00+02:00,55792.0
2017-04-16 22:00:00+02:00,56702.0
2017-04-16 23:00:00+02:00,56067.0
2017-04-17 00:00:00+02:00,54099.0
2017-04-17 01:00:00+02:00,51558.0
2017-04-17 02:00:00+02:00,49831.0
2017-04-17 03:00:00+02:00,48971.0
2017-04-17 04:00:00+02:00,49121.0
2017-04-17 05:00:00+02:00,49807.0
2017-04-17 06:00:00+02:00,49980.0
2017-04-17 07:00:00+02:00,49985.0
2017-04-17 08:00:00+02:00,51701.0
2017-04-17 09:00:00+02:00,54004.0
2017-04-17 10:00:00+02:00,55116.0
2017-04-17 11:00:00+02:00,55808.0
2017-04-17 12:00:00+02:00,56587.0
2017-04-17 13:00:00+02:00,54773.0
2017-04-17 14:00:00+02:00,53889.0
2017-04-17 15:00:00+02:00,53787.0
2017-04-17 16:00:00+02:00,53078.0
2017-04-17 17:00:00+02:00,53839.0
2017-04-17 18:00:00+02:00,55353.0
2017-04-17 19:00:00+02:00,56810.0
2017-04-17 20:00:00+02:00,57848.0
2017-04-17 21:00:00+02:00,58607.0
2017-04-17 22:00:00+02:00,58896.0
2017-04-17 23:00:00+02:00,58667.0
2017-04-18 00:00:00+02:00,55175.0
2017-04-18 01:00:00+02:00,53349.0
2017-04-18 02:00:00+02:00,53018.0
2017-04-18 03:00:00+02:00,52459.0
2017-04-18 04:00:00+02:00,53013.0
2017-04-18 05:00:00+02:00,54950.0
2017-04-18 06:00:00+02:00,60057.0
2017-04-18 07:00:00+02:00,63934.0
2017-04-18 08:00:00+02:00,66066.0
2017-04-18 09:00:00+02:00,67716.0
2017-04-18 10:00:00+02:00,67671.0
2017-04-18 11:00:00+02:00,67549.0
2017-04-18 12:00:00+02:00,67519.0
2017-04-18 13:00:00+02:00,67211.0
2017-04-18 14:00:00+02:00,66870.0
2017-04-18 15:00:00+02:00,66461.0
2017-04-18 16:00:00+02:00,65468.0
2017-04-18 17:00:00+02:00,66046.0
2017-04-18 18:00:00+02:00,66225.0
2017-04-18 19:00:00+02:00,66776.0
2017-04-18 20:00:00+02:00,66498.0
2017-04-18 21:00:00+02:00,66296.0
2017-04-18 22:00:00+02:00,65747.0
2017-04-18 23:00:00+02:00,64420.0
2017-04-19 00:00:00+02:00,62167.0
2017-04-19 01:00:00+02:00,60482.0
2017-04-19 02:00:00+02:00,58859.0
2017-04-19 03:00:00+02:00,57872.0
2017-04-19 04:00:00+02:00,57940.0
2017-04-19 05:00:00+02:00,60049.0
2017-04-19 06:00:00+02:00,64394.0
2017-04-19 07:00:00+02:00,66978.0
2017-04-19 08:00:00+02:00,68821.0
2017-04-19 09:00:00+02:00,70791.0
2017-04-19 10:00:00+02:00,70919.0
2017-04-19 11:00:00+02:00,71055.0
2017-04-19 12:00:00+02:00,70273.0
2017-04-19 13:00:00+02:00,69879.0
2017-04-19 14:00:00+02:00,69552.0
2017-04-19 15:00:00+02:00,68854.0
2017-04-19 16:00:00+02:00,68573.0
2017-04-19 17:00:00+02:00,67996.0
2017-04-19 18:00:00+02:00,67660.0
2017-04-19 19:00:00+02:00,68582.0
2017-04-19 20:00:00+02:00,68624.0
2017-04-19 21:00:00+02:00,68353.0
2017-04-19 22:00:00+02:00,68639.0
2017-04-19 23:00:00+02:00,67542.0
2017-04-20 00:00:00+02:00,62000.0
2017-04-20 01:00:00+02:00,60296.0
2017-04-20 02:00:00+02:00,59112.0
2017-04-20 03:00:00+02:00,57615.0
2017-04-20 04:00:00+02:00,57403.0
2017-04-20 05:00:00+02:00,59027.0
2017-04-20 06:00:00+02:00,62188.0
2017-04-20 07:00:00+02:00,65102.0
2017-04-20 08:00:00+02:00,66911.0
2017-04-20 09:00:00+02:00,67941.0
2017-04-20 10:00:00+02:00,67356.0
2017-04-20 11:00:00+02:00,66895.0
2017-04-20 12:00:00+02:00,66016.0
2017-04-20 13:00:00+02:00,65403.0
2017-04-20 14:00:00+02:00,64870.0
2017-04-20 15:00:00+02:00,64443.0
2017-04-20 16:00:00+02:00,63466.0
2017-04-20 17:00:00+02:00,62812.0
2017-04-20 18:00:00+02:00,63055.0
2017-04-20 19:00:00+02:00,63156.0
2017-04-20 20:00:00+02:00,63476.0
2017-04-20 21:00:00+02:00,63818.0
2017-04-20 22:00:00+02:00,63839.0
2017-04-20 23:00:00+02:00,62535.0
2017-04-21 00:00:00+02:00,61320.0
2017-04-21 01:00:00+02:00,59973.0
2017-04-21 02:00:00+02:00,59417.0
2017-04-21 03:00:00+02:00,58407.0
2017-04-21 04:00:00+02:00,57895.0
2017-04-21 05:00:00+02:00,59882.0
2017-04-21 06:00:00+02:00,62384.0
2017-04-21 07:00:00+02:00,65272.0
2017-04-21 08:00:00+02:00,67277.0
2017-04-21 09:00:00+02:00,68428.0
2017-04-21 10:00:00+02:00,67733.0
2017-04-21 11:00:00+02:00,67006.0
2017-04-21 12:00:00+02:00,66842.0
2017-04-21 13:00:00+02:00,66376.0
2017-04-21 14:00:00+02:00,65327.0
2017-04-21 15:00:00+02:00,64249.0
2017-04-21 16:00:00+02:00,62569.0
2017-04-21 17:00:00+02:00,62289.0
2017-04-21 18:00:00+02:00,62217.0
2017-04-21 19:00:00+02:00,61786.0
2017-04-21 20:00:00+02:00,61399.0
2017-04-21 21:00:00+02:00,62918.0
2017-04-21 22:00:00+02:00,63459.0
2017-04-21 23:00:00+02:00,62727.0
2017-04-22 00:00:00+02:00,61184.0
2017-04-22 01:00:00+02:00,58686.0
2017-04-22 02:00:00+02:00,57480.0
2017-04-22 03:00:00+02:00,55519.0
2017-04-22 04:00:00+02:00,54552.0
2017-04-22 05:00:00+02:00,55209.0
2017-04-22 06:00:00+02:00,55874.0
2017-04-22 07:00:00+02:00,56198.0
2017-04-22 08:00:00+02:00,57832.0
2017-04-22 09:00:00+02:00,58428.0
2017-04-22 10:00:00+02:00,57671.0
2017-04-22 11:00:00+02:00,57608.0
2017-04-22 12:00:00+02:00,58128.0
2017-04-22 13:00:00+02:00,57065.0
2017-04-22 14:00:00+02:00,55557.0
2017-04-22 15:00:00+02:00,53396.0
2017-04-22 16:00:00+02:00,52544.0
2017-04-22 17:00:00+02:00,52040.0
2017-04-22 18:00:00+02:00,52391.0
2017-04-22 19:00:00+02:00,54017.0
2017-04-22 20:00:00+02:00,55279.0
2017-04-22 21:00:00+02:00,56495.0
2017-04-22 22:00:00+02:00,57239.0
2017-04-22 23:00:00+02:00,57949.0
2017-04-23 00:00:00+02:00,55077.0
2017-04-23 01:00:00+02:00,52215.0
2017-04-23 02:00:00+02:00,51214.0
2017-04-23 03:00:00+02:00,48584.0
2017-04-23 04:00:00+02:00,48022.0
2017-04-23 05:00:00+02:00,47601.0
2017-04-23 06:00:00+02:00,47329.0
2017-04-23 07:00:00+02:00,47767.0
2017-04-23 08:00:00+02:00,49859.0
2017-04-23 09:00:00+02:00,51826.0
2017-04-23 10:00:00+02:00,52798.0
2017-04-23 11:00:00+02:00,53407.0
2017-04-23 12:00:00+02:00,54109.0
2017-04-23 13:00:00+02:00,52728.0
2017-04-23 14:00:00+02:00,50290.0
2017-04-23 15:00:00+02:00,48447.0
2017-04-23 16:00:00+02:00,48400.0
2017-04-23 17:00:00+02:00,50556.0
2017-04-23 18:00:00+02:00,52695.0
2017-04-23 19:00:00+02:00,54752.0
2017-04-23 20:00:00+02:00,56104.0
2017-04-23 21:00:00+02:00,57525.0
2017-04-23 22:00:00+02:00,58139.0
2017-04-23 23:00:00+02:00,57879.0
2017-04-24 00:00:00+02:00,54912.0
2017-04-24 01:00:00+02:00,52600.0
2017-04-24 02:00:00+02:00,51629.0
2017-04-24 03:00:00+02:00,50901.0
2017-04-24 04:00:00+02:00,51314.0
2017-04-24 05:00:00+02:00,52959.0
2017-04-24 06:00:00+02:00,58067.0
2017-04-24 07:00:00+02:00,61155.0
2017-04-24 08:00:00+02:00,63022.0
2017-04-24 09:00:00+02:00,64050.0
2017-04-24 10:00:00+02:00,63769.0
2017-04-24 11:00:00+02:00,63556.0
2017-04-24 12:00:00+02:00,63282.0
2017-04-24 13:00:00+02:00,62355.0
2017-04-24 14:00:00+02:00,61020.0
2017-04-24 15:00:00+02:00,59013.0
2017-04-24 16:00:00+02:00,58161.0
2017-04-24 17:00:00+02:00,58743.0
2017-04-24 18:00:00+02:00,60051.0
2017-04-24 19:00:00+02:00,61712.0
2017-04-24 20:00:00+02:00,62120.0
2017-04-24 21:00:00+02:00,61899.0
2017-04-24 22:00:00+02:00,62176.0
2017-04-24 23:00:00+02:00,61567.0
2017-04-25 00:00:00+02:00,61025.0
2017-04-25 01:00:00+02:00,58950.0
2017-04-25 02:00:00+02:00,56992.0
2017-04-25 03:00:00+02:00,56466.0
2017-04-25 04:00:00+02:00,56091.0
2017-04-25 05:00:00+02:00,57820.0
2017-04-25 06:00:00+02:00,60880.0
2017-04-25 07:00:00+02:00,63255.0
2017-04-25 08:00:00+02:00,64544.0
2017-04-25 09:00:00+02:00,65783.0
2017-04-25 10:00:00+02:00,65884.0
2017-04-25 11:00:00+02:00,65478.0
2017-04-25 12:00:00+02:00,65039.0
2017-04-25 13:00:00+02:00,64461.0
2017-04-25 14:00:00+02:00,64112.0
2017-04-25 15:00:00+02:00,62479.0
2017-04-25 16:00:00+02:00,61032.0
2017-04-25 17:00:00+02:00,61754.0
2017-04-25 18:00:00+02:00,62935.0
2017-04-25 19:00:00+02:00,64096.0
2017-04-25 20:00:00+02:00,64479.0
2017-04-25 21:00:00+02:00,64181.0
2017-04-25 22:00:00+02:00,64356.0
2017-04-25 23:00:00+02:00,63770.0
2017-04-26 00:00:00+02:00,60674.0
2017-04-26 01:00:00+02:00,58737.0
2017-04-26 02:00:00+02:00,57893.0
2017-04-26 03:00:00+02:00,57380.0
2017-04-26 04:00:00+02:00,57340.0
2017-04-26 05:00:00+02:00,59085.0
2017-04-26 06:00:00+02:00,62585.0
2017-04-26 07:00:00+02:00,65018.0
2017-04-26 08:00:00+02:00,65779.0
2017-04-26 09:00:00+02:00,67088.0
2017-04-26 10:00:00+02:00,67863.0
2017-04-26 11:00:00+02:00,68134.0
2017-04-26 12:00:00+02:00,67748.0
2017-04-26 13:00:00+02:00,67450.0
2017-04-26 14:00:00+02:00,66726.0
2017-04-26 15:00:00+02:00,66321.0
2017-04-26 16:00:00+02:00,65492.0
2017-04-26 17:00:00+02:00,65502.0
2017-04-26 18:00:00+02:00,66294.0
2017-04-26 19:00:00+02:00,66770.0
2017-04-26 20:00:00+02:00,66514.0
2017-04-26 21:00:00+02:00,66091.0
2017-04-26 22:00:00+02:00,66409.0
2017-04-26 23:00:00+02:00,65157.0
2017-04-27 00:00:00+02:00,62738.0
2017-04-27 01:00:00+02:00,59599.0
2017-04-27 02:00:00+02:00,58829.0
2017-04-27 03:00:00+02:00,58078.0
2017-04-27 04:00:00+02:00,57867.0
2017-04-27 05:00:00+02:00,60204.0
2017-04-27 06:00:00+02:00,63006.0
2017-04-27 07:00:00+02:00,66510.0
2017-04-27 08:00:00+02:00,67712.0
2017-04-27 09:00:00+02:00,68735.0
2017-04-27 10:00:00+02:00,69039.0
2017-04-27 11:00:00+02:00,69044.0
2017-04-27 12:00:00+02:00,69457.0
2017-04-27 13:00:00+02:00,68826.0
2017-04-27 14:00:00+02:00,67619.0
2017-04-27 15:00:00+02:00,66244.0
2017-04-27 16:00:00+02:00,65409.0
2017-04-27 17:00:00+02:00,64971.0
2017-04-27 18:00:00+02:00,64676.0
2017-04-27 19:00:00+02:00,64363.0
2017-04-27 20:00:00+02:00,65078.0
2017-04-27 21:00:00+02:00,65030.0
2017-04-27 22:00:00+02:00,65618.0
2017-04-27 23:00:00+02:00,64683.0
2017-04-28 00:00:00+02:00,62457.0
2017-04-28 01:00:00+02:00,60286.0
2017-04-28 02:00:00+02:00,58933.0
2017-04-28 03:00:00+02:00,58055.0
2017-04-28 04:00:00+02:00,57802.0
2017-04-28 05:00:00+02:00,59767.0
2017-04-28 06:00:00+02:00,63939.0
2017-04-28 07:00:00+02:00,67306.0
2017-04-28 08:00:00+02:00,69873.0
2017-04-28 09:00:00+02:00,71178.0
2017-04-28 10:00:00+02:00,71882.0
2017-04-28 11:00:00+02:00,71406.0
2017-04-28 12:00:00+02:00,70378.0
2017-04-28 13:00:00+02:00,69688.0
2017-04-28 14:00:00+02:00,68061.0
2017-04-28 15:00:00+02:00,65845.0
2017-04-28 16:00:00+02:00,64213.0
2017-04-28 17:00:00+02:00,63746.0
2017-04-28 18:00:00+02:00,63807.0
2017-04-28 19:00:00+02:00,64198.0
2017-04-28 20:00:00+02:00,64064.0
2017-04-28 21:00:00+02:00,64164.0
2017-04-28 22:00:00+02:00,64280.0
2017-04-28 23:00:00+02:00,64611.0
2017-04-29 00:00:00+02:00,60299.0
2017-04-29 01:00:00+02:00,57470.0
2017-04-29 02:00:00+02:00,54637.0
2017-04-29 03:00:00+02:00,53206.0
2017-04-29 04:00:00+02:00,52570.0
2017-04-29 05:00:00+02:00,53097.0
2017-04-29 06:00:00+02:00,53550.0
2017-04-29 07:00:00+02:00,54894.0
2017-04-29 08:00:00+02:00,57653.0
2017-04-29 09:00:00+02:00,58314.0
2017-04-29 10:00:00+02:00,58652.0
2017-04-29 11:00:00+02:00,58648.0
2017-04-29 12:00:00+02:00,58542.0
2017-04-29 13:00:00+02:00,57513.0
2017-04-29 14:00:00+02:00,55413.0
2017-04-29 15:00:00+02:00,54675.0
2017-04-29 16:00:00+02:00,53858.0
2017-04-29 17:00:00+02:00,54155.0
2017-04-29 18:00:00+02:00,55409.0
2017-04-29 19:00:00+02:00,56800.0
2017-04-29 20:00:00+02:00,57038.0
2017-04-29 21:00:00+02:00,57705.0
2017-04-29 22:00:00+02:00,58552.0
2017-04-29 23:00:00+02:00,59085.0
2017-04-30 00:00:00+02:00,56602.0
2017-04-30 01:00:00+02:00,53636.0
2017-04-30 02:00:00+02:00,52606.0
2017-04-30 03:00:00+02:00,50479.0
2017-04-30 04:00:00+02:00,50247.0
2017-04-30 05:00:00+02:00,50072.0
2017-04-30 06:00:00+02:00,49787.0
2017-04-30 07:00:00+02:00,49494.0
2017-04-30 08:00:00+02:00,50244.0
2017-04-30 09:00:00+02:00,51827.0
2017-04-30 10:00:00+02:00,51229.0
2017-04-30 11:00:00+02:00,49660.0
2017-04-30 12:00:00+02:00,50002.0
2017-04-30 13:00:00+02:00,48503.0
2017-04-30 14:00:00+02:00,46175.0
2017-04-30 15:00:00+02:00,43648.0
2017-04-30 16:00:00+02:00,42847.0
2017-04-30 17:00:00+02:00,44375.0
2017-04-30 18:00:00+02:00,47015.0
2017-04-30 19:00:00+02:00,49204.0
2017-04-30 20:00:00+02:00,50694.0
2017-04-30 21:00:00+02:00,53215.0
2017-04-30 22:00:00+02:00,55137.0
2017-04-30 23:00:00+02:00,55800.0
2017-05-01 00:00:00+02:00,54917.0
2017-05-01 01:00:00+02:00,52470.0
2017-05-01 02:00:00+02:00,50475.0
2017-05-01 03:00:00+02:00,48845.0
2017-05-01 04:00:00+02:00,48532.0
2017-05-01 05:00:00+02:00,49316.0
2017-05-01 06:00:00+02:00,50014.0
2017-05-01 07:00:00+02:00,51118.0
2017-05-01 08:00:00+02:00,52724.0
2017-05-01 09:00:00+02:00,54947.0
2017-05-01 10:00:00+02:00,57351.0
2017-05-01 11:00:00+02:00,58648.0
2017-05-01 12:00:00+02:00,59345.0
2017-05-01 13:00:00+02:00,57709.0
2017-05-01 14:00:00+02:00,54560.0
2017-05-01 15:00:00+02:00,54418.0
2017-05-01 16:00:00+02:00,53840.0
2017-05-01 17:00:00+02:00,54175.0
2017-05-01 18:00:00+02:00,54898.0
2017-05-01 19:00:00+02:00,55726.0
2017-05-01 20:00:00+02:00,55711.0
2017-05-01 21:00:00+02:00,55758.0
2017-05-01 22:00:00+02:00,56643.0
2017-05-01 23:00:00+02:00,57006.0
2017-05-02 00:00:00+02:00,53651.0
2017-05-02 01:00:00+02:00,50812.0
2017-05-02 02:00:00+02:00,49006.0
2017-05-02 03:00:00+02:00,49998.0
2017-05-02 04:00:00+02:00,50332.0
2017-05-02 05:00:00+02:00,52719.0
2017-05-02 06:00:00+02:00,58034.0
2017-05-02 07:00:00+02:00,63025.0
2017-05-02 08:00:00+02:00,64923.0
2017-05-02 09:00:00+02:00,66176.0
2017-05-02 10:00:00+02:00,65893.0
2017-05-02 11:00:00+02:00,66041.0
2017-05-02 12:00:00+02:00,65064.0
2017-05-02 13:00:00+02:00,64718.0
2017-05-02 14:00:00+02:00,64426.0
2017-05-02 15:00:00+02:00,62944.0
2017-05-02 16:00:00+02:00,62498.0
2017-05-02 17:00:00+02:00,62619.0
2017-05-02 18:00:00+02:00,63082.0
2017-05-02 19:00:00+02:00,62893.0
2017-05-02 20:00:00+02:00,62288.0
2017-05-02 21:00:00+02:00,61907.0
2017-05-02 22:00:00+02:00,62146.0
2017-05-02 23:00:00+02:00,61709.0
2017-05-03 00:00:00+02:00,60415.0
2017-05-03 01:00:00+02:00,58508.0
2017-05-03 02:00:00+02:00,56717.0
2017-05-03 03:00:00+02:00,55179.0
2017-05-03 04:00:00+02:00,54946.0
2017-05-03 05:00:00+02:00,56453.0
2017-05-03 06:00:00+02:00,59776.0
2017-05-03 07:00:00+02:00,62735.0
2017-05-03 08:00:00+02:00,65498.0
2017-05-03 09:00:00+02:00,66668.0
2017-05-03 10:00:00+02:00,66780.0
2017-05-03 11:00:00+02:00,67249.0
2017-05-03 12:00:00+02:00,67155.0
2017-05-03 13:00:00+02:00,66215.0
2017-05-03 14:00:00+02:00,65321.0
2017-05-03 15:00:00+02:00,64095.0
2017-05-03 16:00:00+02:00,63052.0
2017-05-03 17:00:00+02:00,62673.0
2017-05-03 18:00:00+02:00,62631.0
2017-05-03 19:00:00+02:00,63149.0
2017-05-03 20:00:00+02:00,61475.0
2017-05-03 21:00:00+02:00,61695.0
2017-05-03 22:00:00+02:00,62386.0
2017-05-03 23:00:00+02:00,62366.0
2017-05-04 00:00:00+02:00,61447.0
2017-05-04 01:00:00+02:00,58308.0
2017-05-04 02:00:00+02:00,56805.0
2017-05-04 03:00:00+02:00,55739.0
2017-05-04 04:00:00+02:00,55269.0
2017-05-04 05:00:00+02:00,57551.0
2017-05-04 06:00:00+02:00,60325.0
2017-05-04 07:00:00+02:00,64081.0
2017-05-04 08:00:00+02:00,65516.0
2017-05-04 09:00:00+02:00,67177.0
2017-05-04 10:00:00+02:00,67839.0
2017-05-04 11:00:00+02:00,68465.0
2017-05-04 12:00:00+02:00,68006.0
2017-05-04 13:00:00+02:00,67223.0
2017-05-04 14:00:00+02:00,65974.0
2017-05-04 15:00:00+02:00,64524.0
2017-05-04 16:00:00+02:00,62739.0
2017-05-04 17:00:00+02:00,63025.0
2017-05-04 18:00:00+02:00,62910.0
2017-05-04 19:00:00+02:00,62909.0
2017-05-04 20:00:00+02:00,62669.0
2017-05-04 21:00:00+02:00,62552.0
2017-05-04 22:00:00+02:00,63830.0
2017-05-04 23:00:00+02:00,63161.0
2017-05-05 00:00:00+02:00,60520.0
2017-05-05 01:00:00+02:00,57674.0
2017-05-05 02:00:00+02:00,57161.0
2017-05-05 03:00:00+02:00,55759.0
2017-05-05 04:00:00+02:00,55820.0
2017-05-05 05:00:00+02:00,57256.0
2017-05-05 06:00:00+02:00,60814.0
2017-05-05 07:00:00+02:00,64396.0
2017-05-05 08:00:00+02:00,66857.0
2017-05-05 09:00:00+02:00,68939.0
2017-05-05 10:00:00+02:00,69887.0
2017-05-05 11:00:00+02:00,69782.0
2017-05-05 12:00:00+02:00,69630.0
2017-05-05 13:00:00+02:00,68141.0
2017-05-05 14:00:00+02:00,66871.0
2017-05-05 15:00:00+02:00,64837.0
2017-05-05 16:00:00+02:00,62891.0
2017-05-05 17:00:00+02:00,62968.0
2017-05-05 18:00:00+02:00,63481.0
2017-05-05 19:00:00+02:00,63412.0
2017-05-05 20:00:00+02:00,63447.0
2017-05-05 21:00:00+02:00,63519.0
2017-05-05 22:00:00+02:00,64204.0
2017-05-05 23:00:00+02:00,62920.0
2017-05-06 00:00:00+02:00,59106.0
2017-05-06 01:00:00+02:00,57045.0
2017-05-06 02:00:00+02:00,55070.0
2017-05-06 03:00:00+02:00,52796.0
2017-05-06 04:00:00+02:00,52007.0
2017-05-06 05:00:00+02:00,51847.0
2017-05-06 06:00:00+02:00,52545.0
2017-05-06 07:00:00+02:00,53919.0
2017-05-06 08:00:00+02:00,56010.0
2017-05-06 09:00:00+02:00,57269.0
2017-05-06 10:00:00+02:00,57376.0
2017-05-06 11:00:00+02:00,59099.0
2017-05-06 12:00:00+02:00,58514.0
2017-05-06 13:00:00+02:00,57492.0
2017-05-06 14:00:00+02:00,56122.0
2017-05-06 15:00:00+02:00,55824.0
2017-05-06 16:00:00+02:00,55673.0
2017-05-06 17:00:00+02:00,56077.0
2017-05-06 18:00:00+02:00,57790.0
2017-05-06 19:00:00+02:00,58861.0
2017-05-06 20:00:00+02:00,58720.0
2017-05-06 21:00:00+02:00,58618.0
2017-05-06 22:00:00+02:00,58004.0
2017-05-06 23:00:00+02:00,56077.0
2017-05-07 00:00:00+02:00,54521.0
2017-05-07 01:00:00+02:00,52203.0
2017-05-07 02:00:00+02:00,51313.0
2017-05-07 03:00:00+02:00,50115.0
2017-05-07 04:00:00+02:00,49825.0
2017-05-07 05:00:00+02:00,50001.0
2017-05-07 06:00:00+02:00,50589.0
2017-05-07 07:00:00+02:00,51280.0
2017-05-07 08:00:00+02:00,53011.0
2017-05-07 09:00:00+02:00,55218.0
2017-05-07 10:00:00+02:00,56062.0
2017-05-07 11:00:00+02:00,56792.0
2017-05-07 12:00:00+02:00,56910.0
2017-05-07 13:00:00+02:00,55846.0
2017-05-07 14:00:00+02:00,54353.0
2017-05-07 15:00:00+02:00,53517.0
2017-05-07 16:00:00+02:00,53019.0
2017-05-07 17:00:00+02:00,53193.0
2017-05-07 18:00:00+02:00,53515.0
2017-05-07 19:00:00+02:00,54737.0
2017-05-07 20:00:00+02:00,55297.0
2017-05-07 21:00:00+02:00,55607.0
2017-05-07 22:00:00+02:00,56730.0
2017-05-07 23:00:00+02:00,56899.0
2017-05-08 00:00:00+02:00,52949.0
2017-05-08 01:00:00+02:00,50656.0
2017-05-08 02:00:00+02:00,49566.0
2017-05-08 03:00:00+02:00,49032.0
2017-05-08 04:00:00+02:00,49205.0
2017-05-08 05:00:00+02:00,50057.0
2017-05-08 06:00:00+02:00,53577.0
2017-05-08 07:00:00+02:00,57038.0
2017-05-08 08:00:00+02:00,59263.0
2017-05-08 09:00:00+02:00,60653.0
2017-05-08 10:00:00+02:00,61265.0
2017-05-08 11:00:00+02:00,61406.0
2017-05-08 12:00:00+02:00,62074.0
2017-05-08 13:00:00+02:00,61900.0
2017-05-08 14:00:00+02:00,60168.0
2017-05-08 15:00:00+02:00,58856.0
2017-05-08 16:00:00+02:00,57633.0
2017-05-08 17:00:00+02:00,56990.0
2017-05-08 18:00:00+02:00,57882.0
2017-05-08 19:00:00+02:00,58273.0
2017-05-08 20:00:00+02:00,57885.0
2017-05-08 21:00:00+02:00,57915.0
2017-05-08 22:00:00+02:00,59281.0
2017-05-08 23:00:00+02:00,58788.0
2017-05-09 00:00:00+02:00,57662.0
2017-05-09 01:00:00+02:00,55825.0
2017-05-09 02:00:00+02:00,54380.0
2017-05-09 03:00:00+02:00,53558.0
2017-05-09 04:00:00+02:00,53649.0
2017-05-09 05:00:00+02:00,55872.0
2017-05-09 06:00:00+02:00,59829.0
2017-05-09 07:00:00+02:00,64514.0
2017-05-09 08:00:00+02:00,65630.0
2017-05-09 09:00:00+02:00,67073.0
2017-05-09 10:00:00+02:00,67610.0
2017-05-09 11:00:00+02:00,67695.0
2017-05-09 12:00:00+02:00,66769.0
2017-05-09 13:00:00+02:00,65933.0
2017-05-09 14:00:00+02:00,65340.0
2017-05-09 15:00:00+02:00,63816.0
2017-05-09 16:00:00+02:00,62786.0
2017-05-09 17:00:00+02:00,62528.0
2017-05-09 18:00:00+02:00,62938.0
2017-05-09 19:00:00+02:00,63307.0
2017-05-09 20:00:00+02:00,62560.0
2017-05-09 21:00:00+02:00,62332.0
2017-05-09 22:00:00+02:00,63407.0
2017-05-09 23:00:00+02:00,63273.0
2017-05-10 00:00:00+02:00,60607.0
2017-05-10 01:00:00+02:00,58501.0
2017-05-10 02:00:00+02:00,56777.0
2017-05-10 03:00:00+02:00,55206.0
2017-05-10 04:00:00+02:00,55185.0
2017-05-10 05:00:00+02:00,57451.0
2017-05-10 06:00:00+02:00,60739.0
2017-05-10 07:00:00+02:00,64321.0
2017-05-10 08:00:00+02:00,65480.0
2017-05-10 09:00:00+02:00,66542.0
2017-05-10 10:00:00+02:00,66196.0
2017-05-10 11:00:00+02:00,65847.0
2017-05-10 12:00:00+02:00,64898.0
2017-05-10 13:00:00+02:00,64539.0
2017-05-10 14:00:00+02:00,63526.0
2017-05-10 15:00:00+02:00,62799.0
2017-05-10 16:00:00+02:00,61872.0
2017-05-10 17:00:00+02:00,62117.0
2017-05-10 18:00:00+02:00,62552.0
2017-05-10 19:00:00+02:00,64073.0
2017-05-10 20:00:00+02:00,63639.0
2017-05-10 21:00:00+02:00,62377.0
2017-05-10 22:00:00+02:00,62563.0
2017-05-10 23:00:00+02:00,61971.0
2017-05-11 00:00:00+02:00,58822.0
2017-05-11 01:00:00+02:00,56528.0
2017-05-11 02:00:00+02:00,55716.0
2017-05-11 03:00:00+02:00,54491.0
2017-05-11 04:00:00+02:00,53983.0
2017-05-11 05:00:00+02:00,56101.0
2017-05-11 06:00:00+02:00,60013.0
2017-05-11 07:00:00+02:00,63220.0
2017-05-11 08:00:00+02:00,64748.0
2017-05-11 09:00:00+02:00,64780.0
2017-05-11 10:00:00+02:00,65093.0
2017-05-11 11:00:00+02:00,64595.0
2017-05-11 12:00:00+02:00,64476.0
2017-05-11 13:00:00+02:00,63624.0
2017-05-11 14:00:00+02:00,62638.0
2017-05-11 15:00:00+02:00,62072.0
2017-05-11 16:00:00+02:00,61479.0
2017-05-11 17:00:00+02:00,62015.0
2017-05-11 18:00:00+02:00,62962.0
2017-05-11 19:00:00+02:00,63023.0
2017-05-11 20:00:00+02:00,62073.0
2017-05-11 21:00:00+02:00,60558.0
2017-05-11 22:00:00+02:00,60844.0
2017-05-11 23:00:00+02:00,60134.0
2017-05-12 00:00:00+02:00,56556.0
2017-05-12 01:00:00+02:00,53907.0
2017-05-12 02:00:00+02:00,52165.0
2017-05-12 03:00:00+02:00,51089.0
2017-05-12 04:00:00+02:00,52037.0
2017-05-12 05:00:00+02:00,53183.0
2017-05-12 06:00:00+02:00,56359.0
2017-05-12 07:00:00+02:00,60690.0
2017-05-12 08:00:00+02:00,63426.0
2017-05-12 09:00:00+02:00,64399.0
2017-05-12 10:00:00+02:00,63805.0
2017-05-12 11:00:00+02:00,64073.0
2017-05-12 12:00:00+02:00,63771.0
2017-05-12 13:00:00+02:00,62999.0
2017-05-12 14:00:00+02:00,61421.0
2017-05-12 15:00:00+02:00,60265.0
2017-05-12 16:00:00+02:00,59558.0
2017-05-12 17:00:00+02:00,59381.0
2017-05-12 18:00:00+02:00,60311.0
2017-05-12 19:00:00+02:00,60300.0
2017-05-12 20:00:00+02:00,59069.0
2017-05-12 21:00:00+02:00,58520.0
2017-05-12 22:00:00+02:00,59010.0
2017-05-12 23:00:00+02:00,58371.0
2017-05-13 00:00:00+02:00,54985.0
2017-05-13 01:00:00+02:00,52328.0
2017-05-13 02:00:00+02:00,49630.0
2017-05-13 03:00:00+02:00,48577.0
2017-05-13 04:00:00+02:00,48420.0
2017-05-13 05:00:00+02:00,48538.0
2017-05-13 06:00:00+02:00,49498.0
2017-05-13 07:00:00+02:00,50685.0
2017-05-13 08:00:00+02:00,52493.0
2017-05-13 09:00:00+02:00,54265.0
2017-05-13 10:00:00+02:00,55207.0
2017-05-13 11:00:00+02:00,55814.0
2017-05-13 12:00:00+02:00,55786.0
2017-05-13 13:00:00+02:00,55808.0
2017-05-13 14:00:00+02:00,55000.0
2017-05-13 15:00:00+02:00,54159.0
2017-05-13 16:00:00+02:00,53380.0
2017-05-13 17:00:00+02:00,53703.0
2017-05-13 18:00:00+02:00,54674.0
2017-05-13 19:00:00+02:00,55262.0
2017-05-13 20:00:00+02:00,55021.0
2017-05-13 21:00:00+02:00,54804.0
2017-05-13 22:00:00+02:00,55699.0
2017-05-13 23:00:00+02:00,55895.0
2017-05-14 00:00:00+02:00,52384.0
2017-05-14 01:00:00+02:00,49898.0
2017-05-14 02:00:00+02:00,48879.0
2017-05-14 03:00:00+02:00,47685.0
2017-05-14 04:00:00+02:00,47227.0
2017-05-14 05:00:00+02:00,46970.0
2017-05-14 06:00:00+02:00,46701.0
2017-05-14 07:00:00+02:00,47255.0
2017-05-14 08:00:00+02:00,48229.0
2017-05-14 09:00:00+02:00,50298.0
2017-05-14 10:00:00+02:00,51387.0
2017-05-14 11:00:00+02:00,52302.0
2017-05-14 12:00:00+02:00,52948.0
2017-05-14 13:00:00+02:00,52657.0
2017-05-14 14:00:00+02:00,51746.0
2017-05-14 15:00:00+02:00,51019.0
2017-05-14 16:00:00+02:00,50496.0
2017-05-14 17:00:00+02:00,50121.0
2017-05-14 18:00:00+02:00,51303.0
2017-05-14 19:00:00+02:00,52574.0
2017-05-14 20:00:00+02:00,53068.0
2017-05-14 21:00:00+02:00,52995.0
2017-05-14 22:00:00+02:00,54367.0
2017-05-14 23:00:00+02:00,54965.0
2017-05-15 00:00:00+02:00,50593.0
2017-05-15 01:00:00+02:00,49204.0
2017-05-15 02:00:00+02:00,49234.0
2017-05-15 03:00:00+02:00,49603.0
2017-05-15 04:00:00+02:00,50398.0
2017-05-15 05:00:00+02:00,52936.0
2017-05-15 06:00:00+02:00,59703.0
2017-05-15 07:00:00+02:00,63423.0
2017-05-15 08:00:00+02:00,64610.0
2017-05-15 09:00:00+02:00,64828.0
2017-05-15 10:00:00+02:00,65142.0
2017-05-15 11:00:00+02:00,64824.0
2017-05-15 12:00:00+02:00,64067.0
2017-05-15 13:00:00+02:00,63905.0
2017-05-15 14:00:00+02:00,63235.0
2017-05-15 15:00:00+02:00,62277.0
2017-05-15 16:00:00+02:00,62165.0
2017-05-15 17:00:00+02:00,62756.0
2017-05-15 18:00:00+02:00,63657.0
2017-05-15 19:00:00+02:00,63341.0
2017-05-15 20:00:00+02:00,62827.0
2017-05-15 21:00:00+02:00,62204.0
2017-05-15 22:00:00+02:00,61600.0
2017-05-15 23:00:00+02:00,59997.0
2017-05-16 00:00:00+02:00,56113.0
2017-05-16 01:00:00+02:00,53637.0
2017-05-16 02:00:00+02:00,53014.0
2017-05-16 03:00:00+02:00,52538.0
2017-05-16 04:00:00+02:00,51988.0
2017-05-16 05:00:00+02:00,53557.0
2017-05-16 06:00:00+02:00,56950.0
2017-05-16 07:00:00+02:00,61316.0
2017-05-16 08:00:00+02:00,63005.0
2017-05-16 09:00:00+02:00,63928.0
2017-05-16 10:00:00+02:00,64022.0
2017-05-16 11:00:00+02:00,64258.0
2017-05-16 12:00:00+02:00,63656.0
2017-05-16 13:00:00+02:00,63395.0
2017-05-16 14:00:00+02:00,62807.0
2017-05-16 15:00:00+02:00,62030.0
2017-05-16 16:00:00+02:00,61487.0
2017-05-16 17:00:00+02:00,62011.0
2017-05-16 18:00:00+02:00,62750.0
2017-05-16 19:00:00+02:00,62150.0
2017-05-16 20:00:00+02:00,60909.0
2017-05-16 21:00:00+02:00,59987.0
2017-05-16 22:00:00+02:00,59932.0
2017-05-16 23:00:00+02:00,58547.0
2017-05-17 00:00:00+02:00,55310.0
2017-05-17 01:00:00+02:00,52844.0
2017-05-17 02:00:00+02:00,52231.0
2017-05-17 03:00:00+02:00,52000.0
2017-05-17 04:00:00+02:00,51747.0
2017-05-17 05:00:00+02:00,52920.0
2017-05-17 06:00:00+02:00,56974.0
2017-05-17 07:00:00+02:00,61133.0
2017-05-17 08:00:00+02:00,62969.0
2017-05-17 09:00:00+02:00,63952.0
2017-05-17 10:00:00+02:00,64546.0
2017-05-17 11:00:00+02:00,64682.0
2017-05-17 12:00:00+02:00,64773.0
2017-05-17 13:00:00+02:00,64550.0
2017-05-17 14:00:00+02:00,64086.0
2017-05-17 15:00:00+02:00,63243.0
2017-05-17 16:00:00+02:00,62195.0
2017-05-17 17:00:00+02:00,62108.0
2017-05-17 18:00:00+02:00,62297.0
2017-05-17 19:00:00+02:00,61862.0
2017-05-17 20:00:00+02:00,59949.0
2017-05-17 21:00:00+02:00,59053.0
2017-05-17 22:00:00+02:00,58278.0
2017-05-17 23:00:00+02:00,57420.0
2017-05-18 00:00:00+02:00,52932.0
2017-05-18 01:00:00+02:00,50653.0
2017-05-18 02:00:00+02:00,49734.0
2017-05-18 03:00:00+02:00,49560.0
2017-05-18 04:00:00+02:00,50606.0
2017-05-18 05:00:00+02:00,51233.0
2017-05-18 06:00:00+02:00,55448.0
2017-05-18 07:00:00+02:00,59023.0
2017-05-18 08:00:00+02:00,61654.0
2017-05-18 09:00:00+02:00,62884.0
2017-05-18 10:00:00+02:00,63321.0
2017-05-18 11:00:00+02:00,63804.0
2017-05-18 12:00:00+02:00,63904.0
2017-05-18 13:00:00+02:00,64240.0
2017-05-18 14:00:00+02:00,63966.0
2017-05-18 15:00:00+02:00,63032.0
2017-05-18 16:00:00+02:00,61883.0
2017-05-18 17:00:00+02:00,63193.0
2017-05-18 18:00:00+02:00,63877.0
2017-05-18 19:00:00+02:00,63576.0
2017-05-18 20:00:00+02:00,63463.0
2017-05-18 21:00:00+02:00,62969.0
2017-05-18 22:00:00+02:00,62558.0
2017-05-18 23:00:00+02:00,61199.0
2017-05-19 00:00:00+02:00,56950.0
2017-05-19 01:00:00+02:00,53678.0
2017-05-19 02:00:00+02:00,53395.0
2017-05-19 03:00:00+02:00,53218.0
2017-05-19 04:00:00+02:00,53987.0
2017-05-19 05:00:00+02:00,54985.0
2017-05-19 06:00:00+02:00,59229.0
2017-05-19 07:00:00+02:00,63091.0
2017-05-19 08:00:00+02:00,65040.0
2017-05-19 09:00:00+02:00,65596.0
2017-05-19 10:00:00+02:00,66266.0
2017-05-19 11:00:00+02:00,66225.0
2017-05-19 12:00:00+02:00,65530.0
2017-05-19 13:00:00+02:00,64800.0
2017-05-19 14:00:00+02:00,63843.0
2017-05-19 15:00:00+02:00,62836.0
2017-05-19 16:00:00+02:00,62940.0
2017-05-19 17:00:00+02:00,61515.0
2017-05-19 18:00:00+02:00,61429.0
2017-05-19 19:00:00+02:00,60708.0
2017-05-19 20:00:00+02:00,58510.0
2017-05-19 21:00:00+02:00,57194.0
2017-05-19 22:00:00+02:00,57513.0
2017-05-19 23:00:00+02:00,57384.0
2017-05-20 00:00:00+02:00,54585.0
2017-05-20 01:00:00+02:00,50415.0
2017-05-20 02:00:00+02:00,48760.0
2017-05-20 03:00:00+02:00,46470.0
2017-05-20 04:00:00+02:00,45884.0
2017-05-20 05:00:00+02:00,46023.0
2017-05-20 06:00:00+02:00,46736.0
2017-05-20 07:00:00+02:00,48887.0
2017-05-20 08:00:00+02:00,51377.0
2017-05-20 09:00:00+02:00,53812.0
2017-05-20 10:00:00+02:00,54920.0
2017-05-20 11:00:00+02:00,55098.0
2017-05-20 12:00:00+02:00,55288.0
2017-05-20 13:00:00+02:00,54564.0
2017-05-20 14:00:00+02:00,53908.0
2017-05-20 15:00:00+02:00,53141.0
2017-05-20 16:00:00+02:00,52651.0
2017-05-20 17:00:00+02:00,52631.0
2017-05-20 18:00:00+02:00,54400.0
2017-05-20 19:00:00+02:00,54892.0
2017-05-20 20:00:00+02:00,54175.0
2017-05-20 21:00:00+02:00,53643.0
2017-05-20 22:00:00+02:00,54051.0
2017-05-20 23:00:00+02:00,53626.0
2017-05-21 00:00:00+02:00,50160.0
2017-05-21 01:00:00+02:00,47923.0
2017-05-21 02:00:00+02:00,46499.0
2017-05-21 03:00:00+02:00,45040.0
2017-05-21 04:00:00+02:00,43883.0
2017-05-21 05:00:00+02:00,43123.0
2017-05-21 06:00:00+02:00,43437.0
2017-05-21 07:00:00+02:00,44364.0
2017-05-21 08:00:00+02:00,45833.0
2017-05-21 09:00:00+02:00,46892.0
2017-05-21 10:00:00+02:00,48226.0
2017-05-21 11:00:00+02:00,49516.0
2017-05-21 12:00:00+02:00,49860.0
2017-05-21 13:00:00+02:00,48998.0
2017-05-21 14:00:00+02:00,48244.0
2017-05-21 15:00:00+02:00,47802.0
2017-05-21 16:00:00+02:00,47779.0
2017-05-21 17:00:00+02:00,47973.0
2017-05-21 18:00:00+02:00,51227.0
2017-05-21 19:00:00+02:00,52519.0
2017-05-21 20:00:00+02:00,53233.0
2017-05-21 21:00:00+02:00,53279.0
2017-05-21 22:00:00+02:00,54441.0
2017-05-21 23:00:00+02:00,54205.0
2017-05-22 00:00:00+02:00,50185.0
2017-05-22 01:00:00+02:00,48728.0
2017-05-22 02:00:00+02:00,47997.0
2017-05-22 03:00:00+02:00,47484.0
2017-05-22 04:00:00+02:00,47685.0
2017-05-22 05:00:00+02:00,49048.0
2017-05-22 06:00:00+02:00,54534.0
2017-05-22 07:00:00+02:00,58949.0
2017-05-22 08:00:00+02:00,59895.0
2017-05-22 09:00:00+02:00,59772.0
2017-05-22 10:00:00+02:00,59897.0
2017-05-22 11:00:00+02:00,59886.0
2017-05-22 12:00:00+02:00,59318.0
2017-05-22 13:00:00+02:00,59271.0
2017-05-22 14:00:00+02:00,59526.0
2017-05-22 15:00:00+02:00,59107.0
2017-05-22 16:00:00+02:00,58513.0
2017-05-22 17:00:00+02:00,58281.0
2017-05-22 18:00:00+02:00,58934.0
2017-05-22 19:00:00+02:00,59015.0
2017-05-22 20:00:00+02:00,57746.0
2017-05-22 21:00:00+02:00,56493.0
2017-05-22 22:00:00+02:00,57160.0
2017-05-22 23:00:00+02:00,56401.0
2017-05-23 00:00:00+02:00,52555.0
2017-05-23 01:00:00+02:00,50076.0
2017-05-23 02:00:00+02:00,49128.0
2017-05-23 03:00:00+02:00,48687.0
2017-05-23 04:00:00+02:00,48862.0
2017-05-23 05:00:00+02:00,49945.0
2017-05-23 06:00:00+02:00,53385.0
2017-05-23 07:00:00+02:00,57408.0
2017-05-23 08:00:00+02:00,58957.0
2017-05-23 09:00:00+02:00,59665.0
2017-05-23 10:00:00+02:00,60518.0
2017-05-23 11:00:00+02:00,60981.0
2017-05-23 12:00:00+02:00,61107.0
2017-05-23 13:00:00+02:00,59194.0
2017-05-23 14:00:00+02:00,58359.0
2017-05-23 15:00:00+02:00,57370.0
2017-05-23 16:00:00+02:00,56812.0
2017-05-23 17:00:00+02:00,56964.0
2017-05-23 18:00:00+02:00,57911.0
2017-05-23 19:00:00+02:00,57439.0
2017-05-23 20:00:00+02:00,56200.0
2017-05-23 21:00:00+02:00,55699.0
2017-05-23 22:00:00+02:00,56106.0
2017-05-23 23:00:00+02:00,54593.0
2017-05-24 00:00:00+02:00,51322.0
2017-05-24 01:00:00+02:00,48866.0
2017-05-24 02:00:00+02:00,47793.0
2017-05-24 03:00:00+02:00,47365.0
2017-05-24 04:00:00+02:00,47325.0
2017-05-24 05:00:00+02:00,48283.0
2017-05-24 06:00:00+02:00,51391.0
2017-05-24 07:00:00+02:00,55319.0
2017-05-24 08:00:00+02:00,57998.0
2017-05-24 09:00:00+02:00,59286.0
2017-05-24 10:00:00+02:00,60106.0
2017-05-24 11:00:00+02:00,60242.0
2017-05-24 12:00:00+02:00,59854.0
2017-05-24 13:00:00+02:00,59451.0
2017-05-24 14:00:00+02:00,58514.0
2017-05-24 15:00:00+02:00,56290.0
2017-05-24 16:00:00+02:00,55981.0
2017-05-24 17:00:00+02:00,56564.0
2017-05-24 18:00:00+02:00,56802.0
2017-05-24 19:00:00+02:00,57078.0
2017-05-24 20:00:00+02:00,56027.0
2017-05-24 21:00:00+02:00,55391.0
2017-05-24 22:00:00+02:00,56856.0
2017-05-24 23:00:00+02:00,56276.0
2017-05-25 00:00:00+02:00,51625.0
2017-05-25 01:00:00+02:00,49027.0
2017-05-25 02:00:00+02:00,47750.0
2017-05-25 03:00:00+02:00,46866.0
2017-05-25 04:00:00+02:00,46311.0
2017-05-25 05:00:00+02:00,46066.0
2017-05-25 06:00:00+02:00,45980.0
2017-05-25 07:00:00+02:00,46527.0
2017-05-25 08:00:00+02:00,48076.0
2017-05-25 09:00:00+02:00,50024.0
2017-05-25 10:00:00+02:00,52011.0
2017-05-25 11:00:00+02:00,52985.0
2017-05-25 12:00:00+02:00,53783.0
2017-05-25 13:00:00+02:00,53588.0
2017-05-25 14:00:00+02:00,52591.0
2017-05-25 15:00:00+02:00,51715.0
2017-05-25 16:00:00+02:00,51204.0
2017-05-25 17:00:00+02:00,50488.0
2017-05-25 18:00:00+02:00,50495.0
2017-05-25 19:00:00+02:00,52081.0
2017-05-25 20:00:00+02:00,51984.0
2017-05-25 21:00:00+02:00,51729.0
2017-05-25 22:00:00+02:00,53070.0
2017-05-25 23:00:00+02:00,53076.0
2017-05-26 00:00:00+02:00,49952.0
2017-05-26 01:00:00+02:00,47617.0
2017-05-26 02:00:00+02:00,46826.0
2017-05-26 03:00:00+02:00,46540.0
2017-05-26 04:00:00+02:00,45978.0
2017-05-26 05:00:00+02:00,46188.0
2017-05-26 06:00:00+02:00,49614.0
2017-05-26 07:00:00+02:00,52299.0
2017-05-26 08:00:00+02:00,54566.0
2017-05-26 09:00:00+02:00,56485.0
2017-05-26 10:00:00+02:00,57649.0
2017-05-26 11:00:00+02:00,58062.0
2017-05-26 12:00:00+02:00,57371.0
2017-05-26 13:00:00+02:00,57382.0
2017-05-26 14:00:00+02:00,56753.0
2017-05-26 15:00:00+02:00,56183.0
2017-05-26 16:00:00+02:00,55437.0
2017-05-26 17:00:00+02:00,55953.0
2017-05-26 18:00:00+02:00,56536.0
2017-05-26 19:00:00+02:00,55776.0
2017-05-26 20:00:00+02:00,54693.0
2017-05-26 21:00:00+02:00,54502.0
2017-05-26 22:00:00+02:00,55547.0
2017-05-26 23:00:00+02:00,54413.0
2017-05-27 00:00:00+02:00,49941.0
2017-05-27 01:00:00+02:00,48039.0
2017-05-27 02:00:00+02:00,46625.0
2017-05-27 03:00:00+02:00,45171.0
2017-05-27 04:00:00+02:00,44415.0
2017-05-27 05:00:00+02:00,44033.0
2017-05-27 06:00:00+02:00,43829.0
2017-05-27 07:00:00+02:00,44693.0
2017-05-27 08:00:00+02:00,46252.0
2017-05-27 09:00:00+02:00,48005.0
2017-05-27 10:00:00+02:00,48647.0
2017-05-27 11:00:00+02:00,49054.0
2017-05-27 12:00:00+02:00,49890.0
2017-05-27 13:00:00+02:00,48776.0
2017-05-27 14:00:00+02:00,47675.0
2017-05-27 15:00:00+02:00,47563.0
2017-05-27 16:00:00+02:00,47242.0
2017-05-27 17:00:00+02:00,47772.0
2017-05-27 18:00:00+02:00,49547.0
2017-05-27 19:00:00+02:00,49573.0
2017-05-27 20:00:00+02:00,48981.0
2017-05-27 21:00:00+02:00,48346.0
2017-05-27 22:00:00+02:00,49079.0
2017-05-27 23:00:00+02:00,49152.0
2017-05-28 00:00:00+02:00,47311.0
2017-05-28 01:00:00+02:00,44772.0
2017-05-28 02:00:00+02:00,43690.0
2017-05-28 03:00:00+02:00,42501.0
2017-05-28 04:00:00+02:00,42230.0
2017-05-28 05:00:00+02:00,41118.0
2017-05-28 06:00:00+02:00,41253.0
2017-05-28 07:00:00+02:00,42075.0
2017-05-28 08:00:00+02:00,43729.0
2017-05-28 09:00:00+02:00,45934.0
2017-05-28 10:00:00+02:00,47412.0
2017-05-28 11:00:00+02:00,47901.0
2017-05-28 12:00:00+02:00,49780.0
2017-05-28 13:00:00+02:00,48917.0
2017-05-28 14:00:00+02:00,48112.0
2017-05-28 15:00:00+02:00,47654.0
2017-05-28 16:00:00+02:00,47191.0
2017-05-28 17:00:00+02:00,47811.0
2017-05-28 18:00:00+02:00,50247.0
2017-05-28 19:00:00+02:00,50686.0
2017-05-28 20:00:00+02:00,50504.0
2017-05-28 21:00:00+02:00,50821.0
2017-05-28 22:00:00+02:00,52277.0
2017-05-28 23:00:00+02:00,52039.0
2017-05-29 00:00:00+02:00,49589.0
2017-05-29 01:00:00+02:00,47969.0
2017-05-29 02:00:00+02:00,47374.0
2017-05-29 03:00:00+02:00,47012.0
2017-05-29 04:00:00+02:00,47562.0
2017-05-29 05:00:00+02:00,48715.0
2017-05-29 06:00:00+02:00,52534.0
2017-05-29 07:00:00+02:00,54858.0
2017-05-29 08:00:00+02:00,56177.0
2017-05-29 09:00:00+02:00,57225.0
2017-05-29 10:00:00+02:00,57949.0
2017-05-29 11:00:00+02:00,58450.0
2017-05-29 12:00:00+02:00,58611.0
2017-05-29 13:00:00+02:00,58192.0
2017-05-29 14:00:00+02:00,57888.0
2017-05-29 15:00:00+02:00,57443.0
2017-05-29 16:00:00+02:00,57400.0
2017-05-29 17:00:00+02:00,57808.0
2017-05-29 18:00:00+02:00,57976.0
2017-05-29 19:00:00+02:00,57551.0
2017-05-29 20:00:00+02:00,56695.0
2017-05-29 21:00:00+02:00,55656.0
2017-05-29 22:00:00+02:00,56338.0
2017-05-29 23:00:00+02:00,54387.0
2017-05-30 00:00:00+02:00,51273.0
2017-05-30 01:00:00+02:00,49900.0
2017-05-30 02:00:00+02:00,48819.0
2017-05-30 03:00:00+02:00,48301.0
2017-05-30 04:00:00+02:00,48385.0
2017-05-30 05:00:00+02:00,48914.0
2017-05-30 06:00:00+02:00,50900.0
2017-05-30 07:00:00+02:00,53863.0
2017-05-30 08:00:00+02:00,54668.0
2017-05-30 09:00:00+02:00,55450.0
2017-05-30 10:00:00+02:00,56231.0
2017-05-30 11:00:00+02:00,56603.0
2017-05-30 12:00:00+02:00,57003.0
2017-05-30 13:00:00+02:00,57616.0
2017-05-30 14:00:00+02:00,56308.0
2017-05-30 15:00:00+02:00,55418.0
2017-05-30 16:00:00+02:00,54385.0
2017-05-30 17:00:00+02:00,54691.0
2017-05-30 18:00:00+02:00,54622.0
2017-05-30 19:00:00+02:00,53782.0
2017-05-30 20:00:00+02:00,52930.0
2017-05-30 21:00:00+02:00,52160.0
2017-05-30 22:00:00+02:00,52926.0
2017-05-30 23:00:00+02:00,52691.0
2017-05-31 00:00:00+02:00,50151.0
2017-05-31 01:00:00+02:00,48567.0
2017-05-31 02:00:00+02:00,48073.0
2017-05-31 03:00:00+02:00,47686.0
2017-05-31 04:00:00+02:00,47499.0
2017-05-31 05:00:00+02:00,48175.0
2017-05-31 06:00:00+02:00,49903.0
2017-05-31 07:00:00+02:00,52824.0
2017-05-31 08:00:00+02:00,54350.0
2017-05-31 09:00:00+02:00,55796.0
2017-05-31 10:00:00+02:00,56835.0
2017-05-31 11:00:00+02:00,57418.0
2017-05-31 12:00:00+02:00,58157.0
2017-05-31 13:00:00+02:00,57654.0
2017-05-31 14:00:00+02:00,56965.0
2017-05-31 15:00:00+02:00,56222.0
2017-05-31 16:00:00+02:00,55230.0
2017-05-31 17:00:00+02:00,54978.0
2017-05-31 18:00:00+02:00,55177.0
2017-05-31 19:00:00+02:00,54814.0
2017-05-31 20:00:00+02:00,53875.0
2017-05-31 21:00:00+02:00,53182.0
2017-05-31 22:00:00+02:00,54061.0
2017-05-31 23:00:00+02:00,53337.0
2017-06-01 00:00:00+02:00,50895.0
2017-06-01 01:00:00+02:00,49327.0
2017-06-01 02:00:00+02:00,48530.0
2017-06-01 03:00:00+02:00,47032.0
2017-06-01 04:00:00+02:00,46930.0
2017-06-01 05:00:00+02:00,48698.0
2017-06-01 06:00:00+02:00,50573.0
2017-06-01 07:00:00+02:00,54204.0
2017-06-01 08:00:00+02:00,55221.0
2017-06-01 09:00:00+02:00,56620.0
2017-06-01 10:00:00+02:00,57698.0
2017-06-01 11:00:00+02:00,58312.0
2017-06-01 12:00:00+02:00,59062.0
2017-06-01 13:00:00+02:00,57982.0
2017-06-01 14:00:00+02:00,56821.0
2017-06-01 15:00:00+02:00,55739.0
2017-06-01 16:00:00+02:00,56179.0
2017-06-01 17:00:00+02:00,56145.0
2017-06-01 18:00:00+02:00,56267.0
2017-06-01 19:00:00+02:00,56031.0
2017-06-01 20:00:00+02:00,54617.0
2017-06-01 21:00:00+02:00,53566.0
2017-06-01 22:00:00+02:00,54314.0
2017-06-01 23:00:00+02:00,54434.0
2017-06-02 00:00:00+02:00,50775.0
2017-06-02 01:00:00+02:00,48717.0
2017-06-02 02:00:00+02:00,48442.0
2017-06-02 03:00:00+02:00,47894.0
2017-06-02 04:00:00+02:00,47667.0
2017-06-02 05:00:00+02:00,48738.0
2017-06-02 06:00:00+02:00,51744.0
2017-06-02 07:00:00+02:00,55266.0
2017-06-02 08:00:00+02:00,56972.0
2017-06-02 09:00:00+02:00,58213.0
2017-06-02 10:00:00+02:00,58483.0
2017-06-02 11:00:00+02:00,58872.0
2017-06-02 12:00:00+02:00,58193.0
2017-06-02 13:00:00+02:00,56859.0
2017-06-02 14:00:00+02:00,56355.0
2017-06-02 15:00:00+02:00,55836.0
2017-06-02 16:00:00+02:00,55556.0
2017-06-02 17:00:00+02:00,56611.0
2017-06-02 18:00:00+02:00,57342.0
2017-06-02 19:00:00+02:00,57435.0
2017-06-02 20:00:00+02:00,55501.0
2017-06-02 21:00:00+02:00,54541.0
2017-06-02 22:00:00+02:00,55382.0
2017-06-02 23:00:00+02:00,54441.0
2017-06-03 00:00:00+02:00,50444.0
2017-06-03 01:00:00+02:00,47264.0
2017-06-03 02:00:00+02:00,45968.0
2017-06-03 03:00:00+02:00,44674.0
2017-06-03 04:00:00+02:00,44040.0
2017-06-03 05:00:00+02:00,44092.0
2017-06-03 06:00:00+02:00,44585.0
2017-06-03 07:00:00+02:00,46343.0
2017-06-03 08:00:00+02:00,48315.0
2017-06-03 09:00:00+02:00,51192.0
2017-06-03 10:00:00+02:00,52381.0
2017-06-03 11:00:00+02:00,53027.0
2017-06-03 12:00:00+02:00,52772.0
2017-06-03 13:00:00+02:00,50620.0
2017-06-03 14:00:00+02:00,49268.0
2017-06-03 15:00:00+02:00,49039.0
2017-06-03 16:00:00+02:00,48839.0
2017-06-03 17:00:00+02:00,50725.0
2017-06-03 18:00:00+02:00,51423.0
2017-06-03 19:00:00+02:00,52282.0
2017-06-03 20:00:00+02:00,51635.0
2017-06-03 21:00:00+02:00,50728.0
2017-06-03 22:00:00+02:00,51977.0
2017-06-03 23:00:00+02:00,51291.0
2017-06-04 00:00:00+02:00,50096.0
2017-06-04 01:00:00+02:00,47341.0
2017-06-04 02:00:00+02:00,45516.0
2017-06-04 03:00:00+02:00,43577.0
2017-06-04 04:00:00+02:00,43228.0
2017-06-04 05:00:00+02:00,42000.0
2017-06-04 06:00:00+02:00,41918.0
2017-06-04 07:00:00+02:00,42474.0
2017-06-04 08:00:00+02:00,44115.0
2017-06-04 09:00:00+02:00,46234.0
2017-06-04 10:00:00+02:00,47344.0
2017-06-04 11:00:00+02:00,47769.0
2017-06-04 12:00:00+02:00,47887.0
2017-06-04 13:00:00+02:00,45492.0
2017-06-04 14:00:00+02:00,43800.0
2017-06-04 15:00:00+02:00,43131.0
2017-06-04 16:00:00+02:00,43925.0
2017-06-04 17:00:00+02:00,44586.0
2017-06-04 18:00:00+02:00,46470.0
2017-06-04 19:00:00+02:00,47561.0
2017-06-04 20:00:00+02:00,48089.0
2017-06-04 21:00:00+02:00,47924.0
2017-06-04 22:00:00+02:00,48159.0
2017-06-04 23:00:00+02:00,49208.0
2017-06-05 00:00:00+02:00,46292.0
2017-06-05 01:00:00+02:00,43848.0
2017-06-05 02:00:00+02:00,43162.0
2017-06-05 03:00:00+02:00,43039.0
2017-06-05 04:00:00+02:00,42937.0
2017-06-05 05:00:00+02:00,42694.0
2017-06-05 06:00:00+02:00,43126.0
2017-06-05 07:00:00+02:00,44225.0
2017-06-05 08:00:00+02:00,45864.0
2017-06-05 09:00:00+02:00,47990.0
2017-06-05 10:00:00+02:00,49922.0
2017-06-05 11:00:00+02:00,50583.0
2017-06-05 12:00:00+02:00,51297.0
2017-06-05 13:00:00+02:00,50751.0
2017-06-05 14:00:00+02:00,50084.0
2017-06-05 15:00:00+02:00,49738.0
2017-06-05 16:00:00+02:00,49380.0
2017-06-05 17:00:00+02:00,51243.0
2017-06-05 18:00:00+02:00,52755.0
2017-06-05 19:00:00+02:00,53186.0
2017-06-05 20:00:00+02:00,52964.0
2017-06-05 21:00:00+02:00,52881.0
2017-06-05 22:00:00+02:00,54383.0
2017-06-05 23:00:00+02:00,53474.0
2017-06-06 00:00:00+02:00,51822.0
2017-06-06 01:00:00+02:00,50166.0
2017-06-06 02:00:00+02:00,49681.0
2017-06-06 03:00:00+02:00,48679.0
2017-06-06 04:00:00+02:00,49301.0
2017-06-06 05:00:00+02:00,51346.0
2017-06-06 06:00:00+02:00,54869.0
2017-06-06 07:00:00+02:00,59499.0
2017-06-06 08:00:00+02:00,62739.0
2017-06-06 09:00:00+02:00,64741.0
2017-06-06 10:00:00+02:00,66033.0
2017-06-06 11:00:00+02:00,66500.0
2017-06-06 12:00:00+02:00,66100.0
2017-06-06 13:00:00+02:00,65637.0
2017-06-06 14:00:00+02:00,64660.0
2017-06-06 15:00:00+02:00,63904.0
2017-06-06 16:00:00+02:00,62365.0
2017-06-06 17:00:00+02:00,62631.0
2017-06-06 18:00:00+02:00,61547.0
2017-06-06 19:00:00+02:00,60264.0
2017-06-06 20:00:00+02:00,58965.0
2017-06-06 21:00:00+02:00,57531.0
2017-06-06 22:00:00+02:00,58386.0
2017-06-06 23:00:00+02:00,57982.0
2017-06-07 00:00:00+02:00,52086.0
2017-06-07 01:00:00+02:00,50856.0
2017-06-07 02:00:00+02:00,49514.0
2017-06-07 03:00:00+02:00,48614.0
2017-06-07 04:00:00+02:00,48661.0
2017-06-07 05:00:00+02:00,50108.0
2017-06-07 06:00:00+02:00,53233.0
2017-06-07 07:00:00+02:00,56684.0
2017-06-07 08:00:00+02:00,59560.0
2017-06-07 09:00:00+02:00,61525.0
2017-06-07 10:00:00+02:00,63147.0
2017-06-07 11:00:00+02:00,63384.0
2017-06-07 12:00:00+02:00,63457.0
2017-06-07 13:00:00+02:00,63014.0
2017-06-07 14:00:00+02:00,61629.0
2017-06-07 15:00:00+02:00,59880.0
2017-06-07 16:00:00+02:00,58710.0
2017-06-07 17:00:00+02:00,58304.0
2017-06-07 18:00:00+02:00,57678.0
2017-06-07 19:00:00+02:00,56672.0
2017-06-07 20:00:00+02:00,54991.0
2017-06-07 21:00:00+02:00,53704.0
2017-06-07 22:00:00+02:00,54600.0
2017-06-07 23:00:00+02:00,54145.0
2017-06-08 00:00:00+02:00,51733.0
2017-06-08 01:00:00+02:00,48804.0
2017-06-08 02:00:00+02:00,47946.0
2017-06-08 03:00:00+02:00,47925.0
2017-06-08 04:00:00+02:00,48025.0
2017-06-08 05:00:00+02:00,49465.0
2017-06-08 06:00:00+02:00,53564.0
2017-06-08 07:00:00+02:00,56543.0
2017-06-08 08:00:00+02:00,59343.0
2017-06-08 09:00:00+02:00,60667.0
2017-06-08 10:00:00+02:00,61392.0
2017-06-08 11:00:00+02:00,61976.0
2017-06-08 12:00:00+02:00,62139.0
2017-06-08 13:00:00+02:00,62094.0
2017-06-08 14:00:00+02:00,61991.0
2017-06-08 15:00:00+02:00,61934.0
2017-06-08 16:00:00+02:00,61229.0
2017-06-08 17:00:00+02:00,61696.0
2017-06-08 18:00:00+02:00,61686.0
2017-06-08 19:00:00+02:00,61447.0
2017-06-08 20:00:00+02:00,59986.0
2017-06-08 21:00:00+02:00,59392.0
2017-06-08 22:00:00+02:00,59498.0
2017-06-08 23:00:00+02:00,58633.0
2017-06-09 00:00:00+02:00,54767.0
2017-06-09 01:00:00+02:00,52714.0
2017-06-09 02:00:00+02:00,52058.0
2017-06-09 03:00:00+02:00,51030.0
2017-06-09 04:00:00+02:00,50774.0
2017-06-09 05:00:00+02:00,51834.0
2017-06-09 06:00:00+02:00,54785.0
2017-06-09 07:00:00+02:00,57792.0
2017-06-09 08:00:00+02:00,59416.0
2017-06-09 09:00:00+02:00,60865.0
2017-06-09 10:00:00+02:00,61939.0
2017-06-09 11:00:00+02:00,62739.0
2017-06-09 12:00:00+02:00,62522.0
2017-06-09 13:00:00+02:00,61450.0
2017-06-09 14:00:00+02:00,60594.0
2017-06-09 15:00:00+02:00,59381.0
2017-06-09 16:00:00+02:00,58370.0
2017-06-09 17:00:00+02:00,58016.0
2017-06-09 18:00:00+02:00,57468.0
2017-06-09 19:00:00+02:00,56107.0
2017-06-09 20:00:00+02:00,55110.0
2017-06-09 21:00:00+02:00,54376.0
2017-06-09 22:00:00+02:00,54987.0
2017-06-09 23:00:00+02:00,54255.0
2017-06-10 00:00:00+02:00,49168.0
2017-06-10 01:00:00+02:00,47153.0
2017-06-10 02:00:00+02:00,45643.0
2017-06-10 03:00:00+02:00,44313.0
2017-06-10 04:00:00+02:00,44206.0
2017-06-10 05:00:00+02:00,44201.0
2017-06-10 06:00:00+02:00,44517.0
2017-06-10 07:00:00+02:00,45840.0
2017-06-10 08:00:00+02:00,48232.0
2017-06-10 09:00:00+02:00,50161.0
2017-06-10 10:00:00+02:00,50548.0
2017-06-10 11:00:00+02:00,51036.0
2017-06-10 12:00:00+02:00,51612.0
2017-06-10 13:00:00+02:00,51328.0
2017-06-10 14:00:00+02:00,50867.0
2017-06-10 15:00:00+02:00,50520.0
2017-06-10 16:00:00+02:00,50233.0
2017-06-10 17:00:00+02:00,51112.0
2017-06-10 18:00:00+02:00,51702.0
2017-06-10 19:00:00+02:00,51481.0
2017-06-10 20:00:00+02:00,50449.0
2017-06-10 21:00:00+02:00,49689.0
2017-06-10 22:00:00+02:00,51271.0
2017-06-10 23:00:00+02:00,51683.0
2017-06-11 00:00:00+02:00,47202.0
2017-06-11 01:00:00+02:00,44836.0
2017-06-11 02:00:00+02:00,42650.0
2017-06-11 03:00:00+02:00,42079.0
2017-06-11 04:00:00+02:00,39773.0
2017-06-11 05:00:00+02:00,39009.0
2017-06-11 06:00:00+02:00,38931.0
2017-06-11 07:00:00+02:00,40694.0
2017-06-11 08:00:00+02:00,42911.0
2017-06-11 09:00:00+02:00,44165.0
2017-06-11 10:00:00+02:00,45677.0
2017-06-11 11:00:00+02:00,46874.0
2017-06-11 12:00:00+02:00,49134.0
2017-06-11 13:00:00+02:00,48107.0
2017-06-11 14:00:00+02:00,44839.0
2017-06-11 15:00:00+02:00,44739.0
2017-06-11 16:00:00+02:00,45812.0
2017-06-11 17:00:00+02:00,46973.0
2017-06-11 18:00:00+02:00,47915.0
2017-06-11 19:00:00+02:00,48829.0
2017-06-11 20:00:00+02:00,48548.0
2017-06-11 21:00:00+02:00,48426.0
2017-06-11 22:00:00+02:00,49379.0
2017-06-11 23:00:00+02:00,50218.0
2017-06-12 00:00:00+02:00,47900.0
2017-06-12 01:00:00+02:00,46026.0
2017-06-12 02:00:00+02:00,45516.0
2017-06-12 03:00:00+02:00,44723.0
2017-06-12 04:00:00+02:00,44505.0
2017-06-12 05:00:00+02:00,45214.0
2017-06-12 06:00:00+02:00,48603.0
2017-06-12 07:00:00+02:00,51963.0
2017-06-12 08:00:00+02:00,53803.0
2017-06-12 09:00:00+02:00,55802.0
2017-06-12 10:00:00+02:00,57137.0
2017-06-12 11:00:00+02:00,58379.0
2017-06-12 12:00:00+02:00,58796.0
2017-06-12 13:00:00+02:00,58473.0
2017-06-12 14:00:00+02:00,57711.0
2017-06-12 15:00:00+02:00,57251.0
2017-06-12 16:00:00+02:00,55907.0
2017-06-12 17:00:00+02:00,54739.0
2017-06-12 18:00:00+02:00,53918.0
2017-06-12 19:00:00+02:00,52797.0
2017-06-12 20:00:00+02:00,51302.0
2017-06-12 21:00:00+02:00,50848.0
2017-06-12 22:00:00+02:00,52878.0
2017-06-12 23:00:00+02:00,52905.0
2017-06-13 00:00:00+02:00,49871.0
2017-06-13 01:00:00+02:00,46762.0
2017-06-13 02:00:00+02:00,45951.0
2017-06-13 03:00:00+02:00,45730.0
2017-06-13 04:00:00+02:00,45429.0
2017-06-13 05:00:00+02:00,46311.0
2017-06-13 06:00:00+02:00,49219.0
2017-06-13 07:00:00+02:00,52335.0
2017-06-13 08:00:00+02:00,54069.0
2017-06-13 09:00:00+02:00,56330.0
2017-06-13 10:00:00+02:00,57235.0
2017-06-13 11:00:00+02:00,57881.0
2017-06-13 12:00:00+02:00,58042.0
2017-06-13 13:00:00+02:00,57347.0
2017-06-13 14:00:00+02:00,56905.0
2017-06-13 15:00:00+02:00,55828.0
2017-06-13 16:00:00+02:00,54951.0
2017-06-13 17:00:00+02:00,54593.0
2017-06-13 18:00:00+02:00,55183.0
2017-06-13 19:00:00+02:00,54797.0
2017-06-13 20:00:00+02:00,54272.0
2017-06-13 21:00:00+02:00,54072.0
2017-06-13 22:00:00+02:00,55343.0
2017-06-13 23:00:00+02:00,55004.0
2017-06-14 00:00:00+02:00,52307.0
2017-06-14 01:00:00+02:00,50780.0
2017-06-14 02:00:00+02:00,50036.0
2017-06-14 03:00:00+02:00,49413.0
2017-06-14 04:00:00+02:00,49149.0
2017-06-14 05:00:00+02:00,49420.0
2017-06-14 06:00:00+02:00,52899.0
2017-06-14 07:00:00+02:00,55517.0
2017-06-14 08:00:00+02:00,57095.0
2017-06-14 09:00:00+02:00,58491.0
2017-06-14 10:00:00+02:00,59152.0
2017-06-14 11:00:00+02:00,59402.0
2017-06-14 12:00:00+02:00,59658.0
2017-06-14 13:00:00+02:00,58414.0
2017-06-14 14:00:00+02:00,58142.0
2017-06-14 15:00:00+02:00,57982.0
2017-06-14 16:00:00+02:00,57652.0
2017-06-14 17:00:00+02:00,57193.0
2017-06-14 18:00:00+02:00,56671.0
2017-06-14 19:00:00+02:00,55956.0
2017-06-14 20:00:00+02:00,54970.0
2017-06-14 21:00:00+02:00,54975.0
2017-06-14 22:00:00+02:00,55545.0
2017-06-14 23:00:00+02:00,54958.0
2017-06-15 00:00:00+02:00,51083.0
2017-06-15 01:00:00+02:00,48463.0
2017-06-15 02:00:00+02:00,47432.0
2017-06-15 03:00:00+02:00,46750.0
2017-06-15 04:00:00+02:00,46254.0
2017-06-15 05:00:00+02:00,46617.0
2017-06-15 06:00:00+02:00,48676.0
2017-06-15 07:00:00+02:00,51388.0
2017-06-15 08:00:00+02:00,54474.0
2017-06-15 09:00:00+02:00,55772.0
2017-06-15 10:00:00+02:00,58364.0
2017-06-15 11:00:00+02:00,58257.0
2017-06-15 12:00:00+02:00,58006.0
2017-06-15 13:00:00+02:00,57040.0
2017-06-15 14:00:00+02:00,56849.0
2017-06-15 15:00:00+02:00,56963.0
2017-06-15 16:00:00+02:00,56769.0
2017-06-15 17:00:00+02:00,56817.0
2017-06-15 18:00:00+02:00,57288.0
2017-06-15 19:00:00+02:00,56810.0
2017-06-15 20:00:00+02:00,54685.0
2017-06-15 21:00:00+02:00,53093.0
2017-06-15 22:00:00+02:00,54355.0
2017-06-15 23:00:00+02:00,54252.0
2017-06-16 00:00:00+02:00,50871.0
2017-06-16 01:00:00+02:00,48239.0
2017-06-16 02:00:00+02:00,47342.0
2017-06-16 03:00:00+02:00,47171.0
2017-06-16 04:00:00+02:00,46705.0
2017-06-16 05:00:00+02:00,47037.0
2017-06-16 06:00:00+02:00,50152.0
2017-06-16 07:00:00+02:00,53137.0
2017-06-16 08:00:00+02:00,54825.0
2017-06-16 09:00:00+02:00,57593.0
2017-06-16 10:00:00+02:00,59249.0
2017-06-16 11:00:00+02:00,60043.0
2017-06-16 12:00:00+02:00,60293.0
2017-06-16 13:00:00+02:00,59293.0
2017-06-16 14:00:00+02:00,58547.0
2017-06-16 15:00:00+02:00,58072.0
2017-06-16 16:00:00+02:00,57550.0
2017-06-16 17:00:00+02:00,57169.0
2017-06-16 18:00:00+02:00,56265.0
2017-06-16 19:00:00+02:00,55116.0
2017-06-16 20:00:00+02:00,53903.0
2017-06-16 21:00:00+02:00,52902.0
2017-06-16 22:00:00+02:00,53974.0
2017-06-16 23:00:00+02:00,53862.0
2017-06-17 00:00:00+02:00,49423.0
2017-06-17 01:00:00+02:00,46427.0
2017-06-17 02:00:00+02:00,45405.0
2017-06-17 03:00:00+02:00,42688.0
2017-06-17 04:00:00+02:00,42335.0
2017-06-17 05:00:00+02:00,42362.0
2017-06-17 06:00:00+02:00,42925.0
2017-06-17 07:00:00+02:00,43840.0
2017-06-17 08:00:00+02:00,45896.0
2017-06-17 09:00:00+02:00,48935.0
2017-06-17 10:00:00+02:00,51192.0
2017-06-17 11:00:00+02:00,52033.0
2017-06-17 12:00:00+02:00,52558.0
2017-06-17 13:00:00+02:00,50650.0
2017-06-17 14:00:00+02:00,49790.0
2017-06-17 15:00:00+02:00,49467.0
2017-06-17 16:00:00+02:00,49331.0
2017-06-17 17:00:00+02:00,50653.0
2017-06-17 18:00:00+02:00,51557.0
2017-06-17 19:00:00+02:00,51126.0
2017-06-17 20:00:00+02:00,50457.0
2017-06-17 21:00:00+02:00,49269.0
2017-06-17 22:00:00+02:00,50808.0
2017-06-17 23:00:00+02:00,51288.0
2017-06-18 00:00:00+02:00,48284.0
2017-06-18 01:00:00+02:00,47081.0
2017-06-18 02:00:00+02:00,46152.0
2017-06-18 03:00:00+02:00,44933.0
2017-06-18 04:00:00+02:00,44028.0
2017-06-18 05:00:00+02:00,43370.0
2017-06-18 06:00:00+02:00,43165.0
2017-06-18 07:00:00+02:00,43421.0
2017-06-18 08:00:00+02:00,44812.0
2017-06-18 09:00:00+02:00,46466.0
2017-06-18 10:00:00+02:00,47876.0
2017-06-18 11:00:00+02:00,49240.0
2017-06-18 12:00:00+02:00,50902.0
2017-06-18 13:00:00+02:00,49723.0
2017-06-18 14:00:00+02:00,49423.0
2017-06-18 15:00:00+02:00,49185.0
2017-06-18 16:00:00+02:00,48679.0
2017-06-18 17:00:00+02:00,49535.0
2017-06-18 18:00:00+02:00,51059.0
2017-06-18 19:00:00+02:00,50591.0
2017-06-18 20:00:00+02:00,50441.0
2017-06-18 21:00:00+02:00,50386.0
2017-06-18 22:00:00+02:00,51150.0
2017-06-18 23:00:00+02:00,50865.0
2017-06-19 00:00:00+02:00,48769.0
2017-06-19 01:00:00+02:00,47216.0
2017-06-19 02:00:00+02:00,46542.0
2017-06-19 03:00:00+02:00,46078.0
2017-06-19 04:00:00+02:00,46483.0
2017-06-19 05:00:00+02:00,48060.0
2017-06-19 06:00:00+02:00,51023.0
2017-06-19 07:00:00+02:00,55329.0
2017-06-19 08:00:00+02:00,56655.0
2017-06-19 09:00:00+02:00,57434.0
2017-06-19 10:00:00+02:00,58195.0
2017-06-19 11:00:00+02:00,58779.0
2017-06-19 12:00:00+02:00,60058.0
2017-06-19 13:00:00+02:00,60156.0
2017-06-19 14:00:00+02:00,59638.0
2017-06-19 15:00:00+02:00,58458.0
2017-06-19 16:00:00+02:00,58284.0
2017-06-19 17:00:00+02:00,58523.0
2017-06-19 18:00:00+02:00,58787.0
2017-06-19 19:00:00+02:00,58793.0
2017-06-19 20:00:00+02:00,57250.0
2017-06-19 21:00:00+02:00,56339.0
2017-06-19 22:00:00+02:00,56303.0
2017-06-19 23:00:00+02:00,54725.0
2017-06-20 00:00:00+02:00,51546.0
2017-06-20 01:00:00+02:00,49073.0
2017-06-20 02:00:00+02:00,48132.0
2017-06-20 03:00:00+02:00,47804.0
2017-06-20 04:00:00+02:00,47764.0
2017-06-20 05:00:00+02:00,48076.0
2017-06-20 06:00:00+02:00,51245.0
2017-06-20 07:00:00+02:00,54804.0
2017-06-20 08:00:00+02:00,57143.0
2017-06-20 09:00:00+02:00,58483.0
2017-06-20 10:00:00+02:00,59656.0
2017-06-20 11:00:00+02:00,60698.0
2017-06-20 12:00:00+02:00,60627.0
2017-06-20 13:00:00+02:00,60578.0
2017-06-20 14:00:00+02:00,59665.0
2017-06-20 15:00:00+02:00,58935.0
2017-06-20 16:00:00+02:00,58381.0
2017-06-20 17:00:00+02:00,58362.0
2017-06-20 18:00:00+02:00,58370.0
2017-06-20 19:00:00+02:00,57652.0
2017-06-20 20:00:00+02:00,55295.0
2017-06-20 21:00:00+02:00,54117.0
2017-06-20 22:00:00+02:00,55263.0
2017-06-20 23:00:00+02:00,54451.0
2017-06-21 00:00:00+02:00,51379.0
2017-06-21 01:00:00+02:00,50132.0
2017-06-21 02:00:00+02:00,48914.0
2017-06-21 03:00:00+02:00,48599.0
2017-06-21 04:00:00+02:00,48553.0
2017-06-21 05:00:00+02:00,49705.0
2017-06-21 06:00:00+02:00,51147.0
2017-06-21 07:00:00+02:00,53690.0
2017-06-21 08:00:00+02:00,56320.0
2017-06-21 09:00:00+02:00,58003.0
2017-06-21 10:00:00+02:00,59937.0
2017-06-21 11:00:00+02:00,60587.0
2017-06-21 12:00:00+02:00,60766.0
2017-06-21 13:00:00+02:00,60368.0
2017-06-21 14:00:00+02:00,59585.0
2017-06-21 15:00:00+02:00,59282.0
2017-06-21 16:00:00+02:00,58664.0
2017-06-21 17:00:00+02:00,57992.0
2017-06-21 18:00:00+02:00,58604.0
2017-06-21 19:00:00+02:00,57887.0
2017-06-21 20:00:00+02:00,55989.0
2017-06-21 21:00:00+02:00,55033.0
2017-06-21 22:00:00+02:00,55173.0
2017-06-21 23:00:00+02:00,54894.0
2017-06-22 00:00:00+02:00,51542.0
2017-06-22 01:00:00+02:00,48963.0
2017-06-22 02:00:00+02:00,47566.0
2017-06-22 03:00:00+02:00,46649.0
2017-06-22 04:00:00+02:00,46571.0
2017-06-22 05:00:00+02:00,47500.0
2017-06-22 06:00:00+02:00,49940.0
2017-06-22 07:00:00+02:00,53242.0
2017-06-22 08:00:00+02:00,56149.0
2017-06-22 09:00:00+02:00,59242.0
2017-06-22 10:00:00+02:00,60660.0
2017-06-22 11:00:00+02:00,61205.0
2017-06-22 12:00:00+02:00,61607.0
2017-06-22 13:00:00+02:00,61195.0
2017-06-22 14:00:00+02:00,60158.0
2017-06-22 15:00:00+02:00,59618.0
2017-06-22 16:00:00+02:00,58863.0
2017-06-22 17:00:00+02:00,58196.0
2017-06-22 18:00:00+02:00,57612.0
2017-06-22 19:00:00+02:00,57227.0
2017-06-22 20:00:00+02:00,55728.0
2017-06-22 21:00:00+02:00,55064.0
2017-06-22 22:00:00+02:00,56412.0
2017-06-22 23:00:00+02:00,55974.0
2017-06-23 00:00:00+02:00,51369.0
2017-06-23 01:00:00+02:00,48841.0
2017-06-23 02:00:00+02:00,47764.0
2017-06-23 03:00:00+02:00,46656.0
2017-06-23 04:00:00+02:00,46343.0
2017-06-23 05:00:00+02:00,47383.0
2017-06-23 06:00:00+02:00,49095.0
2017-06-23 07:00:00+02:00,52915.0
2017-06-23 08:00:00+02:00,55759.0
2017-06-23 09:00:00+02:00,58652.0
2017-06-23 10:00:00+02:00,60069.0
2017-06-23 11:00:00+02:00,60593.0
2017-06-23 12:00:00+02:00,60446.0
2017-06-23 13:00:00+02:00,60048.0
2017-06-23 14:00:00+02:00,59351.0
2017-06-23 15:00:00+02:00,58442.0
2017-06-23 16:00:00+02:00,57056.0
2017-06-23 17:00:00+02:00,56563.0
2017-06-23 18:00:00+02:00,56735.0
2017-06-23 19:00:00+02:00,56555.0
2017-06-23 20:00:00+02:00,55235.0
2017-06-23 21:00:00+02:00,54359.0
2017-06-23 22:00:00+02:00,54488.0
2017-06-23 23:00:00+02:00,54673.0
2017-06-24 00:00:00+02:00,50527.0
2017-06-24 01:00:00+02:00,48267.0
2017-06-24 02:00:00+02:00,46814.0
2017-06-24 03:00:00+02:00,44566.0
2017-06-24 04:00:00+02:00,43726.0
2017-06-24 05:00:00+02:00,43599.0
2017-06-24 06:00:00+02:00,43736.0
2017-06-24 07:00:00+02:00,45707.0
2017-06-24 08:00:00+02:00,47721.0
2017-06-24 09:00:00+02:00,49728.0
2017-06-24 10:00:00+02:00,52473.0
2017-06-24 11:00:00+02:00,54181.0
2017-06-24 12:00:00+02:00,55207.0
2017-06-24 13:00:00+02:00,52929.0
2017-06-24 14:00:00+02:00,51112.0
2017-06-24 15:00:00+02:00,50363.0
2017-06-24 16:00:00+02:00,49774.0
2017-06-24 17:00:00+02:00,50424.0
2017-06-24 18:00:00+02:00,50091.0
2017-06-24 19:00:00+02:00,51241.0
2017-06-24 20:00:00+02:00,50819.0
2017-06-24 21:00:00+02:00,49946.0
2017-06-24 22:00:00+02:00,52022.0
2017-06-24 23:00:00+02:00,52172.0
2017-06-25 00:00:00+02:00,49934.0
2017-06-25 01:00:00+02:00,47954.0
2017-06-25 02:00:00+02:00,46223.0
2017-06-25 03:00:00+02:00,43458.0
2017-06-25 04:00:00+02:00,42436.0
2017-06-25 05:00:00+02:00,41143.0
2017-06-25 06:00:00+02:00,41574.0
2017-06-25 07:00:00+02:00,42273.0
2017-06-25 08:00:00+02:00,44267.0
2017-06-25 09:00:00+02:00,46079.0
2017-06-25 10:00:00+02:00,47369.0
2017-06-25 11:00:00+02:00,48423.0
2017-06-25 12:00:00+02:00,49314.0
2017-06-25 13:00:00+02:00,47611.0
2017-06-25 14:00:00+02:00,45660.0
2017-06-25 15:00:00+02:00,45173.0
2017-06-25 16:00:00+02:00,45233.0
2017-06-25 17:00:00+02:00,47480.0
2017-06-25 18:00:00+02:00,49271.0
2017-06-25 19:00:00+02:00,51049.0
2017-06-25 20:00:00+02:00,50530.0
2017-06-25 21:00:00+02:00,50284.0
2017-06-25 22:00:00+02:00,51580.0
2017-06-25 23:00:00+02:00,51422.0
2017-06-26 00:00:00+02:00,45923.0
2017-06-26 01:00:00+02:00,44267.0
2017-06-26 02:00:00+02:00,43222.0
2017-06-26 03:00:00+02:00,42751.0
2017-06-26 04:00:00+02:00,43234.0
2017-06-26 05:00:00+02:00,44774.0
2017-06-26 06:00:00+02:00,47493.0
2017-06-26 07:00:00+02:00,50986.0
2017-06-26 08:00:00+02:00,53559.0
2017-06-26 09:00:00+02:00,56581.0
2017-06-26 10:00:00+02:00,57849.0
2017-06-26 11:00:00+02:00,58645.0
2017-06-26 12:00:00+02:00,59913.0
2017-06-26 13:00:00+02:00,59066.0
2017-06-26 14:00:00+02:00,58596.0
2017-06-26 15:00:00+02:00,58042.0
2017-06-26 16:00:00+02:00,57184.0
2017-06-26 17:00:00+02:00,56275.0
2017-06-26 18:00:00+02:00,56438.0
2017-06-26 19:00:00+02:00,56769.0
2017-06-26 20:00:00+02:00,55710.0
2017-06-26 21:00:00+02:00,54484.0
2017-06-26 22:00:00+02:00,55303.0
2017-06-26 23:00:00+02:00,55441.0
2017-06-27 00:00:00+02:00,49812.0
2017-06-27 01:00:00+02:00,48154.0
2017-06-27 02:00:00+02:00,47581.0
2017-06-27 03:00:00+02:00,46417.0
2017-06-27 04:00:00+02:00,46441.0
2017-06-27 05:00:00+02:00,47083.0
2017-06-27 06:00:00+02:00,49064.0
2017-06-27 07:00:00+02:00,52687.0
2017-06-27 08:00:00+02:00,55315.0
2017-06-27 09:00:00+02:00,57338.0
2017-06-27 10:00:00+02:00,58271.0
2017-06-27 11:00:00+02:00,57950.0
2017-06-27 12:00:00+02:00,57787.0
2017-06-27 13:00:00+02:00,57512.0
2017-06-27 14:00:00+02:00,56959.0
2017-06-27 15:00:00+02:00,56233.0
2017-06-27 16:00:00+02:00,55891.0
2017-06-27 17:00:00+02:00,55870.0
2017-06-27 18:00:00+02:00,55638.0
2017-06-27 19:00:00+02:00,54508.0
2017-06-27 20:00:00+02:00,52586.0
2017-06-27 21:00:00+02:00,51852.0
2017-06-27 22:00:00+02:00,53978.0
2017-06-27 23:00:00+02:00,54916.0
2017-06-28 00:00:00+02:00,50510.0
2017-06-28 01:00:00+02:00,48549.0
2017-06-28 02:00:00+02:00,47516.0
2017-06-28 03:00:00+02:00,46469.0
2017-06-28 04:00:00+02:00,46654.0
2017-06-28 05:00:00+02:00,47856.0
2017-06-28 06:00:00+02:00,49821.0
2017-06-28 07:00:00+02:00,52948.0
2017-06-28 08:00:00+02:00,55565.0
2017-06-28 09:00:00+02:00,57850.0
2017-06-28 10:00:00+02:00,58992.0
2017-06-28 11:00:00+02:00,59204.0
2017-06-28 12:00:00+02:00,59218.0
2017-06-28 13:00:00+02:00,58785.0
2017-06-28 14:00:00+02:00,58691.0
2017-06-28 15:00:00+02:00,58806.0
2017-06-28 16:00:00+02:00,58481.0
2017-06-28 17:00:00+02:00,57857.0
2017-06-28 18:00:00+02:00,57665.0
2017-06-28 19:00:00+02:00,56954.0
2017-06-28 20:00:00+02:00,55477.0
2017-06-28 21:00:00+02:00,54692.0
2017-06-28 22:00:00+02:00,55569.0
2017-06-28 23:00:00+02:00,55168.0
2017-06-29 00:00:00+02:00,51127.0
2017-06-29 01:00:00+02:00,49277.0
2017-06-29 02:00:00+02:00,48889.0
2017-06-29 03:00:00+02:00,48623.0
2017-06-29 04:00:00+02:00,48201.0
2017-06-29 05:00:00+02:00,48931.0
2017-06-29 06:00:00+02:00,51547.0
2017-06-29 07:00:00+02:00,55203.0
2017-06-29 08:00:00+02:00,57199.0
2017-06-29 09:00:00+02:00,59813.0
2017-06-29 10:00:00+02:00,61000.0
2017-06-29 11:00:00+02:00,60923.0
2017-06-29 12:00:00+02:00,61038.0
2017-06-29 13:00:00+02:00,61124.0
2017-06-29 14:00:00+02:00,60210.0
2017-06-29 15:00:00+02:00,59194.0
2017-06-29 16:00:00+02:00,58047.0
2017-06-29 17:00:00+02:00,57897.0
2017-06-29 18:00:00+02:00,57627.0
2017-06-29 19:00:00+02:00,57152.0
2017-06-29 20:00:00+02:00,55766.0
2017-06-29 21:00:00+02:00,53983.0
2017-06-29 22:00:00+02:00,54852.0
2017-06-29 23:00:00+02:00,55203.0
2017-06-30 00:00:00+02:00,49868.0
2017-06-30 01:00:00+02:00,48089.0
2017-06-30 02:00:00+02:00,47365.0
2017-06-30 03:00:00+02:00,45885.0
2017-06-30 04:00:00+02:00,46660.0
2017-06-30 05:00:00+02:00,47258.0
2017-06-30 06:00:00+02:00,48992.0
2017-06-30 07:00:00+02:00,52012.0
2017-06-30 08:00:00+02:00,54050.0
2017-06-30 09:00:00+02:00,55356.0
2017-06-30 10:00:00+02:00,56744.0
2017-06-30 11:00:00+02:00,57968.0
2017-06-30 12:00:00+02:00,58081.0
2017-06-30 13:00:00+02:00,56993.0
2017-06-30 14:00:00+02:00,56448.0
2017-06-30 15:00:00+02:00,55439.0
2017-06-30 16:00:00+02:00,54656.0
2017-06-30 17:00:00+02:00,54865.0
2017-06-30 18:00:00+02:00,55330.0
2017-06-30 19:00:00+02:00,55371.0
2017-06-30 20:00:00+02:00,54189.0
2017-06-30 21:00:00+02:00,53103.0
2017-06-30 22:00:00+02:00,53799.0
2017-06-30 23:00:00+02:00,55001.0
2017-07-01 00:00:00+02:00,48160.0
2017-07-01 01:00:00+02:00,45910.0
2017-07-01 02:00:00+02:00,44115.0
2017-07-01 03:00:00+02:00,41986.0
2017-07-01 04:00:00+02:00,41381.0
2017-07-01 05:00:00+02:00,41507.0
2017-07-01 06:00:00+02:00,42231.0
2017-07-01 07:00:00+02:00,44201.0
2017-07-01 08:00:00+02:00,46996.0
2017-07-01 09:00:00+02:00,48921.0
2017-07-01 10:00:00+02:00,49686.0
2017-07-01 11:00:00+02:00,50509.0
2017-07-01 12:00:00+02:00,52123.0
2017-07-01 13:00:00+02:00,50897.0
2017-07-01 14:00:00+02:00,48660.0
2017-07-01 15:00:00+02:00,47916.0
2017-07-01 16:00:00+02:00,47444.0
2017-07-01 17:00:00+02:00,47665.0
2017-07-01 18:00:00+02:00,48698.0
2017-07-01 19:00:00+02:00,49200.0
2017-07-01 20:00:00+02:00,48297.0
2017-07-01 21:00:00+02:00,48099.0
2017-07-01 22:00:00+02:00,50488.0
2017-07-01 23:00:00+02:00,50617.0
2017-07-02 00:00:00+02:00,47156.0
2017-07-02 01:00:00+02:00,45017.0
2017-07-02 02:00:00+02:00,43423.0
2017-07-02 03:00:00+02:00,40711.0
2017-07-02 04:00:00+02:00,40142.0
2017-07-02 05:00:00+02:00,39900.0
2017-07-02 06:00:00+02:00,39863.0
2017-07-02 07:00:00+02:00,41037.0
2017-07-02 08:00:00+02:00,42106.0
2017-07-02 09:00:00+02:00,45057.0
2017-07-02 10:00:00+02:00,46641.0
2017-07-02 11:00:00+02:00,47662.0
2017-07-02 12:00:00+02:00,48303.0
2017-07-02 13:00:00+02:00,47545.0
2017-07-02 14:00:00+02:00,45624.0
2017-07-02 15:00:00+02:00,44498.0
2017-07-02 16:00:00+02:00,44485.0
2017-07-02 17:00:00+02:00,45417.0
2017-07-02 18:00:00+02:00,46337.0
2017-07-02 19:00:00+02:00,47538.0
2017-07-02 20:00:00+02:00,47897.0
2017-07-02 21:00:00+02:00,47490.0
2017-07-02 22:00:00+02:00,49137.0
2017-07-02 23:00:00+02:00,49283.0
2017-07-03 00:00:00+02:00,45086.0
2017-07-03 01:00:00+02:00,42370.0
2017-07-03 02:00:00+02:00,40989.0
2017-07-03 03:00:00+02:00,40310.0
2017-07-03 04:00:00+02:00,40501.0
2017-07-03 05:00:00+02:00,42297.0
2017-07-03 06:00:00+02:00,46831.0
2017-07-03 07:00:00+02:00,50297.0
2017-07-03 08:00:00+02:00,52438.0
2017-07-03 09:00:00+02:00,54860.0
2017-07-03 10:00:00+02:00,56809.0
2017-07-03 11:00:00+02:00,57166.0
2017-07-03 12:00:00+02:00,57253.0
2017-07-03 13:00:00+02:00,56318.0
2017-07-03 14:00:00+02:00,55249.0
2017-07-03 15:00:00+02:00,54376.0
2017-07-03 16:00:00+02:00,53713.0
2017-07-03 17:00:00+02:00,53697.0
2017-07-03 18:00:00+02:00,54318.0
2017-07-03 19:00:00+02:00,54148.0
2017-07-03 20:00:00+02:00,52840.0
2017-07-03 21:00:00+02:00,51859.0
2017-07-03 22:00:00+02:00,52869.0
2017-07-03 23:00:00+02:00,53271.0
2017-07-04 00:00:00+02:00,50367.0
2017-07-04 01:00:00+02:00,46592.0
2017-07-04 02:00:00+02:00,45098.0
2017-07-04 03:00:00+02:00,44002.0
2017-07-04 04:00:00+02:00,44107.0
2017-07-04 05:00:00+02:00,44979.0
2017-07-04 06:00:00+02:00,47210.0
2017-07-04 07:00:00+02:00,50470.0
2017-07-04 08:00:00+02:00,53589.0
2017-07-04 09:00:00+02:00,56054.0
2017-07-04 10:00:00+02:00,57262.0
2017-07-04 11:00:00+02:00,58137.0
2017-07-04 12:00:00+02:00,58871.0
2017-07-04 13:00:00+02:00,58564.0
2017-07-04 14:00:00+02:00,58408.0
2017-07-04 15:00:00+02:00,57385.0
2017-07-04 16:00:00+02:00,57143.0
2017-07-04 17:00:00+02:00,56684.0
2017-07-04 18:00:00+02:00,56187.0
2017-07-04 19:00:00+02:00,55101.0
2017-07-04 20:00:00+02:00,53821.0
2017-07-04 21:00:00+02:00,53222.0
2017-07-04 22:00:00+02:00,55329.0
2017-07-04 23:00:00+02:00,55320.0
2017-07-05 00:00:00+02:00,50872.0
2017-07-05 01:00:00+02:00,48288.0
2017-07-05 02:00:00+02:00,47159.0
2017-07-05 03:00:00+02:00,45985.0
2017-07-05 04:00:00+02:00,46033.0
2017-07-05 05:00:00+02:00,47576.0
2017-07-05 06:00:00+02:00,49477.0
2017-07-05 07:00:00+02:00,53094.0
2017-07-05 08:00:00+02:00,56115.0
2017-07-05 09:00:00+02:00,58606.0
2017-07-05 10:00:00+02:00,59968.0
2017-07-05 11:00:00+02:00,60817.0
2017-07-05 12:00:00+02:00,60871.0
2017-07-05 13:00:00+02:00,60644.0
2017-07-05 14:00:00+02:00,60112.0
2017-07-05 15:00:00+02:00,59378.0
2017-07-05 16:00:00+02:00,58559.0
2017-07-05 17:00:00+02:00,57386.0
2017-07-05 18:00:00+02:00,56648.0
2017-07-05 19:00:00+02:00,55252.0
2017-07-05 20:00:00+02:00,53636.0
2017-07-05 21:00:00+02:00,52472.0
2017-07-05 22:00:00+02:00,54855.0
2017-07-05 23:00:00+02:00,55555.0
2017-07-06 00:00:00+02:00,53814.0
2017-07-06 01:00:00+02:00,50734.0
2017-07-06 02:00:00+02:00,49781.0
2017-07-06 03:00:00+02:00,49071.0
2017-07-06 04:00:00+02:00,49217.0
2017-07-06 05:00:00+02:00,49894.0
2017-07-06 06:00:00+02:00,52407.0
2017-07-06 07:00:00+02:00,55475.0
2017-07-06 08:00:00+02:00,57527.0
2017-07-06 09:00:00+02:00,59188.0
2017-07-06 10:00:00+02:00,60347.0
2017-07-06 11:00:00+02:00,60916.0
2017-07-06 12:00:00+02:00,61567.0
2017-07-06 13:00:00+02:00,61352.0
2017-07-06 14:00:00+02:00,60763.0
2017-07-06 15:00:00+02:00,60071.0
2017-07-06 16:00:00+02:00,59277.0
2017-07-06 17:00:00+02:00,58651.0
2017-07-06 18:00:00+02:00,58147.0
2017-07-06 19:00:00+02:00,57283.0
2017-07-06 20:00:00+02:00,55905.0
2017-07-06 21:00:00+02:00,54480.0
2017-07-06 22:00:00+02:00,56729.0
2017-07-06 23:00:00+02:00,56416.0
2017-07-07 00:00:00+02:00,51929.0
2017-07-07 01:00:00+02:00,49237.0
2017-07-07 02:00:00+02:00,47873.0
2017-07-07 03:00:00+02:00,46973.0
2017-07-07 04:00:00+02:00,47362.0
2017-07-07 05:00:00+02:00,48690.0
2017-07-07 06:00:00+02:00,50777.0
2017-07-07 07:00:00+02:00,54346.0
2017-07-07 08:00:00+02:00,57321.0
2017-07-07 09:00:00+02:00,59715.0
2017-07-07 10:00:00+02:00,61321.0
2017-07-07 11:00:00+02:00,62281.0
2017-07-07 12:00:00+02:00,62571.0
2017-07-07 13:00:00+02:00,61998.0
2017-07-07 14:00:00+02:00,60889.0
2017-07-07 15:00:00+02:00,59662.0
2017-07-07 16:00:00+02:00,59187.0
2017-07-07 17:00:00+02:00,58530.0
2017-07-07 18:00:00+02:00,57455.0
2017-07-07 19:00:00+02:00,56218.0
2017-07-07 20:00:00+02:00,55087.0
2017-07-07 21:00:00+02:00,54116.0
2017-07-07 22:00:00+02:00,55269.0
2017-07-07 23:00:00+02:00,55511.0
2017-07-08 00:00:00+02:00,53577.0
2017-07-08 01:00:00+02:00,50692.0
2017-07-08 02:00:00+02:00,49539.0
2017-07-08 03:00:00+02:00,47367.0
2017-07-08 04:00:00+02:00,46452.0
2017-07-08 05:00:00+02:00,46178.0
2017-07-08 06:00:00+02:00,46694.0
2017-07-08 07:00:00+02:00,48597.0
2017-07-08 08:00:00+02:00,51401.0
2017-07-08 09:00:00+02:00,53459.0
2017-07-08 10:00:00+02:00,53784.0
2017-07-08 11:00:00+02:00,53800.0
2017-07-08 12:00:00+02:00,53957.0
2017-07-08 13:00:00+02:00,53059.0
2017-07-08 14:00:00+02:00,51697.0
2017-07-08 15:00:00+02:00,51429.0
2017-07-08 16:00:00+02:00,50870.0
2017-07-08 17:00:00+02:00,51614.0
2017-07-08 18:00:00+02:00,52420.0
2017-07-08 19:00:00+02:00,52681.0
2017-07-08 20:00:00+02:00,51866.0
2017-07-08 21:00:00+02:00,53332.0
2017-07-08 22:00:00+02:00,55269.0
2017-07-08 23:00:00+02:00,54852.0
2017-07-09 00:00:00+02:00,50672.0
2017-07-09 01:00:00+02:00,48212.0
2017-07-09 02:00:00+02:00,47263.0
2017-07-09 03:00:00+02:00,46139.0
2017-07-09 04:00:00+02:00,45724.0
2017-07-09 05:00:00+02:00,45399.0
2017-07-09 06:00:00+02:00,45662.0
2017-07-09 07:00:00+02:00,46313.0
2017-07-09 08:00:00+02:00,47668.0
2017-07-09 09:00:00+02:00,49974.0
2017-07-09 10:00:00+02:00,51391.0
2017-07-09 11:00:00+02:00,52275.0
2017-07-09 12:00:00+02:00,53115.0
2017-07-09 13:00:00+02:00,52442.0
2017-07-09 14:00:00+02:00,51474.0
2017-07-09 15:00:00+02:00,50871.0
2017-07-09 16:00:00+02:00,50717.0
2017-07-09 17:00:00+02:00,51784.0
2017-07-09 18:00:00+02:00,52640.0
2017-07-09 19:00:00+02:00,53052.0
2017-07-09 20:00:00+02:00,52954.0
2017-07-09 21:00:00+02:00,52442.0
2017-07-09 22:00:00+02:00,54108.0
2017-07-09 23:00:00+02:00,53601.0
2017-07-10 00:00:00+02:00,49206.0
2017-07-10 01:00:00+02:00,48311.0
2017-07-10 02:00:00+02:00,47663.0
2017-07-10 03:00:00+02:00,46773.0
2017-07-10 04:00:00+02:00,46989.0
2017-07-10 05:00:00+02:00,47584.0
2017-07-10 06:00:00+02:00,51600.0
2017-07-10 07:00:00+02:00,54093.0
2017-07-10 08:00:00+02:00,56177.0
2017-07-10 09:00:00+02:00,58252.0
2017-07-10 10:00:00+02:00,60061.0
2017-07-10 11:00:00+02:00,60967.0
2017-07-10 12:00:00+02:00,61532.0
2017-07-10 13:00:00+02:00,61251.0
2017-07-10 14:00:00+02:00,60510.0
2017-07-10 15:00:00+02:00,60190.0
2017-07-10 16:00:00+02:00,59719.0
2017-07-10 17:00:00+02:00,59798.0
2017-07-10 18:00:00+02:00,59523.0
2017-07-10 19:00:00+02:00,58441.0
2017-07-10 20:00:00+02:00,57073.0
2017-07-10 21:00:00+02:00,55799.0
2017-07-10 22:00:00+02:00,55744.0
2017-07-10 23:00:00+02:00,54731.0
2017-07-11 00:00:00+02:00,52511.0
2017-07-11 01:00:00+02:00,50546.0
2017-07-11 02:00:00+02:00,48788.0
2017-07-11 03:00:00+02:00,47983.0
2017-07-11 04:00:00+02:00,47644.0
2017-07-11 05:00:00+02:00,48563.0
2017-07-11 06:00:00+02:00,51782.0
2017-07-11 07:00:00+02:00,53988.0
2017-07-11 08:00:00+02:00,56144.0
2017-07-11 09:00:00+02:00,58022.0
2017-07-11 10:00:00+02:00,59275.0
2017-07-11 11:00:00+02:00,59880.0
2017-07-11 12:00:00+02:00,59899.0
2017-07-11 13:00:00+02:00,59725.0
2017-07-11 14:00:00+02:00,59676.0
2017-07-11 15:00:00+02:00,59117.0
2017-07-11 16:00:00+02:00,58711.0
2017-07-11 17:00:00+02:00,58752.0
2017-07-11 18:00:00+02:00,58685.0
2017-07-11 19:00:00+02:00,58303.0
2017-07-11 20:00:00+02:00,56763.0
2017-07-11 21:00:00+02:00,55679.0
2017-07-11 22:00:00+02:00,55589.0
2017-07-11 23:00:00+02:00,55069.0
2017-07-12 00:00:00+02:00,53159.0
2017-07-12 01:00:00+02:00,51409.0
2017-07-12 02:00:00+02:00,50534.0
2017-07-12 03:00:00+02:00,50192.0
2017-07-12 04:00:00+02:00,50700.0
2017-07-12 05:00:00+02:00,51354.0
2017-07-12 06:00:00+02:00,53726.0
2017-07-12 07:00:00+02:00,57405.0
2017-07-12 08:00:00+02:00,59932.0
2017-07-12 09:00:00+02:00,62002.0
2017-07-12 10:00:00+02:00,62462.0
2017-07-12 11:00:00+02:00,63157.0
2017-07-12 12:00:00+02:00,63337.0
2017-07-12 13:00:00+02:00,63264.0
2017-07-12 14:00:00+02:00,62069.0
2017-07-12 15:00:00+02:00,60073.0
2017-07-12 16:00:00+02:00,59135.0
2017-07-12 17:00:00+02:00,57403.0
2017-07-12 18:00:00+02:00,56993.0
2017-07-12 19:00:00+02:00,56489.0
2017-07-12 20:00:00+02:00,54744.0
2017-07-12 21:00:00+02:00,53311.0
2017-07-12 22:00:00+02:00,54573.0
2017-07-12 23:00:00+02:00,53978.0
2017-07-13 00:00:00+02:00,52005.0
2017-07-13 01:00:00+02:00,50507.0
2017-07-13 02:00:00+02:00,49209.0
2017-07-13 03:00:00+02:00,48362.0
2017-07-13 04:00:00+02:00,47978.0
2017-07-13 05:00:00+02:00,48129.0
2017-07-13 06:00:00+02:00,50148.0
2017-07-13 07:00:00+02:00,53583.0
2017-07-13 08:00:00+02:00,56113.0
2017-07-13 09:00:00+02:00,57525.0
2017-07-13 10:00:00+02:00,58523.0
2017-07-13 11:00:00+02:00,58921.0
2017-07-13 12:00:00+02:00,59631.0
2017-07-13 13:00:00+02:00,59692.0
2017-07-13 14:00:00+02:00,59302.0
2017-07-13 15:00:00+02:00,59377.0
2017-07-13 16:00:00+02:00,59082.0
2017-07-13 17:00:00+02:00,59486.0
2017-07-13 18:00:00+02:00,59269.0
2017-07-13 19:00:00+02:00,58879.0
2017-07-13 20:00:00+02:00,57112.0
2017-07-13 21:00:00+02:00,56653.0
2017-07-13 22:00:00+02:00,57300.0
2017-07-13 23:00:00+02:00,56047.0
2017-07-14 00:00:00+02:00,51654.0
2017-07-14 01:00:00+02:00,49329.0
2017-07-14 02:00:00+02:00,48306.0
2017-07-14 03:00:00+02:00,47417.0
2017-07-14 04:00:00+02:00,46731.0
2017-07-14 05:00:00+02:00,46902.0
2017-07-14 06:00:00+02:00,48013.0
2017-07-14 07:00:00+02:00,50320.0
2017-07-14 08:00:00+02:00,52412.0
2017-07-14 09:00:00+02:00,55543.0
2017-07-14 10:00:00+02:00,57320.0
2017-07-14 11:00:00+02:00,58047.0
2017-07-14 12:00:00+02:00,58622.0
2017-07-14 13:00:00+02:00,57500.0
2017-07-14 14:00:00+02:00,56078.0
2017-07-14 15:00:00+02:00,55499.0
2017-07-14 16:00:00+02:00,54088.0
2017-07-14 17:00:00+02:00,53894.0
2017-07-14 18:00:00+02:00,53751.0
2017-07-14 19:00:00+02:00,53622.0
2017-07-14 20:00:00+02:00,52531.0
2017-07-14 21:00:00+02:00,51443.0
2017-07-14 22:00:00+02:00,52735.0
2017-07-14 23:00:00+02:00,52764.0
2017-07-15 00:00:00+02:00,50225.0
2017-07-15 01:00:00+02:00,47478.0
2017-07-15 02:00:00+02:00,46311.0
2017-07-15 03:00:00+02:00,45399.0
2017-07-15 04:00:00+02:00,44958.0
2017-07-15 05:00:00+02:00,45122.0
2017-07-15 06:00:00+02:00,46269.0
2017-07-15 07:00:00+02:00,48455.0
2017-07-15 08:00:00+02:00,50697.0
2017-07-15 09:00:00+02:00,53031.0
2017-07-15 10:00:00+02:00,54311.0
2017-07-15 11:00:00+02:00,55288.0
2017-07-15 12:00:00+02:00,54889.0
2017-07-15 13:00:00+02:00,53250.0
2017-07-15 14:00:00+02:00,52545.0
2017-07-15 15:00:00+02:00,51913.0
2017-07-15 16:00:00+02:00,51448.0
2017-07-15 17:00:00+02:00,51573.0
2017-07-15 18:00:00+02:00,52786.0
2017-07-15 19:00:00+02:00,52580.0
2017-07-15 20:00:00+02:00,51938.0
2017-07-15 21:00:00+02:00,51499.0
2017-07-15 22:00:00+02:00,52970.0
2017-07-15 23:00:00+02:00,51668.0
2017-07-16 00:00:00+02:00,48357.0
2017-07-16 01:00:00+02:00,46139.0
2017-07-16 02:00:00+02:00,45651.0
2017-07-16 03:00:00+02:00,44544.0
2017-07-16 04:00:00+02:00,44026.0
2017-07-16 05:00:00+02:00,42833.0
2017-07-16 06:00:00+02:00,42430.0
2017-07-16 07:00:00+02:00,43176.0
2017-07-16 08:00:00+02:00,44353.0
2017-07-16 09:00:00+02:00,47409.0
2017-07-16 10:00:00+02:00,49575.0
2017-07-16 11:00:00+02:00,51040.0
2017-07-16 12:00:00+02:00,51465.0
2017-07-16 13:00:00+02:00,50809.0
2017-07-16 14:00:00+02:00,49555.0
2017-07-16 15:00:00+02:00,49135.0
2017-07-16 16:00:00+02:00,48912.0
2017-07-16 17:00:00+02:00,49483.0
2017-07-16 18:00:00+02:00,50190.0
2017-07-16 19:00:00+02:00,50296.0
2017-07-16 20:00:00+02:00,50373.0
2017-07-16 21:00:00+02:00,50051.0
2017-07-16 22:00:00+02:00,51381.0
2017-07-16 23:00:00+02:00,51166.0
2017-07-17 00:00:00+02:00,47921.0
2017-07-17 01:00:00+02:00,46122.0
2017-07-17 02:00:00+02:00,46032.0
2017-07-17 03:00:00+02:00,45946.0
2017-07-17 04:00:00+02:00,46147.0
2017-07-17 05:00:00+02:00,47704.0
2017-07-17 06:00:00+02:00,51158.0
2017-07-17 07:00:00+02:00,54471.0
2017-07-17 08:00:00+02:00,56976.0
2017-07-17 09:00:00+02:00,59468.0
2017-07-17 10:00:00+02:00,59589.0
2017-07-17 11:00:00+02:00,59748.0
2017-07-17 12:00:00+02:00,59740.0
2017-07-17 13:00:00+02:00,59680.0
2017-07-17 14:00:00+02:00,59140.0
2017-07-17 15:00:00+02:00,58440.0
2017-07-17 16:00:00+02:00,57596.0
2017-07-17 17:00:00+02:00,58346.0
2017-07-17 18:00:00+02:00,58490.0
2017-07-17 19:00:00+02:00,57864.0
2017-07-17 20:00:00+02:00,56880.0
2017-07-17 21:00:00+02:00,56077.0
2017-07-17 22:00:00+02:00,57201.0
2017-07-17 23:00:00+02:00,56693.0
2017-07-18 00:00:00+02:00,54200.0
2017-07-18 01:00:00+02:00,52268.0
2017-07-18 02:00:00+02:00,51485.0
2017-07-18 03:00:00+02:00,51051.0
2017-07-18 04:00:00+02:00,51074.0
2017-07-18 05:00:00+02:00,51647.0
2017-07-18 06:00:00+02:00,53313.0
2017-07-18 07:00:00+02:00,56256.0
2017-07-18 08:00:00+02:00,58678.0
2017-07-18 09:00:00+02:00,60070.0
2017-07-18 10:00:00+02:00,61090.0
2017-07-18 11:00:00+02:00,61780.0
2017-07-18 12:00:00+02:00,62126.0
2017-07-18 13:00:00+02:00,62100.0
2017-07-18 14:00:00+02:00,61185.0
2017-07-18 15:00:00+02:00,60029.0
2017-07-18 16:00:00+02:00,59176.0
2017-07-18 17:00:00+02:00,59631.0
2017-07-18 18:00:00+02:00,59751.0
2017-07-18 19:00:00+02:00,59022.0
2017-07-18 20:00:00+02:00,57509.0
2017-07-18 21:00:00+02:00,56695.0
2017-07-18 22:00:00+02:00,57417.0
2017-07-18 23:00:00+02:00,56344.0
2017-07-19 00:00:00+02:00,53414.0
2017-07-19 01:00:00+02:00,51557.0
2017-07-19 02:00:00+02:00,51216.0
2017-07-19 03:00:00+02:00,50071.0
2017-07-19 04:00:00+02:00,49718.0
2017-07-19 05:00:00+02:00,50798.0
2017-07-19 06:00:00+02:00,53163.0
2017-07-19 07:00:00+02:00,55433.0
2017-07-19 08:00:00+02:00,58266.0
2017-07-19 09:00:00+02:00,60074.0
2017-07-19 10:00:00+02:00,61016.0
2017-07-19 11:00:00+02:00,61468.0
2017-07-19 12:00:00+02:00,62382.0
2017-07-19 13:00:00+02:00,62386.0
2017-07-19 14:00:00+02:00,62168.0
2017-07-19 15:00:00+02:00,61029.0
2017-07-19 16:00:00+02:00,60130.0
2017-07-19 17:00:00+02:00,60637.0
2017-07-19 18:00:00+02:00,59849.0
2017-07-19 19:00:00+02:00,59251.0
2017-07-19 20:00:00+02:00,58175.0
2017-07-19 21:00:00+02:00,56352.0
2017-07-19 22:00:00+02:00,56883.0
2017-07-19 23:00:00+02:00,56116.0
2017-07-20 00:00:00+02:00,52708.0
2017-07-20 01:00:00+02:00,50667.0
2017-07-20 02:00:00+02:00,50354.0
2017-07-20 03:00:00+02:00,50014.0
2017-07-20 04:00:00+02:00,50338.0
2017-07-20 05:00:00+02:00,51158.0
2017-07-20 06:00:00+02:00,54489.0
2017-07-20 07:00:00+02:00,57306.0
2017-07-20 08:00:00+02:00,60179.0
2017-07-20 09:00:00+02:00,62451.0
2017-07-20 10:00:00+02:00,64515.0
2017-07-20 11:00:00+02:00,65329.0
2017-07-20 12:00:00+02:00,65432.0
2017-07-20 13:00:00+02:00,64949.0
2017-07-20 14:00:00+02:00,64192.0
2017-07-20 15:00:00+02:00,63607.0
2017-07-20 16:00:00+02:00,62451.0
2017-07-20 17:00:00+02:00,62596.0
2017-07-20 18:00:00+02:00,61838.0
2017-07-20 19:00:00+02:00,60456.0
2017-07-20 20:00:00+02:00,58826.0
2017-07-20 21:00:00+02:00,57158.0
2017-07-20 22:00:00+02:00,57864.0
2017-07-20 23:00:00+02:00,57079.0
2017-07-21 00:00:00+02:00,52143.0
2017-07-21 01:00:00+02:00,50471.0
2017-07-21 02:00:00+02:00,49856.0
2017-07-21 03:00:00+02:00,49421.0
2017-07-21 04:00:00+02:00,49324.0
2017-07-21 05:00:00+02:00,49873.0
2017-07-21 06:00:00+02:00,52785.0
2017-07-21 07:00:00+02:00,55567.0
2017-07-21 08:00:00+02:00,57973.0
2017-07-21 09:00:00+02:00,59455.0
2017-07-21 10:00:00+02:00,60253.0
2017-07-21 11:00:00+02:00,60757.0
2017-07-21 12:00:00+02:00,61099.0
2017-07-21 13:00:00+02:00,61104.0
2017-07-21 14:00:00+02:00,60578.0
2017-07-21 15:00:00+02:00,60162.0
2017-07-21 16:00:00+02:00,59664.0
2017-07-21 17:00:00+02:00,59728.0
2017-07-21 18:00:00+02:00,60465.0
2017-07-21 19:00:00+02:00,59121.0
2017-07-21 20:00:00+02:00,57727.0
2017-07-21 21:00:00+02:00,55802.0
2017-07-21 22:00:00+02:00,55815.0
2017-07-21 23:00:00+02:00,55080.0
2017-07-22 00:00:00+02:00,52175.0
2017-07-22 01:00:00+02:00,49174.0
2017-07-22 02:00:00+02:00,47670.0
2017-07-22 03:00:00+02:00,46127.0
2017-07-22 04:00:00+02:00,46100.0
2017-07-22 05:00:00+02:00,46207.0
2017-07-22 06:00:00+02:00,46478.0
2017-07-22 07:00:00+02:00,47040.0
2017-07-22 08:00:00+02:00,49291.0
2017-07-22 09:00:00+02:00,52035.0
2017-07-22 10:00:00+02:00,53507.0
2017-07-22 11:00:00+02:00,53693.0
2017-07-22 12:00:00+02:00,54314.0
2017-07-22 13:00:00+02:00,53952.0
2017-07-22 14:00:00+02:00,53007.0
2017-07-22 15:00:00+02:00,52981.0
2017-07-22 16:00:00+02:00,52645.0
2017-07-22 17:00:00+02:00,52348.0
2017-07-22 18:00:00+02:00,53306.0
2017-07-22 19:00:00+02:00,53159.0
2017-07-22 20:00:00+02:00,52230.0
2017-07-22 21:00:00+02:00,51469.0
2017-07-22 22:00:00+02:00,52469.0
2017-07-22 23:00:00+02:00,52450.0
2017-07-23 00:00:00+02:00,51360.0
2017-07-23 01:00:00+02:00,49639.0
2017-07-23 02:00:00+02:00,48352.0
2017-07-23 03:00:00+02:00,47304.0
2017-07-23 04:00:00+02:00,47065.0
2017-07-23 05:00:00+02:00,46073.0
2017-07-23 06:00:00+02:00,46178.0
2017-07-23 07:00:00+02:00,46382.0
2017-07-23 08:00:00+02:00,48016.0
2017-07-23 09:00:00+02:00,49596.0
2017-07-23 10:00:00+02:00,51247.0
2017-07-23 11:00:00+02:00,52752.0
2017-07-23 12:00:00+02:00,53414.0
2017-07-23 13:00:00+02:00,52566.0
2017-07-23 14:00:00+02:00,51289.0
2017-07-23 15:00:00+02:00,50045.0
2017-07-23 16:00:00+02:00,49082.0
2017-07-23 17:00:00+02:00,49187.0
2017-07-23 18:00:00+02:00,50820.0
2017-07-23 19:00:00+02:00,50912.0
2017-07-23 20:00:00+02:00,51394.0
2017-07-23 21:00:00+02:00,50977.0
2017-07-23 22:00:00+02:00,52849.0
2017-07-23 23:00:00+02:00,53099.0
2017-07-24 00:00:00+02:00,49322.0
2017-07-24 01:00:00+02:00,47822.0
2017-07-24 02:00:00+02:00,47347.0
2017-07-24 03:00:00+02:00,46603.0
2017-07-24 04:00:00+02:00,47567.0
2017-07-24 05:00:00+02:00,49254.0
2017-07-24 06:00:00+02:00,52456.0
2017-07-24 07:00:00+02:00,55385.0
2017-07-24 08:00:00+02:00,57115.0
2017-07-24 09:00:00+02:00,59767.0
2017-07-24 10:00:00+02:00,61818.0
2017-07-24 11:00:00+02:00,63255.0
2017-07-24 12:00:00+02:00,64565.0
2017-07-24 13:00:00+02:00,64766.0
2017-07-24 14:00:00+02:00,64377.0
2017-07-24 15:00:00+02:00,63407.0
2017-07-24 16:00:00+02:00,62527.0
2017-07-24 17:00:00+02:00,62150.0
2017-07-24 18:00:00+02:00,61001.0
2017-07-24 19:00:00+02:00,59543.0
2017-07-24 20:00:00+02:00,57804.0
2017-07-24 21:00:00+02:00,56757.0
2017-07-24 22:00:00+02:00,56621.0
2017-07-24 23:00:00+02:00,55883.0
2017-07-25 00:00:00+02:00,51860.0
2017-07-25 01:00:00+02:00,49994.0
2017-07-25 02:00:00+02:00,49262.0
2017-07-25 03:00:00+02:00,48237.0
2017-07-25 04:00:00+02:00,48945.0
2017-07-25 05:00:00+02:00,49975.0
2017-07-25 06:00:00+02:00,50382.0
2017-07-25 07:00:00+02:00,53620.0
2017-07-25 08:00:00+02:00,55482.0
2017-07-25 09:00:00+02:00,57468.0
2017-07-25 10:00:00+02:00,58963.0
2017-07-25 11:00:00+02:00,59617.0
2017-07-25 12:00:00+02:00,60422.0
2017-07-25 13:00:00+02:00,60377.0
2017-07-25 14:00:00+02:00,59856.0
2017-07-25 15:00:00+02:00,59239.0
2017-07-25 16:00:00+02:00,57953.0
2017-07-25 17:00:00+02:00,57535.0
2017-07-25 18:00:00+02:00,56314.0
2017-07-25 19:00:00+02:00,55037.0
2017-07-25 20:00:00+02:00,53773.0
2017-07-25 21:00:00+02:00,52725.0
2017-07-25 22:00:00+02:00,53562.0
2017-07-25 23:00:00+02:00,53866.0
2017-07-26 00:00:00+02:00,51014.0
2017-07-26 01:00:00+02:00,47933.0
2017-07-26 02:00:00+02:00,46581.0
2017-07-26 03:00:00+02:00,46081.0
2017-07-26 04:00:00+02:00,45504.0
2017-07-26 05:00:00+02:00,47008.0
2017-07-26 06:00:00+02:00,49215.0
2017-07-26 07:00:00+02:00,51941.0
2017-07-26 08:00:00+02:00,54781.0
2017-07-26 09:00:00+02:00,56984.0
2017-07-26 10:00:00+02:00,58267.0
2017-07-26 11:00:00+02:00,59091.0
2017-07-26 12:00:00+02:00,59854.0
2017-07-26 13:00:00+02:00,60258.0
2017-07-26 14:00:00+02:00,59420.0
2017-07-26 15:00:00+02:00,58815.0
2017-07-26 16:00:00+02:00,58032.0
2017-07-26 17:00:00+02:00,58109.0
2017-07-26 18:00:00+02:00,57625.0
2017-07-26 19:00:00+02:00,56670.0
2017-07-26 20:00:00+02:00,55698.0
2017-07-26 21:00:00+02:00,54347.0
2017-07-26 22:00:00+02:00,55303.0
2017-07-26 23:00:00+02:00,54658.0
2017-07-27 00:00:00+02:00,51450.0
2017-07-27 01:00:00+02:00,49438.0
2017-07-27 02:00:00+02:00,48920.0
2017-07-27 03:00:00+02:00,48355.0
2017-07-27 04:00:00+02:00,48299.0
2017-07-27 05:00:00+02:00,49013.0
2017-07-27 06:00:00+02:00,50637.0
2017-07-27 07:00:00+02:00,54351.0
2017-07-27 08:00:00+02:00,56201.0
2017-07-27 09:00:00+02:00,58210.0
2017-07-27 10:00:00+02:00,59431.0
2017-07-27 11:00:00+02:00,59906.0
2017-07-27 12:00:00+02:00,60182.0
2017-07-27 13:00:00+02:00,60088.0
2017-07-27 14:00:00+02:00,60825.0
2017-07-27 15:00:00+02:00,59493.0
2017-07-27 16:00:00+02:00,59149.0
2017-07-27 17:00:00+02:00,59492.0
2017-07-27 18:00:00+02:00,58987.0
2017-07-27 19:00:00+02:00,58308.0
2017-07-27 20:00:00+02:00,56284.0
2017-07-27 21:00:00+02:00,55599.0
2017-07-27 22:00:00+02:00,56230.0
2017-07-27 23:00:00+02:00,54976.0
2017-07-28 00:00:00+02:00,52793.0
2017-07-28 01:00:00+02:00,49914.0
2017-07-28 02:00:00+02:00,49564.0
2017-07-28 03:00:00+02:00,48965.0
2017-07-28 04:00:00+02:00,49025.0
2017-07-28 05:00:00+02:00,49365.0
2017-07-28 06:00:00+02:00,51210.0
2017-07-28 07:00:00+02:00,54208.0
2017-07-28 08:00:00+02:00,56111.0
2017-07-28 09:00:00+02:00,57493.0
2017-07-28 10:00:00+02:00,57749.0
2017-07-28 11:00:00+02:00,58006.0
2017-07-28 12:00:00+02:00,58529.0
2017-07-28 13:00:00+02:00,58037.0
2017-07-28 14:00:00+02:00,57498.0
2017-07-28 15:00:00+02:00,56648.0
2017-07-28 16:00:00+02:00,55281.0
2017-07-28 17:00:00+02:00,54426.0
2017-07-28 18:00:00+02:00,54988.0
2017-07-28 19:00:00+02:00,54681.0
2017-07-28 20:00:00+02:00,54190.0
2017-07-28 21:00:00+02:00,53560.0
2017-07-28 22:00:00+02:00,54502.0
2017-07-28 23:00:00+02:00,53526.0
2017-07-29 00:00:00+02:00,50303.0
2017-07-29 01:00:00+02:00,48700.0
2017-07-29 02:00:00+02:00,48315.0
2017-07-29 03:00:00+02:00,47252.0
2017-07-29 04:00:00+02:00,46519.0
2017-07-29 05:00:00+02:00,45490.0
2017-07-29 06:00:00+02:00,45211.0
2017-07-29 07:00:00+02:00,45477.0
2017-07-29 08:00:00+02:00,47005.0
2017-07-29 09:00:00+02:00,49100.0
2017-07-29 10:00:00+02:00,50424.0
2017-07-29 11:00:00+02:00,51398.0
2017-07-29 12:00:00+02:00,53043.0
2017-07-29 13:00:00+02:00,51960.0
2017-07-29 14:00:00+02:00,50973.0
2017-07-29 15:00:00+02:00,49932.0
2017-07-29 16:00:00+02:00,50141.0
2017-07-29 17:00:00+02:00,51160.0
2017-07-29 18:00:00+02:00,51992.0
2017-07-29 19:00:00+02:00,51974.0
2017-07-29 20:00:00+02:00,50907.0
2017-07-29 21:00:00+02:00,50856.0
2017-07-29 22:00:00+02:00,52380.0
2017-07-29 23:00:00+02:00,50823.0
2017-07-30 00:00:00+02:00,49019.0
2017-07-30 01:00:00+02:00,47526.0
2017-07-30 02:00:00+02:00,46002.0
2017-07-30 03:00:00+02:00,42700.0
2017-07-30 04:00:00+02:00,41376.0
2017-07-30 05:00:00+02:00,41132.0
2017-07-30 06:00:00+02:00,40313.0
2017-07-30 07:00:00+02:00,40179.0
2017-07-30 08:00:00+02:00,42381.0
2017-07-30 09:00:00+02:00,43716.0
2017-07-30 10:00:00+02:00,44910.0
2017-07-30 11:00:00+02:00,46986.0
2017-07-30 12:00:00+02:00,47744.0
2017-07-30 13:00:00+02:00,46744.0
2017-07-30 14:00:00+02:00,44631.0
2017-07-30 15:00:00+02:00,43847.0
2017-07-30 16:00:00+02:00,44737.0
2017-07-30 17:00:00+02:00,46906.0
2017-07-30 18:00:00+02:00,49734.0
2017-07-30 19:00:00+02:00,50409.0
2017-07-30 20:00:00+02:00,50948.0
2017-07-30 21:00:00+02:00,50585.0
2017-07-30 22:00:00+02:00,51894.0
2017-07-30 23:00:00+02:00,50752.0
2017-07-31 00:00:00+02:00,46882.0
2017-07-31 01:00:00+02:00,45078.0
2017-07-31 02:00:00+02:00,44353.0
2017-07-31 03:00:00+02:00,43842.0
2017-07-31 04:00:00+02:00,44156.0
2017-07-31 05:00:00+02:00,45939.0
2017-07-31 06:00:00+02:00,48531.0
2017-07-31 07:00:00+02:00,50634.0
2017-07-31 08:00:00+02:00,52257.0
2017-07-31 09:00:00+02:00,53994.0
2017-07-31 10:00:00+02:00,55053.0
2017-07-31 11:00:00+02:00,55363.0
2017-07-31 12:00:00+02:00,55503.0
2017-07-31 13:00:00+02:00,55057.0
2017-07-31 14:00:00+02:00,54520.0
2017-07-31 15:00:00+02:00,54182.0
2017-07-31 16:00:00+02:00,54173.0
2017-07-31 17:00:00+02:00,54618.0
2017-07-31 18:00:00+02:00,54851.0
2017-07-31 19:00:00+02:00,54950.0
2017-07-31 20:00:00+02:00,53581.0
2017-07-31 21:00:00+02:00,52908.0
2017-07-31 22:00:00+02:00,54395.0
2017-07-31 23:00:00+02:00,53400.0
2017-08-01 00:00:00+02:00,51728.0
2017-08-01 01:00:00+02:00,49886.0
2017-08-01 02:00:00+02:00,48485.0
2017-08-01 03:00:00+02:00,47558.0
2017-08-01 04:00:00+02:00,47442.0
2017-08-01 05:00:00+02:00,49190.0
2017-08-01 06:00:00+02:00,50859.0
2017-08-01 07:00:00+02:00,52375.0
2017-08-01 08:00:00+02:00,54313.0
2017-08-01 09:00:00+02:00,55449.0
2017-08-01 10:00:00+02:00,56476.0
2017-08-01 11:00:00+02:00,56698.0
2017-08-01 12:00:00+02:00,56480.0
2017-08-01 13:00:00+02:00,55741.0
2017-08-01 14:00:00+02:00,55073.0
2017-08-01 15:00:00+02:00,54274.0
2017-08-01 16:00:00+02:00,53864.0
2017-08-01 17:00:00+02:00,54252.0
2017-08-01 18:00:00+02:00,54357.0
2017-08-01 19:00:00+02:00,53983.0
2017-08-01 20:00:00+02:00,53485.0
2017-08-01 21:00:00+02:00,52725.0
2017-08-01 22:00:00+02:00,53228.0
2017-08-01 23:00:00+02:00,52142.0
2017-08-02 00:00:00+02:00,48555.0
2017-08-02 01:00:00+02:00,46462.0
2017-08-02 02:00:00+02:00,45849.0
2017-08-02 03:00:00+02:00,45052.0
2017-08-02 04:00:00+02:00,44945.0
2017-08-02 05:00:00+02:00,46294.0
2017-08-02 06:00:00+02:00,49206.0
2017-08-02 07:00:00+02:00,51203.0
2017-08-02 08:00:00+02:00,53639.0
2017-08-02 09:00:00+02:00,55034.0
2017-08-02 10:00:00+02:00,55807.0
2017-08-02 11:00:00+02:00,56618.0
2017-08-02 12:00:00+02:00,57154.0
2017-08-02 13:00:00+02:00,56471.0
2017-08-02 14:00:00+02:00,55888.0
2017-08-02 15:00:00+02:00,55774.0
2017-08-02 16:00:00+02:00,55294.0
2017-08-02 17:00:00+02:00,56065.0
2017-08-02 18:00:00+02:00,56330.0
2017-08-02 19:00:00+02:00,56050.0
2017-08-02 20:00:00+02:00,54855.0
2017-08-02 21:00:00+02:00,54113.0
2017-08-02 22:00:00+02:00,54172.0
2017-08-02 23:00:00+02:00,52954.0
2017-08-03 00:00:00+02:00,49547.0
2017-08-03 01:00:00+02:00,47002.0
2017-08-03 02:00:00+02:00,46216.0
2017-08-03 03:00:00+02:00,45542.0
2017-08-03 04:00:00+02:00,45376.0
2017-08-03 05:00:00+02:00,46619.0
2017-08-03 06:00:00+02:00,48549.0
2017-08-03 07:00:00+02:00,51267.0
2017-08-03 08:00:00+02:00,53961.0
2017-08-03 09:00:00+02:00,55903.0
2017-08-03 10:00:00+02:00,57196.0
2017-08-03 11:00:00+02:00,57729.0
2017-08-03 12:00:00+02:00,57432.0
2017-08-03 13:00:00+02:00,57359.0
2017-08-03 14:00:00+02:00,57104.0
2017-08-03 15:00:00+02:00,55580.0
2017-08-03 16:00:00+02:00,54210.0
2017-08-03 17:00:00+02:00,52834.0
2017-08-03 18:00:00+02:00,52529.0
2017-08-03 19:00:00+02:00,52192.0
2017-08-03 20:00:00+02:00,51014.0
2017-08-03 21:00:00+02:00,50688.0
2017-08-03 22:00:00+02:00,51784.0
2017-08-03 23:00:00+02:00,51555.0
2017-08-04 00:00:00+02:00,46932.0
2017-08-04 01:00:00+02:00,45423.0
2017-08-04 02:00:00+02:00,44868.0
2017-08-04 03:00:00+02:00,44460.0
2017-08-04 04:00:00+02:00,44317.0
2017-08-04 05:00:00+02:00,45277.0
2017-08-04 06:00:00+02:00,46691.0
2017-08-04 07:00:00+02:00,49218.0
2017-08-04 08:00:00+02:00,51845.0
2017-08-04 09:00:00+02:00,54292.0
2017-08-04 10:00:00+02:00,55356.0
2017-08-04 11:00:00+02:00,56274.0
2017-08-04 12:00:00+02:00,56474.0
2017-08-04 13:00:00+02:00,55796.0
2017-08-04 14:00:00+02:00,55041.0
2017-08-04 15:00:00+02:00,54376.0
2017-08-04 16:00:00+02:00,53592.0
2017-08-04 17:00:00+02:00,53110.0
2017-08-04 18:00:00+02:00,52307.0
2017-08-04 19:00:00+02:00,50562.0
2017-08-04 20:00:00+02:00,50021.0
2017-08-04 21:00:00+02:00,49562.0
2017-08-04 22:00:00+02:00,50390.0
2017-08-04 23:00:00+02:00,49585.0
2017-08-05 00:00:00+02:00,46231.0
2017-08-05 01:00:00+02:00,43108.0
2017-08-05 02:00:00+02:00,41916.0
2017-08-05 03:00:00+02:00,41299.0
2017-08-05 04:00:00+02:00,41127.0
2017-08-05 05:00:00+02:00,41345.0
2017-08-05 06:00:00+02:00,41977.0
2017-08-05 07:00:00+02:00,43494.0
2017-08-05 08:00:00+02:00,45986.0
2017-08-05 09:00:00+02:00,48025.0
2017-08-05 10:00:00+02:00,49263.0
2017-08-05 11:00:00+02:00,49944.0
2017-08-05 12:00:00+02:00,50952.0
2017-08-05 13:00:00+02:00,50473.0
2017-08-05 14:00:00+02:00,49234.0
2017-08-05 15:00:00+02:00,48463.0
2017-08-05 16:00:00+02:00,48399.0
2017-08-05 17:00:00+02:00,49358.0
2017-08-05 18:00:00+02:00,49741.0
2017-08-05 19:00:00+02:00,49217.0
2017-08-05 20:00:00+02:00,48227.0
2017-08-05 21:00:00+02:00,47598.0
2017-08-05 22:00:00+02:00,48510.0
2017-08-05 23:00:00+02:00,47820.0
2017-08-06 00:00:00+02:00,44583.0
2017-08-06 01:00:00+02:00,43196.0
2017-08-06 02:00:00+02:00,41607.0
2017-08-06 03:00:00+02:00,40719.0
2017-08-06 04:00:00+02:00,39975.0
2017-08-06 05:00:00+02:00,39135.0
2017-08-06 06:00:00+02:00,39160.0
2017-08-06 07:00:00+02:00,39388.0
2017-08-06 08:00:00+02:00,40712.0
2017-08-06 09:00:00+02:00,43019.0
2017-08-06 10:00:00+02:00,44852.0
2017-08-06 11:00:00+02:00,46132.0
2017-08-06 12:00:00+02:00,47186.0
2017-08-06 13:00:00+02:00,47027.0
2017-08-06 14:00:00+02:00,45856.0
2017-08-06 15:00:00+02:00,44968.0
2017-08-06 16:00:00+02:00,44503.0
2017-08-06 17:00:00+02:00,45737.0
2017-08-06 18:00:00+02:00,47436.0
2017-08-06 19:00:00+02:00,48345.0
2017-08-06 20:00:00+02:00,48077.0
2017-08-06 21:00:00+02:00,48039.0
2017-08-06 22:00:00+02:00,49333.0
2017-08-06 23:00:00+02:00,48858.0
2017-08-07 00:00:00+02:00,46147.0
2017-08-07 01:00:00+02:00,44649.0
2017-08-07 02:00:00+02:00,43312.0
2017-08-07 03:00:00+02:00,42678.0
2017-08-07 04:00:00+02:00,42871.0
2017-08-07 05:00:00+02:00,44847.0
2017-08-07 06:00:00+02:00,46967.0
2017-08-07 07:00:00+02:00,48228.0
2017-08-07 08:00:00+02:00,49784.0
2017-08-07 09:00:00+02:00,51510.0
2017-08-07 10:00:00+02:00,51572.0
2017-08-07 11:00:00+02:00,51895.0
2017-08-07 12:00:00+02:00,52685.0
2017-08-07 13:00:00+02:00,52171.0
2017-08-07 14:00:00+02:00,52100.0
2017-08-07 15:00:00+02:00,52047.0
2017-08-07 16:00:00+02:00,52358.0
2017-08-07 17:00:00+02:00,52450.0
2017-08-07 18:00:00+02:00,53323.0
2017-08-07 19:00:00+02:00,53459.0
2017-08-07 20:00:00+02:00,52125.0
2017-08-07 21:00:00+02:00,52171.0
2017-08-07 22:00:00+02:00,52559.0
2017-08-07 23:00:00+02:00,50730.0
2017-08-08 00:00:00+02:00,46654.0
2017-08-08 01:00:00+02:00,44245.0
2017-08-08 02:00:00+02:00,43243.0
2017-08-08 03:00:00+02:00,43141.0
2017-08-08 04:00:00+02:00,43130.0
2017-08-08 05:00:00+02:00,43901.0
2017-08-08 06:00:00+02:00,47732.0
2017-08-08 07:00:00+02:00,49642.0
2017-08-08 08:00:00+02:00,51447.0
2017-08-08 09:00:00+02:00,52514.0
2017-08-08 10:00:00+02:00,53476.0
2017-08-08 11:00:00+02:00,53253.0
2017-08-08 12:00:00+02:00,53297.0
2017-08-08 13:00:00+02:00,52723.0
2017-08-08 14:00:00+02:00,52669.0
2017-08-08 15:00:00+02:00,52396.0
2017-08-08 16:00:00+02:00,51964.0
2017-08-08 17:00:00+02:00,52379.0
2017-08-08 18:00:00+02:00,52424.0
2017-08-08 19:00:00+02:00,52842.0
2017-08-08 20:00:00+02:00,50694.0
2017-08-08 21:00:00+02:00,49859.0
2017-08-08 22:00:00+02:00,49951.0
2017-08-08 23:00:00+02:00,48794.0
2017-08-09 00:00:00+02:00,45793.0
2017-08-09 01:00:00+02:00,44226.0
2017-08-09 02:00:00+02:00,43726.0
2017-08-09 03:00:00+02:00,43728.0
2017-08-09 04:00:00+02:00,43622.0
2017-08-09 05:00:00+02:00,43601.0
2017-08-09 06:00:00+02:00,47031.0
2017-08-09 07:00:00+02:00,49400.0
2017-08-09 08:00:00+02:00,50993.0
2017-08-09 09:00:00+02:00,52848.0
2017-08-09 10:00:00+02:00,54101.0
2017-08-09 11:00:00+02:00,54243.0
2017-08-09 12:00:00+02:00,54949.0
2017-08-09 13:00:00+02:00,55048.0
2017-08-09 14:00:00+02:00,54863.0
2017-08-09 15:00:00+02:00,53999.0
2017-08-09 16:00:00+02:00,53895.0
2017-08-09 17:00:00+02:00,54107.0
2017-08-09 18:00:00+02:00,54460.0
2017-08-09 19:00:00+02:00,54790.0
2017-08-09 20:00:00+02:00,54003.0
2017-08-09 21:00:00+02:00,53277.0
2017-08-09 22:00:00+02:00,53530.0
2017-08-09 23:00:00+02:00,52797.0
2017-08-10 00:00:00+02:00,49460.0
2017-08-10 01:00:00+02:00,47391.0
2017-08-10 02:00:00+02:00,46177.0
2017-08-10 03:00:00+02:00,45273.0
2017-08-10 04:00:00+02:00,45005.0
2017-08-10 05:00:00+02:00,45453.0
2017-08-10 06:00:00+02:00,48454.0
2017-08-10 07:00:00+02:00,50615.0
2017-08-10 08:00:00+02:00,52849.0
2017-08-10 09:00:00+02:00,55410.0
2017-08-10 10:00:00+02:00,56467.0
2017-08-10 11:00:00+02:00,57531.0
2017-08-10 12:00:00+02:00,58381.0
2017-08-10 13:00:00+02:00,57690.0
2017-08-10 14:00:00+02:00,56335.0
2017-08-10 15:00:00+02:00,55507.0
2017-08-10 16:00:00+02:00,54840.0
2017-08-10 17:00:00+02:00,54557.0
2017-08-10 18:00:00+02:00,53981.0
2017-08-10 19:00:00+02:00,53127.0
2017-08-10 20:00:00+02:00,52446.0
2017-08-10 21:00:00+02:00,52074.0
2017-08-10 22:00:00+02:00,52274.0
2017-08-10 23:00:00+02:00,50890.0
2017-08-11 00:00:00+02:00,47328.0
2017-08-11 01:00:00+02:00,45497.0
2017-08-11 02:00:00+02:00,44648.0
2017-08-11 03:00:00+02:00,42986.0
2017-08-11 04:00:00+02:00,43074.0
2017-08-11 05:00:00+02:00,44472.0
2017-08-11 06:00:00+02:00,47881.0
2017-08-11 07:00:00+02:00,50026.0
2017-08-11 08:00:00+02:00,52742.0
2017-08-11 09:00:00+02:00,54958.0
2017-08-11 10:00:00+02:00,56203.0
2017-08-11 11:00:00+02:00,56610.0
2017-08-11 12:00:00+02:00,57326.0
2017-08-11 13:00:00+02:00,57448.0
2017-08-11 14:00:00+02:00,56936.0
2017-08-11 15:00:00+02:00,55895.0
2017-08-11 16:00:00+02:00,54739.0
2017-08-11 17:00:00+02:00,54728.0
2017-08-11 18:00:00+02:00,54396.0
2017-08-11 19:00:00+02:00,53523.0
2017-08-11 20:00:00+02:00,51890.0
2017-08-11 21:00:00+02:00,50715.0
2017-08-11 22:00:00+02:00,50933.0
2017-08-11 23:00:00+02:00,49142.0
2017-08-12 00:00:00+02:00,47752.0
2017-08-12 01:00:00+02:00,45773.0
2017-08-12 02:00:00+02:00,44582.0
2017-08-12 03:00:00+02:00,42675.0
2017-08-12 04:00:00+02:00,42098.0
2017-08-12 05:00:00+02:00,42273.0
2017-08-12 06:00:00+02:00,43034.0
2017-08-12 07:00:00+02:00,44453.0
2017-08-12 08:00:00+02:00,47167.0
2017-08-12 09:00:00+02:00,49631.0
2017-08-12 10:00:00+02:00,51376.0
2017-08-12 11:00:00+02:00,51745.0
2017-08-12 12:00:00+02:00,52255.0
2017-08-12 13:00:00+02:00,51647.0
2017-08-12 14:00:00+02:00,49665.0
2017-08-12 15:00:00+02:00,48490.0
2017-08-12 16:00:00+02:00,47395.0
2017-08-12 17:00:00+02:00,48783.0
2017-08-12 18:00:00+02:00,48055.0
2017-08-12 19:00:00+02:00,47500.0
2017-08-12 20:00:00+02:00,46412.0
2017-08-12 21:00:00+02:00,47071.0
2017-08-12 22:00:00+02:00,47794.0
2017-08-12 23:00:00+02:00,47752.0
2017-08-13 00:00:00+02:00,44474.0
2017-08-13 01:00:00+02:00,43101.0
2017-08-13 02:00:00+02:00,41829.0
2017-08-13 03:00:00+02:00,40752.0
2017-08-13 04:00:00+02:00,40382.0
2017-08-13 05:00:00+02:00,40050.0
2017-08-13 06:00:00+02:00,39809.0
2017-08-13 07:00:00+02:00,40945.0
2017-08-13 08:00:00+02:00,43298.0
2017-08-13 09:00:00+02:00,45654.0
2017-08-13 10:00:00+02:00,46901.0
2017-08-13 11:00:00+02:00,47697.0
2017-08-13 12:00:00+02:00,48105.0
2017-08-13 13:00:00+02:00,47117.0
2017-08-13 14:00:00+02:00,46128.0
2017-08-13 15:00:00+02:00,45475.0
2017-08-13 16:00:00+02:00,45462.0
2017-08-13 17:00:00+02:00,46324.0
2017-08-13 18:00:00+02:00,47613.0
2017-08-13 19:00:00+02:00,48279.0
2017-08-13 20:00:00+02:00,48629.0
2017-08-13 21:00:00+02:00,48708.0
2017-08-13 22:00:00+02:00,49364.0
2017-08-13 23:00:00+02:00,48756.0
2017-08-14 00:00:00+02:00,46334.0
2017-08-14 01:00:00+02:00,44543.0
2017-08-14 02:00:00+02:00,43434.0
2017-08-14 03:00:00+02:00,42727.0
2017-08-14 04:00:00+02:00,42647.0
2017-08-14 05:00:00+02:00,43911.0
2017-08-14 06:00:00+02:00,47044.0
2017-08-14 07:00:00+02:00,47564.0
2017-08-14 08:00:00+02:00,49151.0
2017-08-14 09:00:00+02:00,51173.0
2017-08-14 10:00:00+02:00,52205.0
2017-08-14 11:00:00+02:00,52706.0
2017-08-14 12:00:00+02:00,53424.0
2017-08-14 13:00:00+02:00,53478.0
2017-08-14 14:00:00+02:00,52929.0
2017-08-14 15:00:00+02:00,52852.0
2017-08-14 16:00:00+02:00,52373.0
2017-08-14 17:00:00+02:00,51997.0
2017-08-14 18:00:00+02:00,52427.0
2017-08-14 19:00:00+02:00,51181.0
2017-08-14 20:00:00+02:00,49925.0
2017-08-14 21:00:00+02:00,49435.0
2017-08-14 22:00:00+02:00,49348.0
2017-08-14 23:00:00+02:00,49203.0
2017-08-15 00:00:00+02:00,47325.0
2017-08-15 01:00:00+02:00,45236.0
2017-08-15 02:00:00+02:00,45357.0
2017-08-15 03:00:00+02:00,45179.0
2017-08-15 04:00:00+02:00,45334.0
2017-08-15 05:00:00+02:00,46155.0
2017-08-15 06:00:00+02:00,46398.0
2017-08-15 07:00:00+02:00,47884.0
2017-08-15 08:00:00+02:00,49776.0
2017-08-15 09:00:00+02:00,50783.0
2017-08-15 10:00:00+02:00,51173.0
2017-08-15 11:00:00+02:00,51139.0
2017-08-15 12:00:00+02:00,51502.0
2017-08-15 13:00:00+02:00,51662.0
2017-08-15 14:00:00+02:00,50641.0
2017-08-15 15:00:00+02:00,49110.0
2017-08-15 16:00:00+02:00,48922.0
2017-08-15 17:00:00+02:00,51371.0
2017-08-15 18:00:00+02:00,52230.0
2017-08-15 19:00:00+02:00,51182.0
2017-08-15 20:00:00+02:00,50551.0
2017-08-15 21:00:00+02:00,50491.0
2017-08-15 22:00:00+02:00,51192.0
2017-08-15 23:00:00+02:00,49161.0
2017-08-16 00:00:00+02:00,45232.0
2017-08-16 01:00:00+02:00,43573.0
2017-08-16 02:00:00+02:00,42680.0
2017-08-16 03:00:00+02:00,41636.0
2017-08-16 04:00:00+02:00,41702.0
2017-08-16 05:00:00+02:00,42898.0
2017-08-16 06:00:00+02:00,46551.0
2017-08-16 07:00:00+02:00,48844.0
2017-08-16 08:00:00+02:00,50269.0
2017-08-16 09:00:00+02:00,52321.0
2017-08-16 10:00:00+02:00,53161.0
2017-08-16 11:00:00+02:00,53245.0
2017-08-16 12:00:00+02:00,53821.0
2017-08-16 13:00:00+02:00,53483.0
2017-08-16 14:00:00+02:00,52430.0
2017-08-16 15:00:00+02:00,51710.0
2017-08-16 16:00:00+02:00,51522.0
2017-08-16 17:00:00+02:00,51636.0
2017-08-16 18:00:00+02:00,51710.0
2017-08-16 19:00:00+02:00,52059.0
2017-08-16 20:00:00+02:00,52200.0
2017-08-16 21:00:00+02:00,51845.0
2017-08-16 22:00:00+02:00,52259.0
2017-08-16 23:00:00+02:00,50126.0
2017-08-17 00:00:00+02:00,47232.0
2017-08-17 01:00:00+02:00,45784.0
2017-08-17 02:00:00+02:00,44723.0
2017-08-17 03:00:00+02:00,42880.0
2017-08-17 04:00:00+02:00,42722.0
2017-08-17 05:00:00+02:00,44015.0
2017-08-17 06:00:00+02:00,46968.0
2017-08-17 07:00:00+02:00,49889.0
2017-08-17 08:00:00+02:00,51612.0
2017-08-17 09:00:00+02:00,53793.0
2017-08-17 10:00:00+02:00,55046.0
2017-08-17 11:00:00+02:00,55499.0
2017-08-17 12:00:00+02:00,55292.0
2017-08-17 13:00:00+02:00,54442.0
2017-08-17 14:00:00+02:00,53913.0
2017-08-17 15:00:00+02:00,53327.0
2017-08-17 16:00:00+02:00,52777.0
2017-08-17 17:00:00+02:00,52904.0
2017-08-17 18:00:00+02:00,52227.0
2017-08-17 19:00:00+02:00,51255.0
2017-08-17 20:00:00+02:00,50596.0
2017-08-17 21:00:00+02:00,50393.0
2017-08-17 22:00:00+02:00,50198.0
2017-08-17 23:00:00+02:00,49907.0
2017-08-18 00:00:00+02:00,46951.0
2017-08-18 01:00:00+02:00,44718.0
2017-08-18 02:00:00+02:00,43904.0
2017-08-18 03:00:00+02:00,43781.0
2017-08-18 04:00:00+02:00,43427.0
2017-08-18 05:00:00+02:00,44187.0
2017-08-18 06:00:00+02:00,48084.0
2017-08-18 07:00:00+02:00,50071.0
2017-08-18 08:00:00+02:00,51679.0
2017-08-18 09:00:00+02:00,54014.0
2017-08-18 10:00:00+02:00,55100.0
2017-08-18 11:00:00+02:00,55156.0
2017-08-18 12:00:00+02:00,55490.0
2017-08-18 13:00:00+02:00,54871.0
2017-08-18 14:00:00+02:00,53944.0
2017-08-18 15:00:00+02:00,52844.0
2017-08-18 16:00:00+02:00,52517.0
2017-08-18 17:00:00+02:00,53937.0
2017-08-18 18:00:00+02:00,53485.0
2017-08-18 19:00:00+02:00,52522.0
2017-08-18 20:00:00+02:00,51838.0
2017-08-18 21:00:00+02:00,51476.0
2017-08-18 22:00:00+02:00,51546.0
2017-08-18 23:00:00+02:00,50071.0
2017-08-19 00:00:00+02:00,46773.0
2017-08-19 01:00:00+02:00,44269.0
2017-08-19 02:00:00+02:00,42707.0
2017-08-19 03:00:00+02:00,42076.0
2017-08-19 04:00:00+02:00,42456.0
2017-08-19 05:00:00+02:00,42467.0
2017-08-19 06:00:00+02:00,42284.0
2017-08-19 07:00:00+02:00,42971.0
2017-08-19 08:00:00+02:00,45237.0
2017-08-19 09:00:00+02:00,47020.0
2017-08-19 10:00:00+02:00,48537.0
2017-08-19 11:00:00+02:00,49598.0
2017-08-19 12:00:00+02:00,50742.0
2017-08-19 13:00:00+02:00,50983.0
2017-08-19 14:00:00+02:00,49622.0
2017-08-19 15:00:00+02:00,48560.0
2017-08-19 16:00:00+02:00,47719.0
2017-08-19 17:00:00+02:00,47527.0
2017-08-19 18:00:00+02:00,48513.0
2017-08-19 19:00:00+02:00,49096.0
2017-08-19 20:00:00+02:00,48561.0
2017-08-19 21:00:00+02:00,48644.0
2017-08-19 22:00:00+02:00,48846.0
2017-08-19 23:00:00+02:00,48753.0
2017-08-20 00:00:00+02:00,46209.0
2017-08-20 01:00:00+02:00,44099.0
2017-08-20 02:00:00+02:00,42553.0
2017-08-20 03:00:00+02:00,40749.0
2017-08-20 04:00:00+02:00,40184.0
2017-08-20 05:00:00+02:00,40270.0
2017-08-20 06:00:00+02:00,40396.0
2017-08-20 07:00:00+02:00,40631.0
2017-08-20 08:00:00+02:00,41413.0
2017-08-20 09:00:00+02:00,42850.0
2017-08-20 10:00:00+02:00,44193.0
2017-08-20 11:00:00+02:00,45270.0
2017-08-20 12:00:00+02:00,46841.0
2017-08-20 13:00:00+02:00,45703.0
2017-08-20 14:00:00+02:00,44324.0
2017-08-20 15:00:00+02:00,43682.0
2017-08-20 16:00:00+02:00,43933.0
2017-08-20 17:00:00+02:00,46002.0
2017-08-20 18:00:00+02:00,46298.0
2017-08-20 19:00:00+02:00,47496.0
2017-08-20 20:00:00+02:00,47491.0
2017-08-20 21:00:00+02:00,47524.0
2017-08-20 22:00:00+02:00,48116.0
2017-08-20 23:00:00+02:00,47976.0
2017-08-21 00:00:00+02:00,45685.0
2017-08-21 01:00:00+02:00,43668.0
2017-08-21 02:00:00+02:00,42742.0
2017-08-21 03:00:00+02:00,42873.0
2017-08-21 04:00:00+02:00,43240.0
2017-08-21 05:00:00+02:00,44223.0
2017-08-21 06:00:00+02:00,48529.0
2017-08-21 07:00:00+02:00,50594.0
2017-08-21 08:00:00+02:00,52817.0
2017-08-21 09:00:00+02:00,54249.0
2017-08-21 10:00:00+02:00,55260.0
2017-08-21 11:00:00+02:00,56198.0
2017-08-21 12:00:00+02:00,56615.0
2017-08-21 13:00:00+02:00,56420.0
2017-08-21 14:00:00+02:00,55829.0
2017-08-21 15:00:00+02:00,54964.0
2017-08-21 16:00:00+02:00,54116.0
2017-08-21 17:00:00+02:00,54495.0
2017-08-21 18:00:00+02:00,53872.0
2017-08-21 19:00:00+02:00,53536.0
2017-08-21 20:00:00+02:00,52941.0
2017-08-21 21:00:00+02:00,52643.0
2017-08-21 22:00:00+02:00,52913.0
2017-08-21 23:00:00+02:00,52368.0
2017-08-22 00:00:00+02:00,50287.0
2017-08-22 01:00:00+02:00,48422.0
2017-08-22 02:00:00+02:00,47604.0
2017-08-22 03:00:00+02:00,47390.0
2017-08-22 04:00:00+02:00,47772.0
2017-08-22 05:00:00+02:00,48515.0
2017-08-22 06:00:00+02:00,51230.0
2017-08-22 07:00:00+02:00,53573.0
2017-08-22 08:00:00+02:00,55557.0
2017-08-22 09:00:00+02:00,56789.0
2017-08-22 10:00:00+02:00,57885.0
2017-08-22 11:00:00+02:00,58477.0
2017-08-22 12:00:00+02:00,58227.0
2017-08-22 13:00:00+02:00,58106.0
2017-08-22 14:00:00+02:00,57163.0
2017-08-22 15:00:00+02:00,56530.0
2017-08-22 16:00:00+02:00,56372.0
2017-08-22 17:00:00+02:00,56748.0
2017-08-22 18:00:00+02:00,56832.0
2017-08-22 19:00:00+02:00,56463.0
2017-08-22 20:00:00+02:00,56057.0
2017-08-22 21:00:00+02:00,55614.0
2017-08-22 22:00:00+02:00,55571.0
2017-08-22 23:00:00+02:00,54976.0
2017-08-23 00:00:00+02:00,50820.0
2017-08-23 01:00:00+02:00,49801.0
2017-08-23 02:00:00+02:00,49309.0
2017-08-23 03:00:00+02:00,48694.0
2017-08-23 04:00:00+02:00,48390.0
2017-08-23 05:00:00+02:00,49815.0
2017-08-23 06:00:00+02:00,52378.0
2017-08-23 07:00:00+02:00,54558.0
2017-08-23 08:00:00+02:00,55782.0
2017-08-23 09:00:00+02:00,56892.0
2017-08-23 10:00:00+02:00,57901.0
2017-08-23 11:00:00+02:00,58314.0
2017-08-23 12:00:00+02:00,59625.0
2017-08-23 13:00:00+02:00,59066.0
2017-08-23 14:00:00+02:00,58910.0
2017-08-23 15:00:00+02:00,58332.0
2017-08-23 16:00:00+02:00,57974.0
2017-08-23 17:00:00+02:00,58164.0
2017-08-23 18:00:00+02:00,58511.0
2017-08-23 19:00:00+02:00,58379.0
2017-08-23 20:00:00+02:00,57541.0
2017-08-23 21:00:00+02:00,56054.0
2017-08-23 22:00:00+02:00,55192.0
2017-08-23 23:00:00+02:00,54526.0
2017-08-24 00:00:00+02:00,49201.0
2017-08-24 01:00:00+02:00,46819.0
2017-08-24 02:00:00+02:00,46271.0
2017-08-24 03:00:00+02:00,46116.0
2017-08-24 04:00:00+02:00,45871.0
2017-08-24 05:00:00+02:00,45902.0
2017-08-24 06:00:00+02:00,48752.0
2017-08-24 07:00:00+02:00,51150.0
2017-08-24 08:00:00+02:00,54477.0
2017-08-24 09:00:00+02:00,55986.0
2017-08-24 10:00:00+02:00,57240.0
2017-08-24 11:00:00+02:00,57597.0
2017-08-24 12:00:00+02:00,58072.0
2017-08-24 13:00:00+02:00,57753.0
2017-08-24 14:00:00+02:00,56991.0
2017-08-24 15:00:00+02:00,56297.0
2017-08-24 16:00:00+02:00,55909.0
2017-08-24 17:00:00+02:00,55948.0
2017-08-24 18:00:00+02:00,55818.0
2017-08-24 19:00:00+02:00,55572.0
2017-08-24 20:00:00+02:00,55329.0
2017-08-24 21:00:00+02:00,55090.0
2017-08-24 22:00:00+02:00,54916.0
2017-08-24 23:00:00+02:00,55098.0
2017-08-25 00:00:00+02:00,50188.0
2017-08-25 01:00:00+02:00,48720.0
2017-08-25 02:00:00+02:00,47928.0
2017-08-25 03:00:00+02:00,47610.0
2017-08-25 04:00:00+02:00,47434.0
2017-08-25 05:00:00+02:00,49355.0
2017-08-25 06:00:00+02:00,51579.0
2017-08-25 07:00:00+02:00,52874.0
2017-08-25 08:00:00+02:00,54249.0
2017-08-25 09:00:00+02:00,56225.0
2017-08-25 10:00:00+02:00,56567.0
2017-08-25 11:00:00+02:00,56278.0
2017-08-25 12:00:00+02:00,56990.0
2017-08-25 13:00:00+02:00,57226.0
2017-08-25 14:00:00+02:00,56597.0
2017-08-25 15:00:00+02:00,55768.0
2017-08-25 16:00:00+02:00,55381.0
2017-08-25 17:00:00+02:00,55848.0
2017-08-25 18:00:00+02:00,55963.0
2017-08-25 19:00:00+02:00,55187.0
2017-08-25 20:00:00+02:00,54699.0
2017-08-25 21:00:00+02:00,53839.0
2017-08-25 22:00:00+02:00,53529.0
2017-08-25 23:00:00+02:00,52665.0
2017-08-26 00:00:00+02:00,46953.0
2017-08-26 01:00:00+02:00,44720.0
2017-08-26 02:00:00+02:00,42160.0
2017-08-26 03:00:00+02:00,41726.0
2017-08-26 04:00:00+02:00,41294.0
2017-08-26 05:00:00+02:00,41339.0
2017-08-26 06:00:00+02:00,42416.0
2017-08-26 07:00:00+02:00,44141.0
2017-08-26 08:00:00+02:00,45932.0
2017-08-26 09:00:00+02:00,47854.0
2017-08-26 10:00:00+02:00,49378.0
2017-08-26 11:00:00+02:00,49254.0
2017-08-26 12:00:00+02:00,50966.0
2017-08-26 13:00:00+02:00,50354.0
2017-08-26 14:00:00+02:00,49446.0
2017-08-26 15:00:00+02:00,48823.0
2017-08-26 16:00:00+02:00,49028.0
2017-08-26 17:00:00+02:00,49492.0
2017-08-26 18:00:00+02:00,49578.0
2017-08-26 19:00:00+02:00,48649.0
2017-08-26 20:00:00+02:00,48530.0
2017-08-26 21:00:00+02:00,48515.0
2017-08-26 22:00:00+02:00,48925.0
2017-08-26 23:00:00+02:00,48717.0
2017-08-27 00:00:00+02:00,45422.0
2017-08-27 01:00:00+02:00,43833.0
2017-08-27 02:00:00+02:00,42968.0
2017-08-27 03:00:00+02:00,42482.0
2017-08-27 04:00:00+02:00,41477.0
2017-08-27 05:00:00+02:00,41581.0
2017-08-27 06:00:00+02:00,41201.0
2017-08-27 07:00:00+02:00,41089.0
2017-08-27 08:00:00+02:00,42492.0
2017-08-27 09:00:00+02:00,45132.0
2017-08-27 10:00:00+02:00,46677.0
2017-08-27 11:00:00+02:00,48487.0
2017-08-27 12:00:00+02:00,48514.0
2017-08-27 13:00:00+02:00,47029.0
2017-08-27 14:00:00+02:00,45775.0
2017-08-27 15:00:00+02:00,45679.0
2017-08-27 16:00:00+02:00,45067.0
2017-08-27 17:00:00+02:00,45721.0
2017-08-27 18:00:00+02:00,49492.0
2017-08-27 19:00:00+02:00,50294.0
2017-08-27 20:00:00+02:00,50516.0
2017-08-27 21:00:00+02:00,50718.0
2017-08-27 22:00:00+02:00,52247.0
2017-08-27 23:00:00+02:00,51171.0
2017-08-28 00:00:00+02:00,46141.0
2017-08-28 01:00:00+02:00,44636.0
2017-08-28 02:00:00+02:00,44102.0
2017-08-28 03:00:00+02:00,43063.0
2017-08-28 04:00:00+02:00,43499.0
2017-08-28 05:00:00+02:00,46924.0
2017-08-28 06:00:00+02:00,51640.0
2017-08-28 07:00:00+02:00,53391.0
2017-08-28 08:00:00+02:00,55560.0
2017-08-28 09:00:00+02:00,56779.0
2017-08-28 10:00:00+02:00,57975.0
2017-08-28 11:00:00+02:00,58947.0
2017-08-28 12:00:00+02:00,59457.0
2017-08-28 13:00:00+02:00,59543.0
2017-08-28 14:00:00+02:00,59113.0
2017-08-28 15:00:00+02:00,58278.0
2017-08-28 16:00:00+02:00,57654.0
2017-08-28 17:00:00+02:00,57739.0
2017-08-28 18:00:00+02:00,56990.0
2017-08-28 19:00:00+02:00,57379.0
2017-08-28 20:00:00+02:00,56670.0
2017-08-28 21:00:00+02:00,55563.0
2017-08-28 22:00:00+02:00,55256.0
2017-08-28 23:00:00+02:00,54516.0
2017-08-29 00:00:00+02:00,50321.0
2017-08-29 01:00:00+02:00,47879.0
2017-08-29 02:00:00+02:00,47147.0
2017-08-29 03:00:00+02:00,46041.0
2017-08-29 04:00:00+02:00,46754.0
2017-08-29 05:00:00+02:00,48074.0
2017-08-29 06:00:00+02:00,51702.0
2017-08-29 07:00:00+02:00,54084.0
2017-08-29 08:00:00+02:00,55694.0
2017-08-29 09:00:00+02:00,57786.0
2017-08-29 10:00:00+02:00,59093.0
2017-08-29 11:00:00+02:00,59690.0
2017-08-29 12:00:00+02:00,60291.0
2017-08-29 13:00:00+02:00,59882.0
2017-08-29 14:00:00+02:00,58863.0
2017-08-29 15:00:00+02:00,58325.0
2017-08-29 16:00:00+02:00,57487.0
2017-08-29 17:00:00+02:00,57649.0
2017-08-29 18:00:00+02:00,57642.0
2017-08-29 19:00:00+02:00,57566.0
2017-08-29 20:00:00+02:00,57060.0
2017-08-29 21:00:00+02:00,55998.0
2017-08-29 22:00:00+02:00,55574.0
2017-08-29 23:00:00+02:00,55272.0
2017-08-30 00:00:00+02:00,50705.0
2017-08-30 01:00:00+02:00,49014.0
2017-08-30 02:00:00+02:00,48720.0
2017-08-30 03:00:00+02:00,47534.0
2017-08-30 04:00:00+02:00,47467.0
2017-08-30 05:00:00+02:00,48431.0
2017-08-30 06:00:00+02:00,51305.0
2017-08-30 07:00:00+02:00,54355.0
2017-08-30 08:00:00+02:00,56462.0
2017-08-30 09:00:00+02:00,58063.0
2017-08-30 10:00:00+02:00,59611.0
2017-08-30 11:00:00+02:00,60803.0
2017-08-30 12:00:00+02:00,61419.0
2017-08-30 13:00:00+02:00,61017.0
2017-08-30 14:00:00+02:00,59811.0
2017-08-30 15:00:00+02:00,59041.0
2017-08-30 16:00:00+02:00,58321.0
2017-08-30 17:00:00+02:00,58477.0
2017-08-30 18:00:00+02:00,57894.0
2017-08-30 19:00:00+02:00,58087.0
2017-08-30 20:00:00+02:00,57658.0
2017-08-30 21:00:00+02:00,56403.0
2017-08-30 22:00:00+02:00,55667.0
2017-08-30 23:00:00+02:00,54831.0
2017-08-31 00:00:00+02:00,49817.0
2017-08-31 01:00:00+02:00,48757.0
2017-08-31 02:00:00+02:00,48114.0
2017-08-31 03:00:00+02:00,47894.0
2017-08-31 04:00:00+02:00,48404.0
2017-08-31 05:00:00+02:00,48696.0
2017-08-31 06:00:00+02:00,50920.0
2017-08-31 07:00:00+02:00,54211.0
2017-08-31 08:00:00+02:00,55605.0
2017-08-31 09:00:00+02:00,56731.0
2017-08-31 10:00:00+02:00,58116.0
2017-08-31 11:00:00+02:00,58860.0
2017-08-31 12:00:00+02:00,59348.0
2017-08-31 13:00:00+02:00,59485.0
2017-08-31 14:00:00+02:00,58971.0
2017-08-31 15:00:00+02:00,57885.0
2017-08-31 16:00:00+02:00,56643.0
2017-08-31 17:00:00+02:00,56563.0
2017-08-31 18:00:00+02:00,55981.0
2017-08-31 19:00:00+02:00,55513.0
2017-08-31 20:00:00+02:00,55516.0
2017-08-31 21:00:00+02:00,54789.0
2017-08-31 22:00:00+02:00,54252.0
2017-08-31 23:00:00+02:00,53466.0
2017-09-01 00:00:00+02:00,49901.0
2017-09-01 01:00:00+02:00,48098.0
2017-09-01 02:00:00+02:00,47522.0
2017-09-01 03:00:00+02:00,47258.0
2017-09-01 04:00:00+02:00,47371.0
2017-09-01 05:00:00+02:00,48912.0
2017-09-01 06:00:00+02:00,52850.0
2017-09-01 07:00:00+02:00,56179.0
2017-09-01 08:00:00+02:00,58535.0
2017-09-01 09:00:00+02:00,60578.0
2017-09-01 10:00:00+02:00,61653.0
2017-09-01 11:00:00+02:00,62633.0
2017-09-01 12:00:00+02:00,62608.0
2017-09-01 13:00:00+02:00,62098.0
2017-09-01 14:00:00+02:00,59878.0
2017-09-01 15:00:00+02:00,59322.0
2017-09-01 16:00:00+02:00,58605.0
2017-09-01 17:00:00+02:00,58597.0
2017-09-01 18:00:00+02:00,58236.0
2017-09-01 19:00:00+02:00,57419.0
2017-09-01 20:00:00+02:00,57092.0
2017-09-01 21:00:00+02:00,56337.0
2017-09-01 22:00:00+02:00,55065.0
2017-09-01 23:00:00+02:00,53357.0
2017-09-02 00:00:00+02:00,50123.0
2017-09-02 01:00:00+02:00,47490.0
2017-09-02 02:00:00+02:00,46689.0
2017-09-02 03:00:00+02:00,46432.0
2017-09-02 04:00:00+02:00,45933.0
2017-09-02 05:00:00+02:00,46065.0
2017-09-02 06:00:00+02:00,46603.0
2017-09-02 07:00:00+02:00,47828.0
2017-09-02 08:00:00+02:00,49906.0
2017-09-02 09:00:00+02:00,52386.0
2017-09-02 10:00:00+02:00,53781.0
2017-09-02 11:00:00+02:00,54030.0
2017-09-02 12:00:00+02:00,53828.0
2017-09-02 13:00:00+02:00,53675.0
2017-09-02 14:00:00+02:00,52376.0
2017-09-02 15:00:00+02:00,51992.0
2017-09-02 16:00:00+02:00,51419.0
2017-09-02 17:00:00+02:00,52122.0
2017-09-02 18:00:00+02:00,51992.0
2017-09-02 19:00:00+02:00,51727.0
2017-09-02 20:00:00+02:00,52396.0
2017-09-02 21:00:00+02:00,51069.0
2017-09-02 22:00:00+02:00,50125.0
2017-09-02 23:00:00+02:00,49525.0
2017-09-03 00:00:00+02:00,47153.0
2017-09-03 01:00:00+02:00,46119.0
2017-09-03 02:00:00+02:00,44504.0
2017-09-03 03:00:00+02:00,43385.0
2017-09-03 04:00:00+02:00,43234.0
2017-09-03 05:00:00+02:00,43411.0
2017-09-03 06:00:00+02:00,43746.0
2017-09-03 07:00:00+02:00,43964.0
2017-09-03 08:00:00+02:00,45207.0
2017-09-03 09:00:00+02:00,47274.0
2017-09-03 10:00:00+02:00,48184.0
2017-09-03 11:00:00+02:00,48912.0
2017-09-03 12:00:00+02:00,49511.0
2017-09-03 13:00:00+02:00,48732.0
2017-09-03 14:00:00+02:00,47668.0
2017-09-03 15:00:00+02:00,47326.0
2017-09-03 16:00:00+02:00,47125.0
2017-09-03 17:00:00+02:00,46773.0
2017-09-03 18:00:00+02:00,48186.0
2017-09-03 19:00:00+02:00,49594.0
2017-09-03 20:00:00+02:00,50667.0
2017-09-03 21:00:00+02:00,50343.0
2017-09-03 22:00:00+02:00,50235.0
2017-09-03 23:00:00+02:00,49485.0
2017-09-04 00:00:00+02:00,48570.0
2017-09-04 01:00:00+02:00,47056.0
2017-09-04 02:00:00+02:00,46254.0
2017-09-04 03:00:00+02:00,45784.0
2017-09-04 04:00:00+02:00,46451.0
2017-09-04 05:00:00+02:00,48579.0
2017-09-04 06:00:00+02:00,52991.0
2017-09-04 07:00:00+02:00,55893.0
2017-09-04 08:00:00+02:00,58072.0
2017-09-04 09:00:00+02:00,58531.0
2017-09-04 10:00:00+02:00,58979.0
2017-09-04 11:00:00+02:00,59180.0
2017-09-04 12:00:00+02:00,59370.0
2017-09-04 13:00:00+02:00,59241.0
2017-09-04 14:00:00+02:00,58799.0
2017-09-04 15:00:00+02:00,58282.0
2017-09-04 16:00:00+02:00,57661.0
2017-09-04 17:00:00+02:00,58465.0
2017-09-04 18:00:00+02:00,58745.0
2017-09-04 19:00:00+02:00,58565.0
2017-09-04 20:00:00+02:00,58014.0
2017-09-04 21:00:00+02:00,56413.0
2017-09-04 22:00:00+02:00,55363.0
2017-09-04 23:00:00+02:00,54848.0
2017-09-05 00:00:00+02:00,51703.0
2017-09-05 01:00:00+02:00,50296.0
2017-09-05 02:00:00+02:00,49232.0
2017-09-05 03:00:00+02:00,48585.0
2017-09-05 04:00:00+02:00,49007.0
2017-09-05 05:00:00+02:00,50365.0
2017-09-05 06:00:00+02:00,53551.0
2017-09-05 07:00:00+02:00,56415.0
2017-09-05 08:00:00+02:00,57784.0
2017-09-05 09:00:00+02:00,58851.0
2017-09-05 10:00:00+02:00,59736.0
2017-09-05 11:00:00+02:00,60278.0
2017-09-05 12:00:00+02:00,60759.0
2017-09-05 13:00:00+02:00,61013.0
2017-09-05 14:00:00+02:00,60573.0
2017-09-05 15:00:00+02:00,59930.0
2017-09-05 16:00:00+02:00,59620.0
2017-09-05 17:00:00+02:00,60331.0
2017-09-05 18:00:00+02:00,60797.0
2017-09-05 19:00:00+02:00,60494.0
2017-09-05 20:00:00+02:00,59764.0
2017-09-05 21:00:00+02:00,58476.0
2017-09-05 22:00:00+02:00,57187.0
2017-09-05 23:00:00+02:00,56183.0
2017-09-06 00:00:00+02:00,53634.0
2017-09-06 01:00:00+02:00,52757.0
2017-09-06 02:00:00+02:00,51820.0
2017-09-06 03:00:00+02:00,51078.0
2017-09-06 04:00:00+02:00,50830.0
2017-09-06 05:00:00+02:00,51582.0
2017-09-06 06:00:00+02:00,54105.0
2017-09-06 07:00:00+02:00,57145.0
2017-09-06 08:00:00+02:00,58715.0
2017-09-06 09:00:00+02:00,60093.0
2017-09-06 10:00:00+02:00,60925.0
2017-09-06 11:00:00+02:00,61642.0
2017-09-06 12:00:00+02:00,61681.0
2017-09-06 13:00:00+02:00,61854.0
2017-09-06 14:00:00+02:00,61841.0
2017-09-06 15:00:00+02:00,61193.0
2017-09-06 16:00:00+02:00,60596.0
2017-09-06 17:00:00+02:00,59649.0
2017-09-06 18:00:00+02:00,58823.0
2017-09-06 19:00:00+02:00,57660.0
2017-09-06 20:00:00+02:00,56840.0
2017-09-06 21:00:00+02:00,56014.0
2017-09-06 22:00:00+02:00,55253.0
2017-09-06 23:00:00+02:00,54634.0
2017-09-07 00:00:00+02:00,49765.0
2017-09-07 01:00:00+02:00,48676.0
2017-09-07 02:00:00+02:00,48422.0
2017-09-07 03:00:00+02:00,47623.0
2017-09-07 04:00:00+02:00,47604.0
2017-09-07 05:00:00+02:00,48436.0
2017-09-07 06:00:00+02:00,51770.0
2017-09-07 07:00:00+02:00,54668.0
2017-09-07 08:00:00+02:00,55869.0
2017-09-07 09:00:00+02:00,57762.0
2017-09-07 10:00:00+02:00,59393.0
2017-09-07 11:00:00+02:00,60435.0
2017-09-07 12:00:00+02:00,60297.0
2017-09-07 13:00:00+02:00,60073.0
2017-09-07 14:00:00+02:00,59178.0
2017-09-07 15:00:00+02:00,58840.0
2017-09-07 16:00:00+02:00,58426.0
2017-09-07 17:00:00+02:00,57970.0
2017-09-07 18:00:00+02:00,58577.0
2017-09-07 19:00:00+02:00,58632.0
2017-09-07 20:00:00+02:00,58271.0
2017-09-07 21:00:00+02:00,56680.0
2017-09-07 22:00:00+02:00,55611.0
2017-09-07 23:00:00+02:00,54575.0
2017-09-08 00:00:00+02:00,51212.0
2017-09-08 01:00:00+02:00,49918.0
2017-09-08 02:00:00+02:00,49635.0
2017-09-08 03:00:00+02:00,49422.0
2017-09-08 04:00:00+02:00,49328.0
2017-09-08 05:00:00+02:00,50277.0
2017-09-08 06:00:00+02:00,52958.0
2017-09-08 07:00:00+02:00,55356.0
2017-09-08 08:00:00+02:00,58078.0
2017-09-08 09:00:00+02:00,60192.0
2017-09-08 10:00:00+02:00,61585.0
2017-09-08 11:00:00+02:00,62225.0
2017-09-08 12:00:00+02:00,62496.0
2017-09-08 13:00:00+02:00,62273.0
2017-09-08 14:00:00+02:00,61189.0
2017-09-08 15:00:00+02:00,60319.0
2017-09-08 16:00:00+02:00,58676.0
2017-09-08 17:00:00+02:00,58733.0
2017-09-08 18:00:00+02:00,58380.0
2017-09-08 19:00:00+02:00,57884.0
2017-09-08 20:00:00+02:00,58280.0
2017-09-08 21:00:00+02:00,56674.0
2017-09-08 22:00:00+02:00,56248.0
2017-09-08 23:00:00+02:00,56223.0
2017-09-09 00:00:00+02:00,49071.0
2017-09-09 01:00:00+02:00,47204.0
2017-09-09 02:00:00+02:00,45747.0
2017-09-09 03:00:00+02:00,45249.0
2017-09-09 04:00:00+02:00,44865.0
2017-09-09 05:00:00+02:00,45088.0
2017-09-09 06:00:00+02:00,46250.0
2017-09-09 07:00:00+02:00,47212.0
2017-09-09 08:00:00+02:00,48901.0
2017-09-09 09:00:00+02:00,51892.0
2017-09-09 10:00:00+02:00,53822.0
2017-09-09 11:00:00+02:00,54603.0
2017-09-09 12:00:00+02:00,55630.0
2017-09-09 13:00:00+02:00,54257.0
2017-09-09 14:00:00+02:00,53341.0
2017-09-09 15:00:00+02:00,52962.0
2017-09-09 16:00:00+02:00,52380.0
2017-09-09 17:00:00+02:00,52367.0
2017-09-09 18:00:00+02:00,52824.0
2017-09-09 19:00:00+02:00,52921.0
2017-09-09 20:00:00+02:00,53084.0
2017-09-09 21:00:00+02:00,51733.0
2017-09-09 22:00:00+02:00,51559.0
2017-09-09 23:00:00+02:00,52473.0
2017-09-10 00:00:00+02:00,47694.0
2017-09-10 01:00:00+02:00,46139.0
2017-09-10 02:00:00+02:00,45294.0
2017-09-10 03:00:00+02:00,44574.0
2017-09-10 04:00:00+02:00,44148.0
2017-09-10 05:00:00+02:00,44119.0
2017-09-10 06:00:00+02:00,44162.0
2017-09-10 07:00:00+02:00,45268.0
2017-09-10 08:00:00+02:00,46251.0
2017-09-10 09:00:00+02:00,47708.0
2017-09-10 10:00:00+02:00,48291.0
2017-09-10 11:00:00+02:00,49233.0
2017-09-10 12:00:00+02:00,49162.0
2017-09-10 13:00:00+02:00,48899.0
2017-09-10 14:00:00+02:00,48041.0
2017-09-10 15:00:00+02:00,47222.0
2017-09-10 16:00:00+02:00,47094.0
2017-09-10 17:00:00+02:00,48710.0
2017-09-10 18:00:00+02:00,49722.0
2017-09-10 19:00:00+02:00,50585.0
2017-09-10 20:00:00+02:00,51405.0
2017-09-10 21:00:00+02:00,51200.0
2017-09-10 22:00:00+02:00,51379.0
2017-09-10 23:00:00+02:00,51736.0
2017-09-11 00:00:00+02:00,49011.0
2017-09-11 01:00:00+02:00,46562.0
2017-09-11 02:00:00+02:00,43866.0
2017-09-11 03:00:00+02:00,43994.0
2017-09-11 04:00:00+02:00,44582.0
2017-09-11 05:00:00+02:00,47034.0
2017-09-11 06:00:00+02:00,52230.0
2017-09-11 07:00:00+02:00,55316.0
2017-09-11 08:00:00+02:00,56673.0
2017-09-11 09:00:00+02:00,59125.0
2017-09-11 10:00:00+02:00,60545.0
2017-09-11 11:00:00+02:00,61202.0
2017-09-11 12:00:00+02:00,61577.0
2017-09-11 13:00:00+02:00,61186.0
2017-09-11 14:00:00+02:00,60763.0
2017-09-11 15:00:00+02:00,59633.0
2017-09-11 16:00:00+02:00,58860.0
2017-09-11 17:00:00+02:00,58251.0
2017-09-11 18:00:00+02:00,58479.0
2017-09-11 19:00:00+02:00,58103.0
2017-09-11 20:00:00+02:00,57154.0
2017-09-11 21:00:00+02:00,56237.0
2017-09-11 22:00:00+02:00,55899.0
2017-09-11 23:00:00+02:00,55811.0
2017-09-12 00:00:00+02:00,52427.0
2017-09-12 01:00:00+02:00,50131.0
2017-09-12 02:00:00+02:00,48985.0
2017-09-12 03:00:00+02:00,48574.0
2017-09-12 04:00:00+02:00,48600.0
2017-09-12 05:00:00+02:00,49728.0
2017-09-12 06:00:00+02:00,52840.0
2017-09-12 07:00:00+02:00,56221.0
2017-09-12 08:00:00+02:00,58045.0
2017-09-12 09:00:00+02:00,59353.0
2017-09-12 10:00:00+02:00,60571.0
2017-09-12 11:00:00+02:00,61353.0
2017-09-12 12:00:00+02:00,61512.0
2017-09-12 13:00:00+02:00,61237.0
2017-09-12 14:00:00+02:00,60209.0
2017-09-12 15:00:00+02:00,59416.0
2017-09-12 16:00:00+02:00,58968.0
2017-09-12 17:00:00+02:00,58815.0
2017-09-12 18:00:00+02:00,58526.0
2017-09-12 19:00:00+02:00,58412.0
2017-09-12 20:00:00+02:00,57956.0
2017-09-12 21:00:00+02:00,56793.0
2017-09-12 22:00:00+02:00,55659.0
2017-09-12 23:00:00+02:00,55019.0
2017-09-13 00:00:00+02:00,50570.0
2017-09-13 01:00:00+02:00,49233.0
2017-09-13 02:00:00+02:00,49568.0
2017-09-13 03:00:00+02:00,48693.0
2017-09-13 04:00:00+02:00,48793.0
2017-09-13 05:00:00+02:00,50245.0
2017-09-13 06:00:00+02:00,54505.0
2017-09-13 07:00:00+02:00,56161.0
2017-09-13 08:00:00+02:00,57283.0
2017-09-13 09:00:00+02:00,59131.0
2017-09-13 10:00:00+02:00,60311.0
2017-09-13 11:00:00+02:00,60847.0
2017-09-13 12:00:00+02:00,61623.0
2017-09-13 13:00:00+02:00,61784.0
2017-09-13 14:00:00+02:00,61306.0
2017-09-13 15:00:00+02:00,60581.0
2017-09-13 16:00:00+02:00,59471.0
2017-09-13 17:00:00+02:00,57959.0
2017-09-13 18:00:00+02:00,57589.0
2017-09-13 19:00:00+02:00,57376.0
2017-09-13 20:00:00+02:00,56982.0
2017-09-13 21:00:00+02:00,55306.0
2017-09-13 22:00:00+02:00,54609.0
2017-09-13 23:00:00+02:00,53786.0
2017-09-14 00:00:00+02:00,50453.0
2017-09-14 01:00:00+02:00,48289.0
2017-09-14 02:00:00+02:00,46118.0
2017-09-14 03:00:00+02:00,45229.0
2017-09-14 04:00:00+02:00,45286.0
2017-09-14 05:00:00+02:00,47640.0
2017-09-14 06:00:00+02:00,52416.0
2017-09-14 07:00:00+02:00,55405.0
2017-09-14 08:00:00+02:00,57154.0
2017-09-14 09:00:00+02:00,58888.0
2017-09-14 10:00:00+02:00,59330.0
2017-09-14 11:00:00+02:00,60170.0
2017-09-14 12:00:00+02:00,61019.0
2017-09-14 13:00:00+02:00,61341.0
2017-09-14 14:00:00+02:00,61553.0
2017-09-14 15:00:00+02:00,60696.0
2017-09-14 16:00:00+02:00,59548.0
2017-09-14 17:00:00+02:00,58951.0
2017-09-14 18:00:00+02:00,57189.0
2017-09-14 19:00:00+02:00,55608.0
2017-09-14 20:00:00+02:00,54557.0
2017-09-14 21:00:00+02:00,53116.0
2017-09-14 22:00:00+02:00,52840.0
2017-09-14 23:00:00+02:00,52708.0
2017-09-15 00:00:00+02:00,48441.0
2017-09-15 01:00:00+02:00,47374.0
2017-09-15 02:00:00+02:00,46139.0
2017-09-15 03:00:00+02:00,45180.0
2017-09-15 04:00:00+02:00,45297.0
2017-09-15 05:00:00+02:00,47496.0
2017-09-15 06:00:00+02:00,51024.0
2017-09-15 07:00:00+02:00,54408.0
2017-09-15 08:00:00+02:00,55872.0
2017-09-15 09:00:00+02:00,56584.0
2017-09-15 10:00:00+02:00,56893.0
2017-09-15 11:00:00+02:00,57293.0
2017-09-15 12:00:00+02:00,57658.0
2017-09-15 13:00:00+02:00,57149.0
2017-09-15 14:00:00+02:00,56554.0
2017-09-15 15:00:00+02:00,55692.0
2017-09-15 16:00:00+02:00,55159.0
2017-09-15 17:00:00+02:00,55609.0
2017-09-15 18:00:00+02:00,54671.0
2017-09-15 19:00:00+02:00,55118.0
2017-09-15 20:00:00+02:00,55180.0
2017-09-15 21:00:00+02:00,53645.0
2017-09-15 22:00:00+02:00,53456.0
2017-09-15 23:00:00+02:00,53099.0
2017-09-16 00:00:00+02:00,48760.0
2017-09-16 01:00:00+02:00,46396.0
2017-09-16 02:00:00+02:00,45557.0
2017-09-16 03:00:00+02:00,44969.0
2017-09-16 04:00:00+02:00,44675.0
2017-09-16 05:00:00+02:00,44872.0
2017-09-16 06:00:00+02:00,46275.0
2017-09-16 07:00:00+02:00,47710.0
2017-09-16 08:00:00+02:00,50237.0
2017-09-16 09:00:00+02:00,52512.0
2017-09-16 10:00:00+02:00,53721.0
2017-09-16 11:00:00+02:00,53723.0
2017-09-16 12:00:00+02:00,52920.0
2017-09-16 13:00:00+02:00,52251.0
2017-09-16 14:00:00+02:00,51471.0
2017-09-16 15:00:00+02:00,51130.0
2017-09-16 16:00:00+02:00,50624.0
2017-09-16 17:00:00+02:00,50727.0
2017-09-16 18:00:00+02:00,52282.0
2017-09-16 19:00:00+02:00,52950.0
2017-09-16 20:00:00+02:00,52948.0
2017-09-16 21:00:00+02:00,51371.0
2017-09-16 22:00:00+02:00,51391.0
2017-09-16 23:00:00+02:00,50968.0
2017-09-17 00:00:00+02:00,48497.0
2017-09-17 01:00:00+02:00,46569.0
2017-09-17 02:00:00+02:00,45496.0
2017-09-17 03:00:00+02:00,44324.0
2017-09-17 04:00:00+02:00,44114.0
2017-09-17 05:00:00+02:00,44120.0
2017-09-17 06:00:00+02:00,44111.0
2017-09-17 07:00:00+02:00,44504.0
2017-09-17 08:00:00+02:00,46092.0
2017-09-17 09:00:00+02:00,47237.0
2017-09-17 10:00:00+02:00,48692.0
2017-09-17 11:00:00+02:00,49244.0
2017-09-17 12:00:00+02:00,50097.0
2017-09-17 13:00:00+02:00,49489.0
2017-09-17 14:00:00+02:00,48882.0
2017-09-17 15:00:00+02:00,48340.0
2017-09-17 16:00:00+02:00,48132.0
2017-09-17 17:00:00+02:00,50421.0
2017-09-17 18:00:00+02:00,51139.0
2017-09-17 19:00:00+02:00,52263.0
2017-09-17 20:00:00+02:00,53042.0
2017-09-17 21:00:00+02:00,51817.0
2017-09-17 22:00:00+02:00,52233.0
2017-09-17 23:00:00+02:00,51509.0
2017-09-18 00:00:00+02:00,48578.0
2017-09-18 01:00:00+02:00,47885.0
2017-09-18 02:00:00+02:00,47776.0
2017-09-18 03:00:00+02:00,47435.0
2017-09-18 04:00:00+02:00,47840.0
2017-09-18 05:00:00+02:00,49689.0
2017-09-18 06:00:00+02:00,54233.0
2017-09-18 07:00:00+02:00,57613.0
2017-09-18 08:00:00+02:00,59142.0
2017-09-18 09:00:00+02:00,59466.0
2017-09-18 10:00:00+02:00,59323.0
2017-09-18 11:00:00+02:00,59872.0
2017-09-18 12:00:00+02:00,60271.0
2017-09-18 13:00:00+02:00,60496.0
2017-09-18 14:00:00+02:00,59898.0
2017-09-18 15:00:00+02:00,59127.0
2017-09-18 16:00:00+02:00,58876.0
2017-09-18 17:00:00+02:00,59038.0
2017-09-18 18:00:00+02:00,59341.0
2017-09-18 19:00:00+02:00,59243.0
2017-09-18 20:00:00+02:00,59334.0
2017-09-18 21:00:00+02:00,57634.0
2017-09-18 22:00:00+02:00,56986.0
2017-09-18 23:00:00+02:00,56266.0
2017-09-19 00:00:00+02:00,54139.0
2017-09-19 01:00:00+02:00,52167.0
2017-09-19 02:00:00+02:00,51296.0
2017-09-19 03:00:00+02:00,50463.0
2017-09-19 04:00:00+02:00,51395.0
2017-09-19 05:00:00+02:00,52564.0
2017-09-19 06:00:00+02:00,56846.0
2017-09-19 07:00:00+02:00,59245.0
2017-09-19 08:00:00+02:00,60112.0
2017-09-19 09:00:00+02:00,61324.0
2017-09-19 10:00:00+02:00,62186.0
2017-09-19 11:00:00+02:00,62519.0
2017-09-19 12:00:00+02:00,62584.0
2017-09-19 13:00:00+02:00,62580.0
2017-09-19 14:00:00+02:00,62209.0
2017-09-19 15:00:00+02:00,60999.0
2017-09-19 16:00:00+02:00,59993.0
2017-09-19 17:00:00+02:00,59994.0
2017-09-19 18:00:00+02:00,59723.0
2017-09-19 19:00:00+02:00,59930.0
2017-09-19 20:00:00+02:00,59794.0
2017-09-19 21:00:00+02:00,57778.0
2017-09-19 22:00:00+02:00,56750.0
2017-09-19 23:00:00+02:00,55042.0
2017-09-20 00:00:00+02:00,52004.0
2017-09-20 01:00:00+02:00,49702.0
2017-09-20 02:00:00+02:00,49613.0
2017-09-20 03:00:00+02:00,48885.0
2017-09-20 04:00:00+02:00,48546.0
2017-09-20 05:00:00+02:00,49882.0
2017-09-20 06:00:00+02:00,53550.0
2017-09-20 07:00:00+02:00,58167.0
2017-09-20 08:00:00+02:00,59779.0
2017-09-20 09:00:00+02:00,61098.0
2017-09-20 10:00:00+02:00,61363.0
2017-09-20 11:00:00+02:00,61880.0
2017-09-20 12:00:00+02:00,61326.0
2017-09-20 13:00:00+02:00,61519.0
2017-09-20 14:00:00+02:00,60739.0
2017-09-20 15:00:00+02:00,59650.0
2017-09-20 16:00:00+02:00,58472.0
2017-09-20 17:00:00+02:00,58168.0
2017-09-20 18:00:00+02:00,58576.0
2017-09-20 19:00:00+02:00,58813.0
2017-09-20 20:00:00+02:00,58711.0
2017-09-20 21:00:00+02:00,56931.0
2017-09-20 22:00:00+02:00,55440.0
2017-09-20 23:00:00+02:00,54084.0
2017-09-21 00:00:00+02:00,52314.0
2017-09-21 01:00:00+02:00,50855.0
2017-09-21 02:00:00+02:00,51478.0
2017-09-21 03:00:00+02:00,50546.0
2017-09-21 04:00:00+02:00,50099.0
2017-09-21 05:00:00+02:00,50998.0
2017-09-21 06:00:00+02:00,55153.0
2017-09-21 07:00:00+02:00,59400.0
2017-09-21 08:00:00+02:00,60526.0
2017-09-21 09:00:00+02:00,61913.0
2017-09-21 10:00:00+02:00,61808.0
2017-09-21 11:00:00+02:00,61286.0
2017-09-21 12:00:00+02:00,61278.0
2017-09-21 13:00:00+02:00,61241.0
2017-09-21 14:00:00+02:00,61107.0
2017-09-21 15:00:00+02:00,60113.0
2017-09-21 16:00:00+02:00,59484.0
2017-09-21 17:00:00+02:00,59197.0
2017-09-21 18:00:00+02:00,59460.0
2017-09-21 19:00:00+02:00,58674.0
2017-09-21 20:00:00+02:00,58829.0
2017-09-21 21:00:00+02:00,57154.0
2017-09-21 22:00:00+02:00,55509.0
2017-09-21 23:00:00+02:00,53683.0
2017-09-22 00:00:00+02:00,50803.0
2017-09-22 01:00:00+02:00,49265.0
2017-09-22 02:00:00+02:00,48983.0
2017-09-22 03:00:00+02:00,48648.0
2017-09-22 04:00:00+02:00,48469.0
2017-09-22 05:00:00+02:00,50004.0
2017-09-22 06:00:00+02:00,54746.0
2017-09-22 07:00:00+02:00,58582.0
2017-09-22 08:00:00+02:00,59853.0
2017-09-22 09:00:00+02:00,60534.0
2017-09-22 10:00:00+02:00,61406.0
2017-09-22 11:00:00+02:00,61611.0
2017-09-22 12:00:00+02:00,61343.0
2017-09-22 13:00:00+02:00,60019.0
2017-09-22 14:00:00+02:00,59086.0
2017-09-22 15:00:00+02:00,58373.0
2017-09-22 16:00:00+02:00,57889.0
2017-09-22 17:00:00+02:00,58887.0
2017-09-22 18:00:00+02:00,59650.0
2017-09-22 19:00:00+02:00,59722.0
2017-09-22 20:00:00+02:00,59403.0
2017-09-22 21:00:00+02:00,57311.0
2017-09-22 22:00:00+02:00,56002.0
2017-09-22 23:00:00+02:00,54577.0
2017-09-23 00:00:00+02:00,48828.0
2017-09-23 01:00:00+02:00,46070.0
2017-09-23 02:00:00+02:00,44882.0
2017-09-23 03:00:00+02:00,43399.0
2017-09-23 04:00:00+02:00,43046.0
2017-09-23 05:00:00+02:00,43662.0
2017-09-23 06:00:00+02:00,44802.0
2017-09-23 07:00:00+02:00,46786.0
2017-09-23 08:00:00+02:00,49256.0
2017-09-23 09:00:00+02:00,50623.0
2017-09-23 10:00:00+02:00,51671.0
2017-09-23 11:00:00+02:00,51383.0
2017-09-23 12:00:00+02:00,52476.0
2017-09-23 13:00:00+02:00,51663.0
2017-09-23 14:00:00+02:00,50437.0
2017-09-23 15:00:00+02:00,48795.0
2017-09-23 16:00:00+02:00,48755.0
2017-09-23 17:00:00+02:00,50639.0
2017-09-23 18:00:00+02:00,51487.0
2017-09-23 19:00:00+02:00,51575.0
2017-09-23 20:00:00+02:00,51785.0
2017-09-23 21:00:00+02:00,50595.0
2017-09-23 22:00:00+02:00,50441.0
2017-09-23 23:00:00+02:00,50478.0
2017-09-24 00:00:00+02:00,47924.0
2017-09-24 01:00:00+02:00,46077.0
2017-09-24 02:00:00+02:00,46712.0
2017-09-24 03:00:00+02:00,46354.0
2017-09-24 04:00:00+02:00,46088.0
2017-09-24 05:00:00+02:00,46019.0
2017-09-24 06:00:00+02:00,46056.0
2017-09-24 07:00:00+02:00,46249.0
2017-09-24 08:00:00+02:00,47114.0
2017-09-24 09:00:00+02:00,49210.0
2017-09-24 10:00:00+02:00,50653.0
2017-09-24 11:00:00+02:00,51666.0
2017-09-24 12:00:00+02:00,51306.0
2017-09-24 13:00:00+02:00,50839.0
2017-09-24 14:00:00+02:00,50334.0
2017-09-24 15:00:00+02:00,49839.0
2017-09-24 16:00:00+02:00,49551.0
2017-09-24 17:00:00+02:00,49326.0
2017-09-24 18:00:00+02:00,50655.0
2017-09-24 19:00:00+02:00,51770.0
2017-09-24 20:00:00+02:00,52275.0
2017-09-24 21:00:00+02:00,51630.0
2017-09-24 22:00:00+02:00,51789.0
2017-09-24 23:00:00+02:00,51676.0
2017-09-25 00:00:00+02:00,47167.0
2017-09-25 01:00:00+02:00,45235.0
2017-09-25 02:00:00+02:00,45261.0
2017-09-25 03:00:00+02:00,44170.0
2017-09-25 04:00:00+02:00,44673.0
2017-09-25 05:00:00+02:00,46399.0
2017-09-25 06:00:00+02:00,52679.0
2017-09-25 07:00:00+02:00,56055.0
2017-09-25 08:00:00+02:00,57880.0
2017-09-25 09:00:00+02:00,58948.0
2017-09-25 10:00:00+02:00,59884.0
2017-09-25 11:00:00+02:00,60572.0
2017-09-25 12:00:00+02:00,60767.0
2017-09-25 13:00:00+02:00,60318.0
2017-09-25 14:00:00+02:00,59561.0
2017-09-25 15:00:00+02:00,58967.0
2017-09-25 16:00:00+02:00,58441.0
2017-09-25 17:00:00+02:00,58742.0
2017-09-25 18:00:00+02:00,58718.0
2017-09-25 19:00:00+02:00,59438.0
2017-09-25 20:00:00+02:00,58667.0
2017-09-25 21:00:00+02:00,56572.0
2017-09-25 22:00:00+02:00,56718.0
2017-09-25 23:00:00+02:00,55957.0
2017-09-26 00:00:00+02:00,50651.0
2017-09-26 01:00:00+02:00,48880.0
2017-09-26 02:00:00+02:00,48481.0
2017-09-26 03:00:00+02:00,48102.0
2017-09-26 04:00:00+02:00,47949.0
2017-09-26 05:00:00+02:00,49537.0
2017-09-26 06:00:00+02:00,54279.0
2017-09-26 07:00:00+02:00,55856.0
2017-09-26 08:00:00+02:00,57440.0
2017-09-26 09:00:00+02:00,57820.0
2017-09-26 10:00:00+02:00,58390.0
2017-09-26 11:00:00+02:00,59064.0
2017-09-26 12:00:00+02:00,59705.0
2017-09-26 13:00:00+02:00,59829.0
2017-09-26 14:00:00+02:00,59624.0
2017-09-26 15:00:00+02:00,58460.0
2017-09-26 16:00:00+02:00,58395.0
2017-09-26 17:00:00+02:00,57683.0
2017-09-26 18:00:00+02:00,56646.0
2017-09-26 19:00:00+02:00,57611.0
2017-09-26 20:00:00+02:00,57444.0
2017-09-26 21:00:00+02:00,56435.0
2017-09-26 22:00:00+02:00,56639.0
2017-09-26 23:00:00+02:00,55831.0
2017-09-27 00:00:00+02:00,50992.0
2017-09-27 01:00:00+02:00,49139.0
2017-09-27 02:00:00+02:00,48338.0
2017-09-27 03:00:00+02:00,47702.0
2017-09-27 04:00:00+02:00,47765.0
2017-09-27 05:00:00+02:00,49812.0
2017-09-27 06:00:00+02:00,53718.0
2017-09-27 07:00:00+02:00,56823.0
2017-09-27 08:00:00+02:00,58614.0
2017-09-27 09:00:00+02:00,59927.0
2017-09-27 10:00:00+02:00,60316.0
2017-09-27 11:00:00+02:00,60552.0
2017-09-27 12:00:00+02:00,59935.0
2017-09-27 13:00:00+02:00,59874.0
2017-09-27 14:00:00+02:00,59638.0
2017-09-27 15:00:00+02:00,59317.0
2017-09-27 16:00:00+02:00,58180.0
2017-09-27 17:00:00+02:00,57706.0
2017-09-27 18:00:00+02:00,57980.0
2017-09-27 19:00:00+02:00,58302.0
2017-09-27 20:00:00+02:00,58170.0
2017-09-27 21:00:00+02:00,55961.0
2017-09-27 22:00:00+02:00,56116.0
2017-09-27 23:00:00+02:00,55589.0
2017-09-28 00:00:00+02:00,51147.0
2017-09-28 01:00:00+02:00,49674.0
2017-09-28 02:00:00+02:00,48402.0
2017-09-28 03:00:00+02:00,48216.0
2017-09-28 04:00:00+02:00,48307.0
2017-09-28 05:00:00+02:00,49685.0
2017-09-28 06:00:00+02:00,53529.0
2017-09-28 07:00:00+02:00,57437.0
2017-09-28 08:00:00+02:00,58744.0
2017-09-28 09:00:00+02:00,59702.0
2017-09-28 10:00:00+02:00,60145.0
2017-09-28 11:00:00+02:00,60747.0
2017-09-28 12:00:00+02:00,61578.0
2017-09-28 13:00:00+02:00,61703.0
2017-09-28 14:00:00+02:00,61247.0
2017-09-28 15:00:00+02:00,60636.0
2017-09-28 16:00:00+02:00,59914.0
2017-09-28 17:00:00+02:00,59660.0
2017-09-28 18:00:00+02:00,59633.0
2017-09-28 19:00:00+02:00,60305.0
2017-09-28 20:00:00+02:00,60088.0
2017-09-28 21:00:00+02:00,58613.0
2017-09-28 22:00:00+02:00,58170.0
2017-09-28 23:00:00+02:00,56009.0
2017-09-29 00:00:00+02:00,52329.0
2017-09-29 01:00:00+02:00,50218.0
2017-09-29 02:00:00+02:00,50251.0
2017-09-29 03:00:00+02:00,49301.0
2017-09-29 04:00:00+02:00,49475.0
2017-09-29 05:00:00+02:00,50906.0
2017-09-29 06:00:00+02:00,55254.0
2017-09-29 07:00:00+02:00,59883.0
2017-09-29 08:00:00+02:00,61001.0
2017-09-29 09:00:00+02:00,62110.0
2017-09-29 10:00:00+02:00,62568.0
2017-09-29 11:00:00+02:00,62548.0
2017-09-29 12:00:00+02:00,61688.0
2017-09-29 13:00:00+02:00,61373.0
2017-09-29 14:00:00+02:00,60462.0
2017-09-29 15:00:00+02:00,59018.0
2017-09-29 16:00:00+02:00,58617.0
2017-09-29 17:00:00+02:00,58668.0
2017-09-29 18:00:00+02:00,58058.0
2017-09-29 19:00:00+02:00,59500.0
2017-09-29 20:00:00+02:00,59349.0
2017-09-29 21:00:00+02:00,57792.0
2017-09-29 22:00:00+02:00,56086.0
2017-09-29 23:00:00+02:00,55479.0
2017-09-30 00:00:00+02:00,52803.0
2017-09-30 01:00:00+02:00,49899.0
2017-09-30 02:00:00+02:00,47521.0
2017-09-30 03:00:00+02:00,45723.0
2017-09-30 04:00:00+02:00,45605.0
2017-09-30 05:00:00+02:00,45908.0
2017-09-30 06:00:00+02:00,46973.0
2017-09-30 07:00:00+02:00,48626.0
2017-09-30 08:00:00+02:00,50668.0
2017-09-30 09:00:00+02:00,52032.0
2017-09-30 10:00:00+02:00,52783.0
2017-09-30 11:00:00+02:00,53455.0
2017-09-30 12:00:00+02:00,53543.0
2017-09-30 13:00:00+02:00,53279.0
2017-09-30 14:00:00+02:00,51558.0
2017-09-30 15:00:00+02:00,51397.0
2017-09-30 16:00:00+02:00,50989.0
2017-09-30 17:00:00+02:00,51282.0
2017-09-30 18:00:00+02:00,51791.0
2017-09-30 19:00:00+02:00,52970.0
2017-09-30 20:00:00+02:00,52454.0
2017-09-30 21:00:00+02:00,51056.0
2017-09-30 22:00:00+02:00,51241.0
2017-09-30 23:00:00+02:00,51496.0
2017-10-01 00:00:00+02:00,48366.0
2017-10-01 01:00:00+02:00,46634.0
2017-10-01 02:00:00+02:00,45271.0
2017-10-01 03:00:00+02:00,44052.0
2017-10-01 04:00:00+02:00,44313.0
2017-10-01 05:00:00+02:00,44243.0
2017-10-01 06:00:00+02:00,44672.0
2017-10-01 07:00:00+02:00,44974.0
2017-10-01 08:00:00+02:00,46457.0
2017-10-01 09:00:00+02:00,47726.0
2017-10-01 10:00:00+02:00,48802.0
2017-10-01 11:00:00+02:00,49408.0
2017-10-01 12:00:00+02:00,49507.0
2017-10-01 13:00:00+02:00,48894.0
2017-10-01 14:00:00+02:00,48408.0
2017-10-01 15:00:00+02:00,47496.0
2017-10-01 16:00:00+02:00,47588.0
2017-10-01 17:00:00+02:00,48296.0
2017-10-01 18:00:00+02:00,49658.0
2017-10-01 19:00:00+02:00,52906.0
2017-10-01 20:00:00+02:00,53224.0
2017-10-01 21:00:00+02:00,52028.0
2017-10-01 22:00:00+02:00,52358.0
2017-10-01 23:00:00+02:00,52252.0
2017-10-02 00:00:00+02:00,49246.0
2017-10-02 01:00:00+02:00,46820.0
2017-10-02 02:00:00+02:00,45439.0
2017-10-02 03:00:00+02:00,45050.0
2017-10-02 04:00:00+02:00,45612.0
2017-10-02 05:00:00+02:00,47006.0
2017-10-02 06:00:00+02:00,50773.0
2017-10-02 07:00:00+02:00,55999.0
2017-10-02 08:00:00+02:00,57441.0
2017-10-02 09:00:00+02:00,58069.0
2017-10-02 10:00:00+02:00,59141.0
2017-10-02 11:00:00+02:00,59654.0
2017-10-02 12:00:00+02:00,59404.0
2017-10-02 13:00:00+02:00,59816.0
2017-10-02 14:00:00+02:00,59462.0
2017-10-02 15:00:00+02:00,58663.0
2017-10-02 16:00:00+02:00,57927.0
2017-10-02 17:00:00+02:00,57883.0
2017-10-02 18:00:00+02:00,58676.0
2017-10-02 19:00:00+02:00,60095.0
2017-10-02 20:00:00+02:00,59787.0
2017-10-02 21:00:00+02:00,57811.0
2017-10-02 22:00:00+02:00,57429.0
2017-10-02 23:00:00+02:00,56837.0
2017-10-03 00:00:00+02:00,53406.0
2017-10-03 01:00:00+02:00,50020.0
2017-10-03 02:00:00+02:00,48055.0
2017-10-03 03:00:00+02:00,47758.0
2017-10-03 04:00:00+02:00,47323.0
2017-10-03 05:00:00+02:00,48080.0
2017-10-03 06:00:00+02:00,52014.0
2017-10-03 07:00:00+02:00,56072.0
2017-10-03 08:00:00+02:00,57707.0
2017-10-03 09:00:00+02:00,59109.0
2017-10-03 10:00:00+02:00,59757.0
2017-10-03 11:00:00+02:00,59648.0
2017-10-03 12:00:00+02:00,59506.0
2017-10-03 13:00:00+02:00,58434.0
2017-10-03 14:00:00+02:00,58449.0
2017-10-03 15:00:00+02:00,57471.0
2017-10-03 16:00:00+02:00,56851.0
2017-10-03 17:00:00+02:00,56777.0
2017-10-03 18:00:00+02:00,57146.0
2017-10-03 19:00:00+02:00,58563.0
2017-10-03 20:00:00+02:00,58913.0
2017-10-03 21:00:00+02:00,56784.0
2017-10-03 22:00:00+02:00,55420.0
2017-10-03 23:00:00+02:00,54631.0
2017-10-04 00:00:00+02:00,51842.0
2017-10-04 01:00:00+02:00,49722.0
2017-10-04 02:00:00+02:00,48471.0
2017-10-04 03:00:00+02:00,46821.0
2017-10-04 04:00:00+02:00,45811.0
2017-10-04 05:00:00+02:00,47284.0
2017-10-04 06:00:00+02:00,52384.0
2017-10-04 07:00:00+02:00,55256.0
2017-10-04 08:00:00+02:00,55834.0
2017-10-04 09:00:00+02:00,56530.0
2017-10-04 10:00:00+02:00,57362.0
2017-10-04 11:00:00+02:00,58152.0
2017-10-04 12:00:00+02:00,57973.0
2017-10-04 13:00:00+02:00,57867.0
2017-10-04 14:00:00+02:00,57124.0
2017-10-04 15:00:00+02:00,55619.0
2017-10-04 16:00:00+02:00,55265.0
2017-10-04 17:00:00+02:00,55457.0
2017-10-04 18:00:00+02:00,55798.0
2017-10-04 19:00:00+02:00,58011.0
2017-10-04 20:00:00+02:00,57502.0
2017-10-04 21:00:00+02:00,55243.0
2017-10-04 22:00:00+02:00,54057.0
2017-10-04 23:00:00+02:00,53890.0
2017-10-05 00:00:00+02:00,53035.0
2017-10-05 01:00:00+02:00,50658.0
2017-10-05 02:00:00+02:00,49440.0
2017-10-05 03:00:00+02:00,47783.0
2017-10-05 04:00:00+02:00,46756.0
2017-10-05 05:00:00+02:00,49528.0
2017-10-05 06:00:00+02:00,54474.0
2017-10-05 07:00:00+02:00,58598.0
2017-10-05 08:00:00+02:00,60371.0
2017-10-05 09:00:00+02:00,62249.0
2017-10-05 10:00:00+02:00,62960.0
2017-10-05 11:00:00+02:00,63343.0
2017-10-05 12:00:00+02:00,62742.0
2017-10-05 13:00:00+02:00,62667.0
2017-10-05 14:00:00+02:00,61468.0
2017-10-05 15:00:00+02:00,59367.0
2017-10-05 16:00:00+02:00,58049.0
2017-10-05 17:00:00+02:00,57919.0
2017-10-05 18:00:00+02:00,57812.0
2017-10-05 19:00:00+02:00,59769.0
2017-10-05 20:00:00+02:00,58671.0
2017-10-05 21:00:00+02:00,56308.0
2017-10-05 22:00:00+02:00,55588.0
2017-10-05 23:00:00+02:00,54866.0
2017-10-06 00:00:00+02:00,53906.0
2017-10-06 01:00:00+02:00,51232.0
2017-10-06 02:00:00+02:00,49088.0
2017-10-06 03:00:00+02:00,48097.0
2017-10-06 04:00:00+02:00,46708.0
2017-10-06 05:00:00+02:00,50469.0
2017-10-06 06:00:00+02:00,54543.0
2017-10-06 07:00:00+02:00,57183.0
2017-10-06 08:00:00+02:00,58762.0
2017-10-06 09:00:00+02:00,60648.0
2017-10-06 10:00:00+02:00,60105.0
2017-10-06 11:00:00+02:00,59864.0
2017-10-06 12:00:00+02:00,60127.0
2017-10-06 13:00:00+02:00,59748.0
2017-10-06 14:00:00+02:00,58924.0
2017-10-06 15:00:00+02:00,57011.0
2017-10-06 16:00:00+02:00,56337.0
2017-10-06 17:00:00+02:00,56374.0
2017-10-06 18:00:00+02:00,56392.0
2017-10-06 19:00:00+02:00,58407.0
2017-10-06 20:00:00+02:00,57863.0
2017-10-06 21:00:00+02:00,55945.0
2017-10-06 22:00:00+02:00,55096.0
2017-10-06 23:00:00+02:00,53944.0
2017-10-07 00:00:00+02:00,50312.0
2017-10-07 01:00:00+02:00,48650.0
2017-10-07 02:00:00+02:00,47196.0
2017-10-07 03:00:00+02:00,46061.0
2017-10-07 04:00:00+02:00,45982.0
2017-10-07 05:00:00+02:00,46818.0
2017-10-07 06:00:00+02:00,48259.0
2017-10-07 07:00:00+02:00,49074.0
2017-10-07 08:00:00+02:00,51143.0
2017-10-07 09:00:00+02:00,54353.0
2017-10-07 10:00:00+02:00,55767.0
2017-10-07 11:00:00+02:00,56131.0
2017-10-07 12:00:00+02:00,56495.0
2017-10-07 13:00:00+02:00,54584.0
2017-10-07 14:00:00+02:00,53053.0
2017-10-07 15:00:00+02:00,52361.0
2017-10-07 16:00:00+02:00,51512.0
2017-10-07 17:00:00+02:00,51878.0
2017-10-07 18:00:00+02:00,53334.0
2017-10-07 19:00:00+02:00,55105.0
2017-10-07 20:00:00+02:00,54729.0
2017-10-07 21:00:00+02:00,52628.0
2017-10-07 22:00:00+02:00,52473.0
2017-10-07 23:00:00+02:00,52956.0
2017-10-08 00:00:00+02:00,51890.0
2017-10-08 01:00:00+02:00,49954.0
2017-10-08 02:00:00+02:00,48702.0
2017-10-08 03:00:00+02:00,46635.0
2017-10-08 04:00:00+02:00,45976.0
2017-10-08 05:00:00+02:00,45021.0
2017-10-08 06:00:00+02:00,46318.0
2017-10-08 07:00:00+02:00,46299.0
2017-10-08 08:00:00+02:00,45639.0
2017-10-08 09:00:00+02:00,47430.0
2017-10-08 10:00:00+02:00,47940.0
2017-10-08 11:00:00+02:00,48768.0
2017-10-08 12:00:00+02:00,49668.0
2017-10-08 13:00:00+02:00,48634.0
2017-10-08 14:00:00+02:00,46783.0
2017-10-08 15:00:00+02:00,46164.0
2017-10-08 16:00:00+02:00,45552.0
2017-10-08 17:00:00+02:00,46109.0
2017-10-08 18:00:00+02:00,47927.0
2017-10-08 19:00:00+02:00,52053.0
2017-10-08 20:00:00+02:00,52344.0
2017-10-08 21:00:00+02:00,50826.0
2017-10-08 22:00:00+02:00,50601.0
2017-10-08 23:00:00+02:00,50321.0
2017-10-09 00:00:00+02:00,48528.0
2017-10-09 01:00:00+02:00,46744.0
2017-10-09 02:00:00+02:00,45662.0
2017-10-09 03:00:00+02:00,44642.0
2017-10-09 04:00:00+02:00,44742.0
2017-10-09 05:00:00+02:00,46534.0
2017-10-09 06:00:00+02:00,49960.0
2017-10-09 07:00:00+02:00,53233.0
2017-10-09 08:00:00+02:00,54203.0
2017-10-09 09:00:00+02:00,55974.0
2017-10-09 10:00:00+02:00,55806.0
2017-10-09 11:00:00+02:00,55964.0
2017-10-09 12:00:00+02:00,55866.0
2017-10-09 13:00:00+02:00,55845.0
2017-10-09 14:00:00+02:00,55616.0
2017-10-09 15:00:00+02:00,54985.0
2017-10-09 16:00:00+02:00,53959.0
2017-10-09 17:00:00+02:00,53842.0
2017-10-09 18:00:00+02:00,54297.0
2017-10-09 19:00:00+02:00,57397.0
2017-10-09 20:00:00+02:00,56120.0
2017-10-09 21:00:00+02:00,52907.0
2017-10-09 22:00:00+02:00,52608.0
2017-10-09 23:00:00+02:00,52258.0
2017-10-10 00:00:00+02:00,51133.0
2017-10-10 01:00:00+02:00,49279.0
2017-10-10 02:00:00+02:00,48264.0
2017-10-10 03:00:00+02:00,46194.0
2017-10-10 04:00:00+02:00,46181.0
2017-10-10 05:00:00+02:00,49213.0
2017-10-10 06:00:00+02:00,52120.0
2017-10-10 07:00:00+02:00,54790.0
2017-10-10 08:00:00+02:00,55267.0
2017-10-10 09:00:00+02:00,56667.0
2017-10-10 10:00:00+02:00,57614.0
2017-10-10 11:00:00+02:00,58393.0
2017-10-10 12:00:00+02:00,57835.0
2017-10-10 13:00:00+02:00,57806.0
2017-10-10 14:00:00+02:00,57687.0
2017-10-10 15:00:00+02:00,56815.0
2017-10-10 16:00:00+02:00,55625.0
2017-10-10 17:00:00+02:00,54702.0
2017-10-10 18:00:00+02:00,55584.0
2017-10-10 19:00:00+02:00,58589.0
2017-10-10 20:00:00+02:00,57604.0
2017-10-10 21:00:00+02:00,54617.0
2017-10-10 22:00:00+02:00,54183.0
2017-10-10 23:00:00+02:00,53679.0
2017-10-11 00:00:00+02:00,51517.0
2017-10-11 01:00:00+02:00,49978.0
2017-10-11 02:00:00+02:00,49480.0
2017-10-11 03:00:00+02:00,47691.0
2017-10-11 04:00:00+02:00,46771.0
2017-10-11 05:00:00+02:00,48716.0
2017-10-11 06:00:00+02:00,51981.0
2017-10-11 07:00:00+02:00,54791.0
2017-10-11 08:00:00+02:00,56343.0
2017-10-11 09:00:00+02:00,57634.0
2017-10-11 10:00:00+02:00,58574.0
2017-10-11 11:00:00+02:00,58735.0
2017-10-11 12:00:00+02:00,59163.0
2017-10-11 13:00:00+02:00,59073.0
2017-10-11 14:00:00+02:00,59204.0
2017-10-11 15:00:00+02:00,58386.0
2017-10-11 16:00:00+02:00,57374.0
2017-10-11 17:00:00+02:00,57007.0
2017-10-11 18:00:00+02:00,57646.0
2017-10-11 19:00:00+02:00,59765.0
2017-10-11 20:00:00+02:00,59038.0
2017-10-11 21:00:00+02:00,56717.0
2017-10-11 22:00:00+02:00,55537.0
2017-10-11 23:00:00+02:00,54795.0
2017-10-12 00:00:00+02:00,52808.0
2017-10-12 01:00:00+02:00,50104.0
2017-10-12 02:00:00+02:00,47515.0
2017-10-12 03:00:00+02:00,46371.0
2017-10-12 04:00:00+02:00,45777.0
2017-10-12 05:00:00+02:00,48589.0
2017-10-12 06:00:00+02:00,53360.0
2017-10-12 07:00:00+02:00,56879.0
2017-10-12 08:00:00+02:00,57063.0
2017-10-12 09:00:00+02:00,57435.0
2017-10-12 10:00:00+02:00,57881.0
2017-10-12 11:00:00+02:00,57934.0
2017-10-12 12:00:00+02:00,57337.0
2017-10-12 13:00:00+02:00,57201.0
2017-10-12 14:00:00+02:00,57444.0
2017-10-12 15:00:00+02:00,55725.0
2017-10-12 16:00:00+02:00,54553.0
2017-10-12 17:00:00+02:00,54344.0
2017-10-12 18:00:00+02:00,56272.0
2017-10-12 19:00:00+02:00,59091.0
2017-10-12 20:00:00+02:00,57081.0
2017-10-12 21:00:00+02:00,53159.0
2017-10-12 22:00:00+02:00,52537.0
2017-10-12 23:00:00+02:00,51008.0
2017-10-13 00:00:00+02:00,50015.0
2017-10-13 01:00:00+02:00,47335.0
2017-10-13 02:00:00+02:00,45518.0
2017-10-13 03:00:00+02:00,44377.0
2017-10-13 04:00:00+02:00,43761.0
2017-10-13 05:00:00+02:00,45654.0
2017-10-13 06:00:00+02:00,49493.0
2017-10-13 07:00:00+02:00,53924.0
2017-10-13 08:00:00+02:00,55039.0
2017-10-13 09:00:00+02:00,55938.0
2017-10-13 10:00:00+02:00,56018.0
2017-10-13 11:00:00+02:00,55540.0
2017-10-13 12:00:00+02:00,54770.0
2017-10-13 13:00:00+02:00,54171.0
2017-10-13 14:00:00+02:00,53436.0
2017-10-13 15:00:00+02:00,51696.0
2017-10-13 16:00:00+02:00,51316.0
2017-10-13 17:00:00+02:00,51729.0
2017-10-13 18:00:00+02:00,53008.0
2017-10-13 19:00:00+02:00,55275.0
2017-10-13 20:00:00+02:00,54456.0
2017-10-13 21:00:00+02:00,51664.0
2017-10-13 22:00:00+02:00,49773.0
2017-10-13 23:00:00+02:00,49406.0
2017-10-14 00:00:00+02:00,47764.0
2017-10-14 01:00:00+02:00,45297.0
2017-10-14 02:00:00+02:00,44360.0
2017-10-14 03:00:00+02:00,42534.0
2017-10-14 04:00:00+02:00,41501.0
2017-10-14 05:00:00+02:00,41616.0
2017-10-14 06:00:00+02:00,43531.0
2017-10-14 07:00:00+02:00,44957.0
2017-10-14 08:00:00+02:00,46250.0
2017-10-14 09:00:00+02:00,50227.0
2017-10-14 10:00:00+02:00,51665.0
2017-10-14 11:00:00+02:00,51840.0
2017-10-14 12:00:00+02:00,51597.0
2017-10-14 13:00:00+02:00,50157.0
2017-10-14 14:00:00+02:00,48935.0
2017-10-14 15:00:00+02:00,47761.0
2017-10-14 16:00:00+02:00,47083.0
2017-10-14 17:00:00+02:00,47396.0
2017-10-14 18:00:00+02:00,50442.0
2017-10-14 19:00:00+02:00,52511.0
2017-10-14 20:00:00+02:00,52034.0
2017-10-14 21:00:00+02:00,50538.0
2017-10-14 22:00:00+02:00,49947.0
2017-10-14 23:00:00+02:00,49661.0
2017-10-15 00:00:00+02:00,48328.0
2017-10-15 01:00:00+02:00,46339.0
2017-10-15 02:00:00+02:00,44972.0
2017-10-15 03:00:00+02:00,43285.0
2017-10-15 04:00:00+02:00,42615.0
2017-10-15 05:00:00+02:00,42113.0
2017-10-15 06:00:00+02:00,43521.0
2017-10-15 07:00:00+02:00,44518.0
2017-10-15 08:00:00+02:00,45527.0
2017-10-15 09:00:00+02:00,47554.0
2017-10-15 10:00:00+02:00,48345.0
2017-10-15 11:00:00+02:00,48210.0
2017-10-15 12:00:00+02:00,51687.0
2017-10-15 13:00:00+02:00,49626.0
2017-10-15 14:00:00+02:00,48105.0
2017-10-15 15:00:00+02:00,47402.0
2017-10-15 16:00:00+02:00,48359.0
2017-10-15 17:00:00+02:00,48564.0
2017-10-15 18:00:00+02:00,50850.0
2017-10-15 19:00:00+02:00,54790.0
2017-10-15 20:00:00+02:00,54792.0
2017-10-15 21:00:00+02:00,53032.0
2017-10-15 22:00:00+02:00,54415.0
2017-10-15 23:00:00+02:00,55752.0
2017-10-16 00:00:00+02:00,48693.0
2017-10-16 01:00:00+02:00,46126.0
2017-10-16 02:00:00+02:00,45168.0
2017-10-16 03:00:00+02:00,44718.0
2017-10-16 04:00:00+02:00,44826.0
2017-10-16 05:00:00+02:00,46704.0
2017-10-16 06:00:00+02:00,50638.0
2017-10-16 07:00:00+02:00,54140.0
2017-10-16 08:00:00+02:00,56313.0
2017-10-16 09:00:00+02:00,57660.0
2017-10-16 10:00:00+02:00,58809.0
2017-10-16 11:00:00+02:00,59107.0
2017-10-16 12:00:00+02:00,57820.0
2017-10-16 13:00:00+02:00,57921.0
2017-10-16 14:00:00+02:00,56659.0
2017-10-16 15:00:00+02:00,55531.0
2017-10-16 16:00:00+02:00,54699.0
2017-10-16 17:00:00+02:00,54383.0
2017-10-16 18:00:00+02:00,55918.0
2017-10-16 19:00:00+02:00,57852.0
2017-10-16 20:00:00+02:00,56208.0
2017-10-16 21:00:00+02:00,53054.0
2017-10-16 22:00:00+02:00,52818.0
2017-10-16 23:00:00+02:00,52518.0
2017-10-17 00:00:00+02:00,50352.0
2017-10-17 01:00:00+02:00,47719.0
2017-10-17 02:00:00+02:00,46438.0
2017-10-17 03:00:00+02:00,44958.0
2017-10-17 04:00:00+02:00,45736.0
2017-10-17 05:00:00+02:00,45912.0
2017-10-17 06:00:00+02:00,49178.0
2017-10-17 07:00:00+02:00,52720.0
2017-10-17 08:00:00+02:00,54940.0
2017-10-17 09:00:00+02:00,55987.0
2017-10-17 10:00:00+02:00,56468.0
2017-10-17 11:00:00+02:00,56646.0
2017-10-17 12:00:00+02:00,56031.0
2017-10-17 13:00:00+02:00,56025.0
2017-10-17 14:00:00+02:00,55779.0
2017-10-17 15:00:00+02:00,54155.0
2017-10-17 16:00:00+02:00,53015.0
2017-10-17 17:00:00+02:00,52570.0
2017-10-17 18:00:00+02:00,54327.0
2017-10-17 19:00:00+02:00,57028.0
2017-10-17 20:00:00+02:00,55894.0
2017-10-17 21:00:00+02:00,53008.0
2017-10-17 22:00:00+02:00,52443.0
2017-10-17 23:00:00+02:00,51712.0
2017-10-18 00:00:00+02:00,50530.0
2017-10-18 01:00:00+02:00,47917.0
2017-10-18 02:00:00+02:00,46710.0
2017-10-18 03:00:00+02:00,46251.0
2017-10-18 04:00:00+02:00,47076.0
2017-10-18 05:00:00+02:00,47192.0
2017-10-18 06:00:00+02:00,49763.0
2017-10-18 07:00:00+02:00,53792.0
2017-10-18 08:00:00+02:00,55094.0
2017-10-18 09:00:00+02:00,54934.0
2017-10-18 10:00:00+02:00,55184.0
2017-10-18 11:00:00+02:00,55886.0
2017-10-18 12:00:00+02:00,55511.0
2017-10-18 13:00:00+02:00,55408.0
2017-10-18 14:00:00+02:00,54501.0
2017-10-18 15:00:00+02:00,53584.0
2017-10-18 16:00:00+02:00,52893.0
2017-10-18 17:00:00+02:00,52936.0
2017-10-18 18:00:00+02:00,55420.0
2017-10-18 19:00:00+02:00,57973.0
2017-10-18 20:00:00+02:00,56163.0
2017-10-18 21:00:00+02:00,53028.0
2017-10-18 22:00:00+02:00,51627.0
2017-10-18 23:00:00+02:00,51625.0
2017-10-19 00:00:00+02:00,51237.0
2017-10-19 01:00:00+02:00,49622.0
2017-10-19 02:00:00+02:00,48455.0
2017-10-19 03:00:00+02:00,46708.0
2017-10-19 04:00:00+02:00,46818.0
2017-10-19 05:00:00+02:00,48400.0
2017-10-19 06:00:00+02:00,51712.0
2017-10-19 07:00:00+02:00,54626.0
2017-10-19 08:00:00+02:00,56232.0
2017-10-19 09:00:00+02:00,56208.0
2017-10-19 10:00:00+02:00,55868.0
2017-10-19 11:00:00+02:00,56097.0
2017-10-19 12:00:00+02:00,56479.0
2017-10-19 13:00:00+02:00,56918.0
2017-10-19 14:00:00+02:00,56727.0
2017-10-19 15:00:00+02:00,55696.0
2017-10-19 16:00:00+02:00,54272.0
2017-10-19 17:00:00+02:00,54190.0
2017-10-19 18:00:00+02:00,55900.0
2017-10-19 19:00:00+02:00,58596.0
2017-10-19 20:00:00+02:00,56250.0
2017-10-19 21:00:00+02:00,53642.0
2017-10-19 22:00:00+02:00,52795.0
2017-10-19 23:00:00+02:00,52369.0
2017-10-20 00:00:00+02:00,53863.0
2017-10-20 01:00:00+02:00,51032.0
2017-10-20 02:00:00+02:00,49035.0
2017-10-20 03:00:00+02:00,47172.0
2017-10-20 04:00:00+02:00,47246.0
2017-10-20 05:00:00+02:00,49083.0
2017-10-20 06:00:00+02:00,53531.0
2017-10-20 07:00:00+02:00,56292.0
2017-10-20 08:00:00+02:00,57362.0
2017-10-20 09:00:00+02:00,58313.0
2017-10-20 10:00:00+02:00,59570.0
2017-10-20 11:00:00+02:00,59431.0
2017-10-20 12:00:00+02:00,59008.0
2017-10-20 13:00:00+02:00,57992.0
2017-10-20 14:00:00+02:00,56755.0
2017-10-20 15:00:00+02:00,55526.0
2017-10-20 16:00:00+02:00,54138.0
2017-10-20 17:00:00+02:00,53604.0
2017-10-20 18:00:00+02:00,54671.0
2017-10-20 19:00:00+02:00,56692.0
2017-10-20 20:00:00+02:00,55875.0
2017-10-20 21:00:00+02:00,52871.0
2017-10-20 22:00:00+02:00,52022.0
2017-10-20 23:00:00+02:00,52574.0
2017-10-21 00:00:00+02:00,49238.0
2017-10-21 01:00:00+02:00,45985.0
2017-10-21 02:00:00+02:00,45228.0
2017-10-21 03:00:00+02:00,43991.0
2017-10-21 04:00:00+02:00,44018.0
2017-10-21 05:00:00+02:00,44287.0
2017-10-21 06:00:00+02:00,45586.0
2017-10-21 07:00:00+02:00,46963.0
2017-10-21 08:00:00+02:00,49961.0
2017-10-21 09:00:00+02:00,51950.0
2017-10-21 10:00:00+02:00,53356.0
2017-10-21 11:00:00+02:00,52846.0
2017-10-21 12:00:00+02:00,53071.0
2017-10-21 13:00:00+02:00,51981.0
2017-10-21 14:00:00+02:00,51295.0
2017-10-21 15:00:00+02:00,50295.0
2017-10-21 16:00:00+02:00,49955.0
2017-10-21 17:00:00+02:00,50737.0
2017-10-21 18:00:00+02:00,54096.0
2017-10-21 19:00:00+02:00,56118.0
2017-10-21 20:00:00+02:00,55802.0
2017-10-21 21:00:00+02:00,53226.0
2017-10-21 22:00:00+02:00,54515.0
2017-10-21 23:00:00+02:00,56413.0
2017-10-22 00:00:00+02:00,51166.0
2017-10-22 01:00:00+02:00,48168.0
2017-10-22 02:00:00+02:00,45633.0
2017-10-22 03:00:00+02:00,44423.0
2017-10-22 04:00:00+02:00,44148.0
2017-10-22 05:00:00+02:00,45010.0
2017-10-22 06:00:00+02:00,45741.0
2017-10-22 07:00:00+02:00,46562.0
2017-10-22 08:00:00+02:00,47500.0
2017-10-22 09:00:00+02:00,49249.0
2017-10-22 10:00:00+02:00,51023.0
2017-10-22 11:00:00+02:00,52807.0
2017-10-22 12:00:00+02:00,54474.0
2017-10-22 13:00:00+02:00,52446.0
2017-10-22 14:00:00+02:00,49782.0
2017-10-22 15:00:00+02:00,48030.0
2017-10-22 16:00:00+02:00,47235.0
2017-10-22 17:00:00+02:00,49144.0
2017-10-22 18:00:00+02:00,51516.0
2017-10-22 19:00:00+02:00,53882.0
2017-10-22 20:00:00+02:00,53486.0
2017-10-22 21:00:00+02:00,51243.0
2017-10-22 22:00:00+02:00,51615.0
2017-10-22 23:00:00+02:00,52259.0
2017-10-23 00:00:00+02:00,48897.0
2017-10-23 01:00:00+02:00,46725.0
2017-10-23 02:00:00+02:00,46406.0
2017-10-23 03:00:00+02:00,45557.0
2017-10-23 04:00:00+02:00,45195.0
2017-10-23 05:00:00+02:00,45800.0
2017-10-23 06:00:00+02:00,48912.0
2017-10-23 07:00:00+02:00,52627.0
2017-10-23 08:00:00+02:00,54507.0
2017-10-23 09:00:00+02:00,56365.0
2017-10-23 10:00:00+02:00,57344.0
2017-10-23 11:00:00+02:00,57946.0
2017-10-23 12:00:00+02:00,57708.0
2017-10-23 13:00:00+02:00,58312.0
2017-10-23 14:00:00+02:00,58575.0
2017-10-23 15:00:00+02:00,58187.0
2017-10-23 16:00:00+02:00,57740.0
2017-10-23 17:00:00+02:00,57497.0
2017-10-23 18:00:00+02:00,58896.0
2017-10-23 19:00:00+02:00,60164.0
2017-10-23 20:00:00+02:00,58482.0
2017-10-23 21:00:00+02:00,55642.0
2017-10-23 22:00:00+02:00,54012.0
2017-10-23 23:00:00+02:00,54130.0
2017-10-24 00:00:00+02:00,52130.0
2017-10-24 01:00:00+02:00,49638.0
2017-10-24 02:00:00+02:00,48798.0
2017-10-24 03:00:00+02:00,47850.0
2017-10-24 04:00:00+02:00,48193.0
2017-10-24 05:00:00+02:00,49210.0
2017-10-24 06:00:00+02:00,51857.0
2017-10-24 07:00:00+02:00,55269.0
2017-10-24 08:00:00+02:00,58048.0
2017-10-24 09:00:00+02:00,59691.0
2017-10-24 10:00:00+02:00,60213.0
2017-10-24 11:00:00+02:00,60686.0
2017-10-24 12:00:00+02:00,60235.0
2017-10-24 13:00:00+02:00,59857.0
2017-10-24 14:00:00+02:00,59384.0
2017-10-24 15:00:00+02:00,58494.0
2017-10-24 16:00:00+02:00,57421.0
2017-10-24 17:00:00+02:00,56639.0
2017-10-24 18:00:00+02:00,57560.0
2017-10-24 19:00:00+02:00,59260.0
2017-10-24 20:00:00+02:00,58113.0
2017-10-24 21:00:00+02:00,55423.0
2017-10-24 22:00:00+02:00,54867.0
2017-10-24 23:00:00+02:00,54635.0
2017-10-25 00:00:00+02:00,52432.0
2017-10-25 01:00:00+02:00,50821.0
2017-10-25 02:00:00+02:00,50976.0
2017-10-25 03:00:00+02:00,49594.0
2017-10-25 04:00:00+02:00,49365.0
2017-10-25 05:00:00+02:00,50569.0
2017-10-25 06:00:00+02:00,52653.0
2017-10-25 07:00:00+02:00,55644.0
2017-10-25 08:00:00+02:00,57095.0
2017-10-25 09:00:00+02:00,57821.0
2017-10-25 10:00:00+02:00,58262.0
2017-10-25 11:00:00+02:00,58324.0
2017-10-25 12:00:00+02:00,58225.0
2017-10-25 13:00:00+02:00,58278.0
2017-10-25 14:00:00+02:00,57785.0
2017-10-25 15:00:00+02:00,55811.0
2017-10-25 16:00:00+02:00,55084.0
2017-10-25 17:00:00+02:00,54618.0
2017-10-25 18:00:00+02:00,55359.0
2017-10-25 19:00:00+02:00,58033.0
2017-10-25 20:00:00+02:00,56504.0
2017-10-25 21:00:00+02:00,53949.0
2017-10-25 22:00:00+02:00,53707.0
2017-10-25 23:00:00+02:00,53514.0
2017-10-26 00:00:00+02:00,50499.0
2017-10-26 01:00:00+02:00,48727.0
2017-10-26 02:00:00+02:00,48446.0
2017-10-26 03:00:00+02:00,47036.0
2017-10-26 04:00:00+02:00,47389.0
2017-10-26 05:00:00+02:00,48898.0
2017-10-26 06:00:00+02:00,51927.0
2017-10-26 07:00:00+02:00,56316.0
2017-10-26 08:00:00+02:00,56775.0
2017-10-26 09:00:00+02:00,57833.0
2017-10-26 10:00:00+02:00,59070.0
2017-10-26 11:00:00+02:00,59247.0
2017-10-26 12:00:00+02:00,58724.0
2017-10-26 13:00:00+02:00,58249.0
2017-10-26 14:00:00+02:00,57898.0
2017-10-26 15:00:00+02:00,57500.0
2017-10-26 16:00:00+02:00,56625.0
2017-10-26 17:00:00+02:00,56147.0
2017-10-26 18:00:00+02:00,57262.0
2017-10-26 19:00:00+02:00,58362.0
2017-10-26 20:00:00+02:00,57711.0
2017-10-26 21:00:00+02:00,55626.0
2017-10-26 22:00:00+02:00,54730.0
2017-10-26 23:00:00+02:00,53611.0
2017-10-27 00:00:00+02:00,51681.0
2017-10-27 01:00:00+02:00,50043.0
2017-10-27 02:00:00+02:00,49314.0
2017-10-27 03:00:00+02:00,48466.0
2017-10-27 04:00:00+02:00,47964.0
2017-10-27 05:00:00+02:00,49235.0
2017-10-27 06:00:00+02:00,52118.0
2017-10-27 07:00:00+02:00,55517.0
2017-10-27 08:00:00+02:00,58178.0
2017-10-27 09:00:00+02:00,59068.0
2017-10-27 10:00:00+02:00,59815.0
2017-10-27 11:00:00+02:00,59400.0
2017-10-27 12:00:00+02:00,59203.0
2017-10-27 13:00:00+02:00,58337.0
2017-10-27 14:00:00+02:00,57102.0
2017-10-27 15:00:00+02:00,55847.0
2017-10-27 16:00:00+02:00,54923.0
2017-10-27 17:00:00+02:00,55207.0
2017-10-27 18:00:00+02:00,56552.0
2017-10-27 19:00:00+02:00,59158.0
2017-10-27 20:00:00+02:00,58157.0
2017-10-27 21:00:00+02:00,54903.0
2017-10-27 22:00:00+02:00,54122.0
2017-10-27 23:00:00+02:00,53779.0
2017-10-28 00:00:00+02:00,52995.0
2017-10-28 01:00:00+02:00,50989.0
2017-10-28 02:00:00+02:00,50407.0
2017-10-28 03:00:00+02:00,48754.0
2017-10-28 04:00:00+02:00,48649.0
2017-10-28 05:00:00+02:00,48923.0
2017-10-28 06:00:00+02:00,49615.0
2017-10-28 07:00:00+02:00,50875.0
2017-10-28 08:00:00+02:00,52680.0
2017-10-28 09:00:00+02:00,54030.0
2017-10-28 10:00:00+02:00,54294.0
2017-10-28 11:00:00+02:00,54255.0
2017-10-28 12:00:00+02:00,55183.0
2017-10-28 13:00:00+02:00,55260.0
2017-10-28 14:00:00+02:00,55151.0
2017-10-28 15:00:00+02:00,53828.0
2017-10-28 16:00:00+02:00,53004.0
2017-10-28 17:00:00+02:00,54060.0
2017-10-28 18:00:00+02:00,56317.0
2017-10-28 19:00:00+02:00,58915.0
2017-10-28 20:00:00+02:00,58345.0
2017-10-28 21:00:00+02:00,55977.0
2017-10-28 22:00:00+02:00,55945.0
2017-10-28 23:00:00+02:00,57454.0
2017-10-29 00:00:00+02:00,53105.0
2017-10-29 01:00:00+02:00,52126.0
2017-10-29 02:00:00+02:00,51819.0
2017-10-29 02:00:00+01:00,51975.0
2017-10-29 03:00:00+01:00,49278.0
2017-10-29 04:00:00+01:00,46926.0
2017-10-29 05:00:00+01:00,46926.0
2017-10-29 06:00:00+01:00,48669.0
2017-10-29 07:00:00+01:00,49120.0
2017-10-29 08:00:00+01:00,49519.0
2017-10-29 09:00:00+01:00,51273.0
2017-10-29 10:00:00+01:00,52440.0
2017-10-29 11:00:00+01:00,54177.0
2017-10-29 12:00:00+01:00,54537.0
2017-10-29 13:00:00+01:00,52993.0
2017-10-29 14:00:00+01:00,51079.0
2017-10-29 15:00:00+01:00,49468.0
2017-10-29 16:00:00+01:00,48843.0
2017-10-29 17:00:00+01:00,50998.0
2017-10-29 18:00:00+01:00,55297.0
2017-10-29 19:00:00+01:00,55932.0
2017-10-29 20:00:00+01:00,55245.0
2017-10-29 21:00:00+01:00,53584.0
2017-10-29 22:00:00+01:00,53657.0
2017-10-29 23:00:00+01:00,53606.0
2017-10-30 00:00:00+01:00,51966.0
2017-10-30 01:00:00+01:00,50778.0
2017-10-30 02:00:00+01:00,49087.0
2017-10-30 03:00:00+01:00,48337.0
2017-10-30 04:00:00+01:00,48535.0
2017-10-30 05:00:00+01:00,50928.0
2017-10-30 06:00:00+01:00,54252.0
2017-10-30 07:00:00+01:00,56408.0
2017-10-30 08:00:00+01:00,58844.0
2017-10-30 09:00:00+01:00,60043.0
2017-10-30 10:00:00+01:00,60152.0
2017-10-30 11:00:00+01:00,60574.0
2017-10-30 12:00:00+01:00,60151.0
2017-10-30 13:00:00+01:00,59590.0
2017-10-30 14:00:00+01:00,58867.0
2017-10-30 15:00:00+01:00,57822.0
2017-10-30 16:00:00+01:00,57606.0
2017-10-30 17:00:00+01:00,59526.0
2017-10-30 18:00:00+01:00,62055.0
2017-10-30 19:00:00+01:00,61730.0
2017-10-30 20:00:00+01:00,58629.0
2017-10-30 21:00:00+01:00,56602.0
2017-10-30 22:00:00+01:00,55819.0
2017-10-30 23:00:00+01:00,54484.0
2017-10-31 00:00:00+01:00,53738.0
2017-10-31 01:00:00+01:00,52360.0
2017-10-31 02:00:00+01:00,51238.0
2017-10-31 03:00:00+01:00,50154.0
2017-10-31 04:00:00+01:00,50513.0
2017-10-31 05:00:00+01:00,52619.0
2017-10-31 06:00:00+01:00,54636.0
2017-10-31 07:00:00+01:00,57454.0
2017-10-31 08:00:00+01:00,59231.0
2017-10-31 09:00:00+01:00,60773.0
2017-10-31 10:00:00+01:00,60803.0
2017-10-31 11:00:00+01:00,60990.0
2017-10-31 12:00:00+01:00,60759.0
2017-10-31 13:00:00+01:00,59968.0
2017-10-31 14:00:00+01:00,58479.0
2017-10-31 15:00:00+01:00,57340.0
2017-10-31 16:00:00+01:00,57327.0
2017-10-31 17:00:00+01:00,58576.0
2017-10-31 18:00:00+01:00,61724.0
2017-10-31 19:00:00+01:00,61574.0
2017-10-31 20:00:00+01:00,60144.0
2017-10-31 21:00:00+01:00,58086.0
2017-10-31 22:00:00+01:00,57025.0
2017-10-31 23:00:00+01:00,57021.0
2017-11-01 00:00:00+01:00,55166.0
2017-11-01 01:00:00+01:00,53055.0
2017-11-01 02:00:00+01:00,51792.0
2017-11-01 03:00:00+01:00,50188.0
2017-11-01 04:00:00+01:00,49743.0
2017-11-01 05:00:00+01:00,50414.0
2017-11-01 06:00:00+01:00,52203.0
2017-11-01 07:00:00+01:00,54068.0
2017-11-01 08:00:00+01:00,54941.0
2017-11-01 09:00:00+01:00,55519.0
2017-11-01 10:00:00+01:00,55642.0
2017-11-01 11:00:00+01:00,54954.0
2017-11-01 12:00:00+01:00,55617.0
2017-11-01 13:00:00+01:00,54745.0
2017-11-01 14:00:00+01:00,53186.0
2017-11-01 15:00:00+01:00,51973.0
2017-11-01 16:00:00+01:00,52351.0
2017-11-01 17:00:00+01:00,54815.0
2017-11-01 18:00:00+01:00,59837.0
2017-11-01 19:00:00+01:00,61180.0
2017-11-01 20:00:00+01:00,60509.0
2017-11-01 21:00:00+01:00,57966.0
2017-11-01 22:00:00+01:00,57281.0
2017-11-01 23:00:00+01:00,57270.0
2017-11-02 00:00:00+01:00,56072.0
2017-11-02 01:00:00+01:00,54608.0
2017-11-02 02:00:00+01:00,52470.0
2017-11-02 03:00:00+01:00,50603.0
2017-11-02 04:00:00+01:00,50509.0
2017-11-02 05:00:00+01:00,53385.0
2017-11-02 06:00:00+01:00,56236.0
2017-11-02 07:00:00+01:00,58614.0
2017-11-02 08:00:00+01:00,60102.0
2017-11-02 09:00:00+01:00,60903.0
2017-11-02 10:00:00+01:00,60482.0
2017-11-02 11:00:00+01:00,60236.0
2017-11-02 12:00:00+01:00,59897.0
2017-11-02 13:00:00+01:00,59415.0
2017-11-02 14:00:00+01:00,58792.0
2017-11-02 15:00:00+01:00,57883.0
2017-11-02 16:00:00+01:00,57831.0
2017-11-02 17:00:00+01:00,59621.0
2017-11-02 18:00:00+01:00,63052.0
2017-11-02 19:00:00+01:00,62017.0
2017-11-02 20:00:00+01:00,59916.0
2017-11-02 21:00:00+01:00,56392.0
2017-11-02 22:00:00+01:00,56081.0
2017-11-02 23:00:00+01:00,55660.0
2017-11-03 00:00:00+01:00,53551.0
2017-11-03 01:00:00+01:00,51541.0
2017-11-03 02:00:00+01:00,51476.0
2017-11-03 03:00:00+01:00,50706.0
2017-11-03 04:00:00+01:00,50398.0
2017-11-03 05:00:00+01:00,51226.0
2017-11-03 06:00:00+01:00,55673.0
2017-11-03 07:00:00+01:00,58073.0
2017-11-03 08:00:00+01:00,59463.0
2017-11-03 09:00:00+01:00,60509.0
2017-11-03 10:00:00+01:00,60630.0
2017-11-03 11:00:00+01:00,61027.0
2017-11-03 12:00:00+01:00,60779.0
2017-11-03 13:00:00+01:00,59496.0
2017-11-03 14:00:00+01:00,58610.0
2017-11-03 15:00:00+01:00,57371.0
2017-11-03 16:00:00+01:00,56403.0
2017-11-03 17:00:00+01:00,57703.0
2017-11-03 18:00:00+01:00,60538.0
2017-11-03 19:00:00+01:00,60364.0
2017-11-03 20:00:00+01:00,59097.0
2017-11-03 21:00:00+01:00,56625.0
2017-11-03 22:00:00+01:00,56541.0
2017-11-03 23:00:00+01:00,56656.0
2017-11-04 00:00:00+01:00,55757.0
2017-11-04 01:00:00+01:00,53153.0
2017-11-04 02:00:00+01:00,51943.0
2017-11-04 03:00:00+01:00,50712.0
2017-11-04 04:00:00+01:00,50750.0
2017-11-04 05:00:00+01:00,51229.0
2017-11-04 06:00:00+01:00,52202.0
2017-11-04 07:00:00+01:00,53522.0
2017-11-04 08:00:00+01:00,54916.0
2017-11-04 09:00:00+01:00,56818.0
2017-11-04 10:00:00+01:00,57269.0
2017-11-04 11:00:00+01:00,59860.0
2017-11-04 12:00:00+01:00,60269.0
2017-11-04 13:00:00+01:00,59556.0
2017-11-04 14:00:00+01:00,56538.0
2017-11-04 15:00:00+01:00,55160.0
2017-11-04 16:00:00+01:00,54866.0
2017-11-04 17:00:00+01:00,57121.0
2017-11-04 18:00:00+01:00,60690.0
2017-11-04 19:00:00+01:00,60495.0
2017-11-04 20:00:00+01:00,57143.0
2017-11-04 21:00:00+01:00,55294.0
2017-11-04 22:00:00+01:00,55879.0
2017-11-04 23:00:00+01:00,56208.0
2017-11-05 00:00:00+01:00,54018.0
2017-11-05 01:00:00+01:00,50908.0
2017-11-05 02:00:00+01:00,48950.0
2017-11-05 03:00:00+01:00,47953.0
2017-11-05 04:00:00+01:00,47878.0
2017-11-05 05:00:00+01:00,48189.0
2017-11-05 06:00:00+01:00,48548.0
2017-11-05 07:00:00+01:00,50006.0
2017-11-05 08:00:00+01:00,51183.0
2017-11-05 09:00:00+01:00,53444.0
2017-11-05 10:00:00+01:00,54686.0
2017-11-05 11:00:00+01:00,56760.0
2017-11-05 12:00:00+01:00,56651.0
2017-11-05 13:00:00+01:00,55323.0
2017-11-05 14:00:00+01:00,53667.0
2017-11-05 15:00:00+01:00,52283.0
2017-11-05 16:00:00+01:00,51805.0
2017-11-05 17:00:00+01:00,54454.0
2017-11-05 18:00:00+01:00,58785.0
2017-11-05 19:00:00+01:00,59169.0
2017-11-05 20:00:00+01:00,59132.0
2017-11-05 21:00:00+01:00,57346.0
2017-11-05 22:00:00+01:00,57226.0
2017-11-05 23:00:00+01:00,57215.0
2017-11-06 00:00:00+01:00,55991.0
2017-11-06 01:00:00+01:00,53881.0
2017-11-06 02:00:00+01:00,53381.0
2017-11-06 03:00:00+01:00,53198.0
2017-11-06 04:00:00+01:00,53256.0
2017-11-06 05:00:00+01:00,54441.0
2017-11-06 06:00:00+01:00,56786.0
2017-11-06 07:00:00+01:00,60066.0
2017-11-06 08:00:00+01:00,61670.0
2017-11-06 09:00:00+01:00,62058.0
2017-11-06 10:00:00+01:00,62040.0
2017-11-06 11:00:00+01:00,62440.0
2017-11-06 12:00:00+01:00,62431.0
2017-11-06 13:00:00+01:00,61996.0
2017-11-06 14:00:00+01:00,61278.0
2017-11-06 15:00:00+01:00,60550.0
2017-11-06 16:00:00+01:00,59791.0
2017-11-06 17:00:00+01:00,62316.0
2017-11-06 18:00:00+01:00,64473.0
2017-11-06 19:00:00+01:00,64257.0
2017-11-06 20:00:00+01:00,60767.0
2017-11-06 21:00:00+01:00,58966.0
2017-11-06 22:00:00+01:00,58377.0
2017-11-06 23:00:00+01:00,57604.0
2017-11-07 00:00:00+01:00,56277.0
2017-11-07 01:00:00+01:00,54651.0
2017-11-07 02:00:00+01:00,54303.0
2017-11-07 03:00:00+01:00,54347.0
2017-11-07 04:00:00+01:00,54363.0
2017-11-07 05:00:00+01:00,55651.0
2017-11-07 06:00:00+01:00,58108.0
2017-11-07 07:00:00+01:00,60518.0
2017-11-07 08:00:00+01:00,62500.0
2017-11-07 09:00:00+01:00,63563.0
2017-11-07 10:00:00+01:00,63470.0
2017-11-07 11:00:00+01:00,63926.0
2017-11-07 12:00:00+01:00,63281.0
2017-11-07 13:00:00+01:00,62546.0
2017-11-07 14:00:00+01:00,61482.0
2017-11-07 15:00:00+01:00,60421.0
2017-11-07 16:00:00+01:00,60285.0
2017-11-07 17:00:00+01:00,62326.0
2017-11-07 18:00:00+01:00,65290.0
2017-11-07 19:00:00+01:00,64542.0
2017-11-07 20:00:00+01:00,60906.0
2017-11-07 21:00:00+01:00,58959.0
2017-11-07 22:00:00+01:00,58405.0
2017-11-07 23:00:00+01:00,57792.0
2017-11-08 00:00:00+01:00,55970.0
2017-11-08 01:00:00+01:00,54615.0
2017-11-08 02:00:00+01:00,53960.0
2017-11-08 03:00:00+01:00,53728.0
2017-11-08 04:00:00+01:00,53710.0
2017-11-08 05:00:00+01:00,54552.0
2017-11-08 06:00:00+01:00,57764.0
2017-11-08 07:00:00+01:00,60512.0
2017-11-08 08:00:00+01:00,62069.0
2017-11-08 09:00:00+01:00,63005.0
2017-11-08 10:00:00+01:00,63749.0
2017-11-08 11:00:00+01:00,64692.0
2017-11-08 12:00:00+01:00,63709.0
2017-11-08 13:00:00+01:00,63270.0
2017-11-08 14:00:00+01:00,62742.0
2017-11-08 15:00:00+01:00,62031.0
2017-11-08 16:00:00+01:00,61990.0
2017-11-08 17:00:00+01:00,64618.0
2017-11-08 18:00:00+01:00,66155.0
2017-11-08 19:00:00+01:00,65640.0
2017-11-08 20:00:00+01:00,62275.0
2017-11-08 21:00:00+01:00,58898.0
2017-11-08 22:00:00+01:00,58426.0
2017-11-08 23:00:00+01:00,58397.0
2017-11-09 00:00:00+01:00,56246.0
2017-11-09 01:00:00+01:00,54593.0
2017-11-09 02:00:00+01:00,53955.0
2017-11-09 03:00:00+01:00,53710.0
2017-11-09 04:00:00+01:00,53702.0
2017-11-09 05:00:00+01:00,54319.0
2017-11-09 06:00:00+01:00,57857.0
2017-11-09 07:00:00+01:00,62624.0
2017-11-09 08:00:00+01:00,63964.0
2017-11-09 09:00:00+01:00,64702.0
2017-11-09 10:00:00+01:00,64214.0
2017-11-09 11:00:00+01:00,64646.0
2017-11-09 12:00:00+01:00,64443.0
2017-11-09 13:00:00+01:00,63592.0
2017-11-09 14:00:00+01:00,62648.0
2017-11-09 15:00:00+01:00,62211.0
2017-11-09 16:00:00+01:00,62248.0
2017-11-09 17:00:00+01:00,64249.0
2017-11-09 18:00:00+01:00,66078.0
2017-11-09 19:00:00+01:00,65749.0
2017-11-09 20:00:00+01:00,63606.0
2017-11-09 21:00:00+01:00,60016.0
2017-11-09 22:00:00+01:00,59425.0
2017-11-09 23:00:00+01:00,59422.0
2017-11-10 00:00:00+01:00,57066.0
2017-11-10 01:00:00+01:00,55531.0
2017-11-10 02:00:00+01:00,53644.0
2017-11-10 03:00:00+01:00,52905.0
2017-11-10 04:00:00+01:00,52851.0
2017-11-10 05:00:00+01:00,54297.0
2017-11-10 06:00:00+01:00,58186.0
2017-11-10 07:00:00+01:00,61443.0
2017-11-10 08:00:00+01:00,64091.0
2017-11-10 09:00:00+01:00,65082.0
2017-11-10 10:00:00+01:00,65090.0
2017-11-10 11:00:00+01:00,65387.0
2017-11-10 12:00:00+01:00,64295.0
2017-11-10 13:00:00+01:00,62987.0
2017-11-10 14:00:00+01:00,61896.0
2017-11-10 15:00:00+01:00,61296.0
2017-11-10 16:00:00+01:00,61055.0
2017-11-10 17:00:00+01:00,63141.0
2017-11-10 18:00:00+01:00,65495.0
2017-11-10 19:00:00+01:00,65043.0
2017-11-10 20:00:00+01:00,62569.0
2017-11-10 21:00:00+01:00,59789.0
2017-11-10 22:00:00+01:00,59152.0
2017-11-10 23:00:00+01:00,58886.0
2017-11-11 00:00:00+01:00,57108.0
2017-11-11 01:00:00+01:00,55365.0
2017-11-11 02:00:00+01:00,53884.0
2017-11-11 03:00:00+01:00,52973.0
2017-11-11 04:00:00+01:00,52959.0
2017-11-11 05:00:00+01:00,53607.0
2017-11-11 06:00:00+01:00,54091.0
2017-11-11 07:00:00+01:00,55433.0
2017-11-11 08:00:00+01:00,56564.0
2017-11-11 09:00:00+01:00,59098.0
2017-11-11 10:00:00+01:00,60666.0
2017-11-11 11:00:00+01:00,61803.0
2017-11-11 12:00:00+01:00,63133.0
2017-11-11 13:00:00+01:00,61776.0
2017-11-11 14:00:00+01:00,59662.0
2017-11-11 15:00:00+01:00,58116.0
2017-11-11 16:00:00+01:00,57787.0
2017-11-11 17:00:00+01:00,60003.0
2017-11-11 18:00:00+01:00,62213.0
2017-11-11 19:00:00+01:00,61800.0
2017-11-11 20:00:00+01:00,60204.0
2017-11-11 21:00:00+01:00,57840.0
2017-11-11 22:00:00+01:00,57097.0
2017-11-11 23:00:00+01:00,56707.0
2017-11-12 00:00:00+01:00,56833.0
2017-11-12 01:00:00+01:00,54974.0
2017-11-12 02:00:00+01:00,52880.0
2017-11-12 03:00:00+01:00,51135.0
2017-11-12 04:00:00+01:00,50711.0
2017-11-12 05:00:00+01:00,51088.0
2017-11-12 06:00:00+01:00,51623.0
2017-11-12 07:00:00+01:00,52277.0
2017-11-12 08:00:00+01:00,53834.0
2017-11-12 09:00:00+01:00,57182.0
2017-11-12 10:00:00+01:00,59082.0
2017-11-12 11:00:00+01:00,60620.0
2017-11-12 12:00:00+01:00,62123.0
2017-11-12 13:00:00+01:00,62122.0
2017-11-12 14:00:00+01:00,60643.0
2017-11-12 15:00:00+01:00,59804.0
2017-11-12 16:00:00+01:00,60071.0
2017-11-12 17:00:00+01:00,61777.0
2017-11-12 18:00:00+01:00,64928.0
2017-11-12 19:00:00+01:00,65546.0
2017-11-12 20:00:00+01:00,65095.0
2017-11-12 21:00:00+01:00,63516.0
2017-11-12 22:00:00+01:00,62525.0
2017-11-12 23:00:00+01:00,62166.0
2017-11-13 00:00:00+01:00,59766.0
2017-11-13 01:00:00+01:00,57132.0
2017-11-13 02:00:00+01:00,55971.0
2017-11-13 03:00:00+01:00,55915.0
2017-11-13 04:00:00+01:00,55968.0
2017-11-13 05:00:00+01:00,57575.0
2017-11-13 06:00:00+01:00,60122.0
2017-11-13 07:00:00+01:00,64947.0
2017-11-13 08:00:00+01:00,67627.0
2017-11-13 09:00:00+01:00,68882.0
2017-11-13 10:00:00+01:00,68878.0
2017-11-13 11:00:00+01:00,69473.0
2017-11-13 12:00:00+01:00,68929.0
2017-11-13 13:00:00+01:00,68220.0
2017-11-13 14:00:00+01:00,66882.0
2017-11-13 15:00:00+01:00,65610.0
2017-11-13 16:00:00+01:00,64634.0
2017-11-13 17:00:00+01:00,66823.0
2017-11-13 18:00:00+01:00,69159.0
2017-11-13 19:00:00+01:00,68452.0
2017-11-13 20:00:00+01:00,65430.0
2017-11-13 21:00:00+01:00,62544.0
2017-11-13 22:00:00+01:00,61584.0
2017-11-13 23:00:00+01:00,61493.0
2017-11-14 00:00:00+01:00,58022.0
2017-11-14 01:00:00+01:00,56283.0
2017-11-14 02:00:00+01:00,56137.0
2017-11-14 03:00:00+01:00,55553.0
2017-11-14 04:00:00+01:00,55455.0
2017-11-14 05:00:00+01:00,56306.0
2017-11-14 06:00:00+01:00,59466.0
2017-11-14 07:00:00+01:00,64318.0
2017-11-14 08:00:00+01:00,66602.0
2017-11-14 09:00:00+01:00,68346.0
2017-11-14 10:00:00+01:00,67350.0
2017-11-14 11:00:00+01:00,67606.0
2017-11-14 12:00:00+01:00,66745.0
2017-11-14 13:00:00+01:00,66022.0
2017-11-14 14:00:00+01:00,65325.0
2017-11-14 15:00:00+01:00,64537.0
2017-11-14 16:00:00+01:00,64101.0
2017-11-14 17:00:00+01:00,66489.0
2017-11-14 18:00:00+01:00,68457.0
2017-11-14 19:00:00+01:00,68171.0
2017-11-14 20:00:00+01:00,64291.0
2017-11-14 21:00:00+01:00,60822.0
2017-11-14 22:00:00+01:00,59810.0
2017-11-14 23:00:00+01:00,60048.0
2017-11-15 00:00:00+01:00,58713.0
2017-11-15 01:00:00+01:00,56709.0
2017-11-15 02:00:00+01:00,56312.0
2017-11-15 03:00:00+01:00,56117.0
2017-11-15 04:00:00+01:00,55984.0
2017-11-15 05:00:00+01:00,56528.0
2017-11-15 06:00:00+01:00,59371.0
2017-11-15 07:00:00+01:00,64035.0
2017-11-15 08:00:00+01:00,65994.0
2017-11-15 09:00:00+01:00,66508.0
2017-11-15 10:00:00+01:00,65753.0
2017-11-15 11:00:00+01:00,65570.0
2017-11-15 12:00:00+01:00,64915.0
2017-11-15 13:00:00+01:00,64027.0
2017-11-15 14:00:00+01:00,63104.0
2017-11-15 15:00:00+01:00,62643.0
2017-11-15 16:00:00+01:00,63116.0
2017-11-15 17:00:00+01:00,65827.0
2017-11-15 18:00:00+01:00,66936.0
2017-11-15 19:00:00+01:00,66835.0
2017-11-15 20:00:00+01:00,63650.0
2017-11-15 21:00:00+01:00,61207.0
2017-11-15 22:00:00+01:00,60720.0
2017-11-15 23:00:00+01:00,60238.0
2017-11-16 00:00:00+01:00,60587.0
2017-11-16 01:00:00+01:00,58681.0
2017-11-16 02:00:00+01:00,57439.0
2017-11-16 03:00:00+01:00,56856.0
2017-11-16 04:00:00+01:00,56566.0
2017-11-16 05:00:00+01:00,57418.0
2017-11-16 06:00:00+01:00,60620.0
2017-11-16 07:00:00+01:00,64104.0
2017-11-16 08:00:00+01:00,66740.0
2017-11-16 09:00:00+01:00,67478.0
2017-11-16 10:00:00+01:00,67225.0
2017-11-16 11:00:00+01:00,66596.0
2017-11-16 12:00:00+01:00,66038.0
2017-11-16 13:00:00+01:00,65148.0
2017-11-16 14:00:00+01:00,63761.0
2017-11-16 15:00:00+01:00,62658.0
2017-11-16 16:00:00+01:00,62379.0
2017-11-16 17:00:00+01:00,64466.0
2017-11-16 18:00:00+01:00,67232.0
2017-11-16 19:00:00+01:00,67628.0
2017-11-16 20:00:00+01:00,64385.0
2017-11-16 21:00:00+01:00,62257.0
2017-11-16 22:00:00+01:00,61660.0
2017-11-16 23:00:00+01:00,61774.0
2017-11-17 00:00:00+01:00,59756.0
2017-11-17 01:00:00+01:00,58183.0
2017-11-17 02:00:00+01:00,56455.0
2017-11-17 03:00:00+01:00,55196.0
2017-11-17 04:00:00+01:00,55285.0
2017-11-17 05:00:00+01:00,56853.0
2017-11-17 06:00:00+01:00,59944.0
2017-11-17 07:00:00+01:00,64000.0
2017-11-17 08:00:00+01:00,66564.0
2017-11-17 09:00:00+01:00,67145.0
2017-11-17 10:00:00+01:00,66272.0
2017-11-17 11:00:00+01:00,66327.0
2017-11-17 12:00:00+01:00,65872.0
2017-11-17 13:00:00+01:00,64935.0
2017-11-17 14:00:00+01:00,63749.0
2017-11-17 15:00:00+01:00,62943.0
2017-11-17 16:00:00+01:00,62639.0
2017-11-17 17:00:00+01:00,65282.0
2017-11-17 18:00:00+01:00,68132.0
2017-11-17 19:00:00+01:00,66656.0
2017-11-17 20:00:00+01:00,63922.0
2017-11-17 21:00:00+01:00,61456.0
2017-11-17 22:00:00+01:00,61698.0
2017-11-17 23:00:00+01:00,61772.0
2017-11-18 00:00:00+01:00,59483.0
2017-11-18 01:00:00+01:00,56741.0
2017-11-18 02:00:00+01:00,55610.0
2017-11-18 03:00:00+01:00,54951.0
2017-11-18 04:00:00+01:00,54730.0
2017-11-18 05:00:00+01:00,55063.0
2017-11-18 06:00:00+01:00,55977.0
2017-11-18 07:00:00+01:00,58810.0
2017-11-18 08:00:00+01:00,59970.0
2017-11-18 09:00:00+01:00,62743.0
2017-11-18 10:00:00+01:00,63834.0
2017-11-18 11:00:00+01:00,64492.0
2017-11-18 12:00:00+01:00,64376.0
2017-11-18 13:00:00+01:00,62900.0
2017-11-18 14:00:00+01:00,60531.0
2017-11-18 15:00:00+01:00,59414.0
2017-11-18 16:00:00+01:00,59654.0
2017-11-18 17:00:00+01:00,62185.0
2017-11-18 18:00:00+01:00,64780.0
2017-11-18 19:00:00+01:00,64285.0
2017-11-18 20:00:00+01:00,63753.0
2017-11-18 21:00:00+01:00,62977.0
2017-11-18 22:00:00+01:00,62339.0
2017-11-18 23:00:00+01:00,62577.0
2017-11-19 00:00:00+01:00,61299.0
2017-11-19 01:00:00+01:00,59500.0
2017-11-19 02:00:00+01:00,58416.0
2017-11-19 03:00:00+01:00,57225.0
2017-11-19 04:00:00+01:00,56853.0
2017-11-19 05:00:00+01:00,56893.0
2017-11-19 06:00:00+01:00,56239.0
2017-11-19 07:00:00+01:00,56636.0
2017-11-19 08:00:00+01:00,57468.0
2017-11-19 09:00:00+01:00,58781.0
2017-11-19 10:00:00+01:00,59594.0
2017-11-19 11:00:00+01:00,60477.0
2017-11-19 12:00:00+01:00,60952.0
2017-11-19 13:00:00+01:00,60991.0
2017-11-19 14:00:00+01:00,59376.0
2017-11-19 15:00:00+01:00,58034.0
2017-11-19 16:00:00+01:00,57888.0
2017-11-19 17:00:00+01:00,60223.0
2017-11-19 18:00:00+01:00,62650.0
2017-11-19 19:00:00+01:00,63454.0
2017-11-19 20:00:00+01:00,62446.0
2017-11-19 21:00:00+01:00,61606.0
2017-11-19 22:00:00+01:00,61787.0
2017-11-19 23:00:00+01:00,61175.0
2017-11-20 00:00:00+01:00,59382.0
2017-11-20 01:00:00+01:00,57676.0
2017-11-20 02:00:00+01:00,56776.0
2017-11-20 03:00:00+01:00,55980.0
2017-11-20 04:00:00+01:00,55864.0
2017-11-20 05:00:00+01:00,57334.0
2017-11-20 06:00:00+01:00,60912.0
2017-11-20 07:00:00+01:00,65140.0
2017-11-20 08:00:00+01:00,67953.0
2017-11-20 09:00:00+01:00,68596.0
2017-11-20 10:00:00+01:00,67405.0
2017-11-20 11:00:00+01:00,67706.0
2017-11-20 12:00:00+01:00,67559.0
2017-11-20 13:00:00+01:00,67508.0
2017-11-20 14:00:00+01:00,65950.0
2017-11-20 15:00:00+01:00,65080.0
2017-11-20 16:00:00+01:00,65325.0
2017-11-20 17:00:00+01:00,67257.0
2017-11-20 18:00:00+01:00,71247.0
2017-11-20 19:00:00+01:00,70031.0
2017-11-20 20:00:00+01:00,67728.0
2017-11-20 21:00:00+01:00,65186.0
2017-11-20 22:00:00+01:00,64576.0
2017-11-20 23:00:00+01:00,64544.0
2017-11-21 00:00:00+01:00,62642.0
2017-11-21 01:00:00+01:00,60699.0
2017-11-21 02:00:00+01:00,58988.0
2017-11-21 03:00:00+01:00,57953.0
2017-11-21 04:00:00+01:00,57429.0
2017-11-21 05:00:00+01:00,59308.0
2017-11-21 06:00:00+01:00,63270.0
2017-11-21 07:00:00+01:00,66127.0
2017-11-21 08:00:00+01:00,68106.0
2017-11-21 09:00:00+01:00,69524.0
2017-11-21 10:00:00+01:00,69114.0
2017-11-21 11:00:00+01:00,68489.0
2017-11-21 12:00:00+01:00,68065.0
2017-11-21 13:00:00+01:00,67388.0
2017-11-21 14:00:00+01:00,66267.0
2017-11-21 15:00:00+01:00,65290.0
2017-11-21 16:00:00+01:00,65151.0
2017-11-21 17:00:00+01:00,66270.0
2017-11-21 18:00:00+01:00,68820.0
2017-11-21 19:00:00+01:00,69503.0
2017-11-21 20:00:00+01:00,68227.0
2017-11-21 21:00:00+01:00,65791.0
2017-11-21 22:00:00+01:00,65481.0
2017-11-21 23:00:00+01:00,64941.0
2017-11-22 00:00:00+01:00,61646.0
2017-11-22 01:00:00+01:00,60271.0
2017-11-22 02:00:00+01:00,60096.0
2017-11-22 03:00:00+01:00,59630.0
2017-11-22 04:00:00+01:00,60076.0
2017-11-22 05:00:00+01:00,60603.0
2017-11-22 06:00:00+01:00,63437.0
2017-11-22 07:00:00+01:00,65798.0
2017-11-22 08:00:00+01:00,67754.0
2017-11-22 09:00:00+01:00,69794.0
2017-11-22 10:00:00+01:00,70669.0
2017-11-22 11:00:00+01:00,70581.0
2017-11-22 12:00:00+01:00,69369.0
2017-11-22 13:00:00+01:00,67658.0
2017-11-22 14:00:00+01:00,66478.0
2017-11-22 15:00:00+01:00,64639.0
2017-11-22 16:00:00+01:00,64399.0
2017-11-22 17:00:00+01:00,67624.0
2017-11-22 18:00:00+01:00,70753.0
2017-11-22 19:00:00+01:00,70782.0
2017-11-22 20:00:00+01:00,68951.0
2017-11-22 21:00:00+01:00,66976.0
2017-11-22 22:00:00+01:00,65213.0
2017-11-22 23:00:00+01:00,65046.0
2017-11-23 00:00:00+01:00,63692.0
2017-11-23 01:00:00+01:00,61806.0
2017-11-23 02:00:00+01:00,60362.0
2017-11-23 03:00:00+01:00,59635.0
2017-11-23 04:00:00+01:00,59916.0
2017-11-23 05:00:00+01:00,61183.0
2017-11-23 06:00:00+01:00,65148.0
2017-11-23 07:00:00+01:00,68118.0
2017-11-23 08:00:00+01:00,70635.0
2017-11-23 09:00:00+01:00,71128.0
2017-11-23 10:00:00+01:00,71308.0
2017-11-23 11:00:00+01:00,72053.0
2017-11-23 12:00:00+01:00,71373.0
2017-11-23 13:00:00+01:00,70265.0
2017-11-23 14:00:00+01:00,67979.0
2017-11-23 15:00:00+01:00,66320.0
2017-11-23 16:00:00+01:00,66188.0
2017-11-23 17:00:00+01:00,68240.0
2017-11-23 18:00:00+01:00,70753.0
2017-11-23 19:00:00+01:00,69982.0
2017-11-23 20:00:00+01:00,68380.0
2017-11-23 21:00:00+01:00,66171.0
2017-11-23 22:00:00+01:00,64907.0
2017-11-23 23:00:00+01:00,64610.0
2017-11-24 00:00:00+01:00,61405.0
2017-11-24 01:00:00+01:00,59348.0
2017-11-24 02:00:00+01:00,58526.0
2017-11-24 03:00:00+01:00,58186.0
2017-11-24 04:00:00+01:00,58772.0
2017-11-24 05:00:00+01:00,60349.0
2017-11-24 06:00:00+01:00,63482.0
2017-11-24 07:00:00+01:00,67957.0
2017-11-24 08:00:00+01:00,68379.0
2017-11-24 09:00:00+01:00,69330.0
2017-11-24 10:00:00+01:00,68995.0
2017-11-24 11:00:00+01:00,68152.0
2017-11-24 12:00:00+01:00,67022.0
2017-11-24 13:00:00+01:00,66080.0
2017-11-24 14:00:00+01:00,65003.0
2017-11-24 15:00:00+01:00,64397.0
2017-11-24 16:00:00+01:00,64492.0
2017-11-24 17:00:00+01:00,66897.0
2017-11-24 18:00:00+01:00,69339.0
2017-11-24 19:00:00+01:00,68371.0
2017-11-24 20:00:00+01:00,65840.0
2017-11-24 21:00:00+01:00,64129.0
2017-11-24 22:00:00+01:00,62777.0
2017-11-24 23:00:00+01:00,61281.0
2017-11-25 00:00:00+01:00,58790.0
2017-11-25 01:00:00+01:00,55760.0
2017-11-25 02:00:00+01:00,54754.0
2017-11-25 03:00:00+01:00,53125.0
2017-11-25 04:00:00+01:00,52752.0
2017-11-25 05:00:00+01:00,53706.0
2017-11-25 06:00:00+01:00,55537.0
2017-11-25 07:00:00+01:00,56561.0
2017-11-25 08:00:00+01:00,58764.0
2017-11-25 09:00:00+01:00,62170.0
2017-11-25 10:00:00+01:00,63893.0
2017-11-25 11:00:00+01:00,65174.0
2017-11-25 12:00:00+01:00,64566.0
2017-11-25 13:00:00+01:00,63870.0
2017-11-25 14:00:00+01:00,61935.0
2017-11-25 15:00:00+01:00,60621.0
2017-11-25 16:00:00+01:00,59803.0
2017-11-25 17:00:00+01:00,63015.0
2017-11-25 18:00:00+01:00,65215.0
2017-11-25 19:00:00+01:00,65251.0
2017-11-25 20:00:00+01:00,64469.0
2017-11-25 21:00:00+01:00,61617.0
2017-11-25 22:00:00+01:00,61430.0
2017-11-25 23:00:00+01:00,61400.0
2017-11-26 00:00:00+01:00,60987.0
2017-11-26 01:00:00+01:00,58601.0
2017-11-26 02:00:00+01:00,56831.0
2017-11-26 03:00:00+01:00,55927.0
2017-11-26 04:00:00+01:00,55370.0
2017-11-26 05:00:00+01:00,56249.0
2017-11-26 06:00:00+01:00,56972.0
2017-11-26 07:00:00+01:00,57352.0
2017-11-26 08:00:00+01:00,57976.0
2017-11-26 09:00:00+01:00,60848.0
2017-11-26 10:00:00+01:00,62780.0
2017-11-26 11:00:00+01:00,64473.0
2017-11-26 12:00:00+01:00,65871.0
2017-11-26 13:00:00+01:00,65184.0
2017-11-26 14:00:00+01:00,62151.0
2017-11-26 15:00:00+01:00,61116.0
2017-11-26 16:00:00+01:00,62268.0
2017-11-26 17:00:00+01:00,65453.0
2017-11-26 18:00:00+01:00,67866.0
2017-11-26 19:00:00+01:00,68486.0
2017-11-26 20:00:00+01:00,67208.0
2017-11-26 21:00:00+01:00,65531.0
2017-11-26 22:00:00+01:00,65046.0
2017-11-26 23:00:00+01:00,65376.0
2017-11-27 00:00:00+01:00,64639.0
2017-11-27 01:00:00+01:00,63253.0
2017-11-27 02:00:00+01:00,62653.0
2017-11-27 03:00:00+01:00,62107.0
2017-11-27 04:00:00+01:00,62774.0
2017-11-27 05:00:00+01:00,64633.0
2017-11-27 06:00:00+01:00,67152.0
2017-11-27 07:00:00+01:00,71057.0
2017-11-27 08:00:00+01:00,73354.0
2017-11-27 09:00:00+01:00,75034.0
2017-11-27 10:00:00+01:00,76042.0
2017-11-27 11:00:00+01:00,76583.0
2017-11-27 12:00:00+01:00,76792.0
2017-11-27 13:00:00+01:00,76034.0
2017-11-27 14:00:00+01:00,74750.0
2017-11-27 15:00:00+01:00,74009.0
2017-11-27 16:00:00+01:00,74349.0
2017-11-27 17:00:00+01:00,76435.0
2017-11-27 18:00:00+01:00,79355.0
2017-11-27 19:00:00+01:00,78497.0
2017-11-27 20:00:00+01:00,75127.0
2017-11-27 21:00:00+01:00,72858.0
2017-11-27 22:00:00+01:00,72525.0
2017-11-27 23:00:00+01:00,72419.0
2017-11-28 00:00:00+01:00,68060.0
2017-11-28 01:00:00+01:00,65939.0
2017-11-28 02:00:00+01:00,64751.0
2017-11-28 03:00:00+01:00,62990.0
2017-11-28 04:00:00+01:00,63396.0
2017-11-28 05:00:00+01:00,65791.0
2017-11-28 06:00:00+01:00,69038.0
2017-11-28 07:00:00+01:00,71811.0
2017-11-28 08:00:00+01:00,73384.0
2017-11-28 09:00:00+01:00,73716.0
2017-11-28 10:00:00+01:00,73673.0
2017-11-28 11:00:00+01:00,73415.0
2017-11-28 12:00:00+01:00,73031.0
2017-11-28 13:00:00+01:00,71970.0
2017-11-28 14:00:00+01:00,70466.0
2017-11-28 15:00:00+01:00,69376.0
2017-11-28 16:00:00+01:00,69795.0
2017-11-28 17:00:00+01:00,71211.0
2017-11-28 18:00:00+01:00,74391.0
2017-11-28 19:00:00+01:00,73330.0
2017-11-28 20:00:00+01:00,70827.0
2017-11-28 21:00:00+01:00,68361.0
2017-11-28 22:00:00+01:00,67922.0
2017-11-28 23:00:00+01:00,67907.0
2017-11-29 00:00:00+01:00,64730.0
2017-11-29 01:00:00+01:00,62689.0
2017-11-29 02:00:00+01:00,61803.0
2017-11-29 03:00:00+01:00,61891.0
2017-11-29 04:00:00+01:00,61159.0
2017-11-29 05:00:00+01:00,62367.0
2017-11-29 06:00:00+01:00,65149.0
2017-11-29 07:00:00+01:00,69544.0
2017-11-29 08:00:00+01:00,71601.0
2017-11-29 09:00:00+01:00,72631.0
2017-11-29 10:00:00+01:00,73004.0
2017-11-29 11:00:00+01:00,73116.0
2017-11-29 12:00:00+01:00,72926.0
2017-11-29 13:00:00+01:00,72459.0
2017-11-29 14:00:00+01:00,71501.0
2017-11-29 15:00:00+01:00,71313.0
2017-11-29 16:00:00+01:00,72335.0
2017-11-29 17:00:00+01:00,75102.0
2017-11-29 18:00:00+01:00,75901.0
2017-11-29 19:00:00+01:00,75205.0
2017-11-29 20:00:00+01:00,71310.0
2017-11-29 21:00:00+01:00,69458.0
2017-11-29 22:00:00+01:00,68487.0
2017-11-29 23:00:00+01:00,68727.0
2017-11-30 00:00:00+01:00,65083.0
2017-11-30 01:00:00+01:00,62159.0
2017-11-30 02:00:00+01:00,61185.0
2017-11-30 03:00:00+01:00,61519.0
2017-11-30 04:00:00+01:00,61225.0
2017-11-30 05:00:00+01:00,62854.0
2017-11-30 06:00:00+01:00,66786.0
2017-11-30 07:00:00+01:00,73826.0
2017-11-30 08:00:00+01:00,74376.0
2017-11-30 09:00:00+01:00,75106.0
2017-11-30 10:00:00+01:00,75925.0
2017-11-30 11:00:00+01:00,75897.0
2017-11-30 12:00:00+01:00,74536.0
2017-11-30 13:00:00+01:00,74394.0
2017-11-30 14:00:00+01:00,74066.0
2017-11-30 15:00:00+01:00,73877.0
2017-11-30 16:00:00+01:00,74229.0
2017-11-30 17:00:00+01:00,75322.0
2017-11-30 18:00:00+01:00,76994.0
2017-11-30 19:00:00+01:00,76788.0
2017-11-30 20:00:00+01:00,72389.0
2017-11-30 21:00:00+01:00,70851.0
2017-11-30 22:00:00+01:00,70709.0
2017-11-30 23:00:00+01:00,70141.0
2017-12-01 00:00:00+01:00,67690.0
2017-12-01 01:00:00+01:00,64806.0
2017-12-01 02:00:00+01:00,63404.0
2017-12-01 03:00:00+01:00,62498.0
2017-12-01 04:00:00+01:00,62482.0
2017-12-01 05:00:00+01:00,64102.0
2017-12-01 06:00:00+01:00,67337.0
2017-12-01 07:00:00+01:00,72703.0
2017-12-01 08:00:00+01:00,74390.0
2017-12-01 09:00:00+01:00,75377.0
2017-12-01 10:00:00+01:00,75674.0
2017-12-01 11:00:00+01:00,75477.0
2017-12-01 12:00:00+01:00,74970.0
2017-12-01 13:00:00+01:00,74340.0
2017-12-01 14:00:00+01:00,73943.0
2017-12-01 15:00:00+01:00,73387.0
2017-12-01 16:00:00+01:00,73613.0
2017-12-01 17:00:00+01:00,76691.0
2017-12-01 18:00:00+01:00,77892.0
2017-12-01 19:00:00+01:00,76338.0
2017-12-01 20:00:00+01:00,72979.0
2017-12-01 21:00:00+01:00,71136.0
2017-12-01 22:00:00+01:00,70447.0
2017-12-01 23:00:00+01:00,69678.0
2017-12-02 00:00:00+01:00,67487.0
2017-12-02 01:00:00+01:00,65075.0
2017-12-02 02:00:00+01:00,62505.0
2017-12-02 03:00:00+01:00,61526.0
2017-12-02 04:00:00+01:00,61140.0
2017-12-02 05:00:00+01:00,61475.0
2017-12-02 06:00:00+01:00,62610.0
2017-12-02 07:00:00+01:00,64112.0
2017-12-02 08:00:00+01:00,66903.0
2017-12-02 09:00:00+01:00,70091.0
2017-12-02 10:00:00+01:00,71172.0
2017-12-02 11:00:00+01:00,71156.0
2017-12-02 12:00:00+01:00,70568.0
2017-12-02 13:00:00+01:00,69394.0
2017-12-02 14:00:00+01:00,67110.0
2017-12-02 15:00:00+01:00,65473.0
2017-12-02 16:00:00+01:00,65546.0
2017-12-02 17:00:00+01:00,69889.0
2017-12-02 18:00:00+01:00,72972.0
2017-12-02 19:00:00+01:00,72244.0
2017-12-02 20:00:00+01:00,69477.0
2017-12-02 21:00:00+01:00,67801.0
2017-12-02 22:00:00+01:00,67312.0
2017-12-02 23:00:00+01:00,67184.0
2017-12-03 00:00:00+01:00,65474.0
2017-12-03 01:00:00+01:00,63245.0
2017-12-03 02:00:00+01:00,61953.0
2017-12-03 03:00:00+01:00,60960.0
2017-12-03 04:00:00+01:00,60936.0
2017-12-03 05:00:00+01:00,60873.0
2017-12-03 06:00:00+01:00,61813.0
2017-12-03 07:00:00+01:00,62755.0
2017-12-03 08:00:00+01:00,63449.0
2017-12-03 09:00:00+01:00,65288.0
2017-12-03 10:00:00+01:00,67798.0
2017-12-03 11:00:00+01:00,69616.0
2017-12-03 12:00:00+01:00,70807.0
2017-12-03 13:00:00+01:00,69740.0
2017-12-03 14:00:00+01:00,67561.0
2017-12-03 15:00:00+01:00,65861.0
2017-12-03 16:00:00+01:00,66278.0
2017-12-03 17:00:00+01:00,69547.0
2017-12-03 18:00:00+01:00,71503.0
2017-12-03 19:00:00+01:00,72017.0
2017-12-03 20:00:00+01:00,70920.0
2017-12-03 21:00:00+01:00,69293.0
2017-12-03 22:00:00+01:00,69112.0
2017-12-03 23:00:00+01:00,69202.0
2017-12-04 00:00:00+01:00,68128.0
2017-12-04 01:00:00+01:00,64956.0
2017-12-04 02:00:00+01:00,64195.0
2017-12-04 03:00:00+01:00,63848.0
2017-12-04 04:00:00+01:00,63709.0
2017-12-04 05:00:00+01:00,65318.0
2017-12-04 06:00:00+01:00,68968.0
2017-12-04 07:00:00+01:00,73561.0
2017-12-04 08:00:00+01:00,76864.0
2017-12-04 09:00:00+01:00,77979.0
2017-12-04 10:00:00+01:00,78039.0
2017-12-04 11:00:00+01:00,77269.0
2017-12-04 12:00:00+01:00,74927.0
2017-12-04 13:00:00+01:00,73726.0
2017-12-04 14:00:00+01:00,72826.0
2017-12-04 15:00:00+01:00,72996.0
2017-12-04 16:00:00+01:00,73204.0
2017-12-04 17:00:00+01:00,76594.0
2017-12-04 18:00:00+01:00,78199.0
2017-12-04 19:00:00+01:00,77927.0
2017-12-04 20:00:00+01:00,74258.0
2017-12-04 21:00:00+01:00,71388.0
2017-12-04 22:00:00+01:00,70815.0
2017-12-04 23:00:00+01:00,70348.0
2017-12-05 00:00:00+01:00,68814.0
2017-12-05 01:00:00+01:00,66956.0
2017-12-05 02:00:00+01:00,65490.0
2017-12-05 03:00:00+01:00,65164.0
2017-12-05 04:00:00+01:00,64815.0
2017-12-05 05:00:00+01:00,66377.0
2017-12-05 06:00:00+01:00,69843.0
2017-12-05 07:00:00+01:00,75555.0
2017-12-05 08:00:00+01:00,77595.0
2017-12-05 09:00:00+01:00,77973.0
2017-12-05 10:00:00+01:00,77959.0
2017-12-05 11:00:00+01:00,77500.0
2017-12-05 12:00:00+01:00,75924.0
2017-12-05 13:00:00+01:00,74777.0
2017-12-05 14:00:00+01:00,73828.0
2017-12-05 15:00:00+01:00,73214.0
2017-12-05 16:00:00+01:00,73394.0
2017-12-05 17:00:00+01:00,75587.0
2017-12-05 18:00:00+01:00,78031.0
2017-12-05 19:00:00+01:00,78177.0
2017-12-05 20:00:00+01:00,74410.0
2017-12-05 21:00:00+01:00,71830.0
2017-12-05 22:00:00+01:00,71037.0
2017-12-05 23:00:00+01:00,71324.0
2017-12-06 00:00:00+01:00,69015.0
2017-12-06 01:00:00+01:00,67539.0
2017-12-06 02:00:00+01:00,66285.0
2017-12-06 03:00:00+01:00,65275.0
2017-12-06 04:00:00+01:00,65286.0
2017-12-06 05:00:00+01:00,67110.0
2017-12-06 06:00:00+01:00,70289.0
2017-12-06 07:00:00+01:00,73688.0
2017-12-06 08:00:00+01:00,78057.0
2017-12-06 09:00:00+01:00,78651.0
2017-12-06 10:00:00+01:00,77861.0
2017-12-06 11:00:00+01:00,77738.0
2017-12-06 12:00:00+01:00,76465.0
2017-12-06 13:00:00+01:00,75652.0
2017-12-06 14:00:00+01:00,74625.0
2017-12-06 15:00:00+01:00,73758.0
2017-12-06 16:00:00+01:00,73929.0
2017-12-06 17:00:00+01:00,76447.0
2017-12-06 18:00:00+01:00,79249.0
2017-12-06 19:00:00+01:00,77721.0
2017-12-06 20:00:00+01:00,75686.0
2017-12-06 21:00:00+01:00,73635.0
2017-12-06 22:00:00+01:00,73365.0
2017-12-06 23:00:00+01:00,74051.0
2017-12-07 00:00:00+01:00,71467.0
2017-12-07 01:00:00+01:00,69730.0
2017-12-07 02:00:00+01:00,69184.0
2017-12-07 03:00:00+01:00,67022.0
2017-12-07 04:00:00+01:00,66598.0
2017-12-07 05:00:00+01:00,68624.0
2017-12-07 06:00:00+01:00,73078.0
2017-12-07 07:00:00+01:00,77175.0
2017-12-07 08:00:00+01:00,79746.0
2017-12-07 09:00:00+01:00,80172.0
2017-12-07 10:00:00+01:00,80650.0
2017-12-07 11:00:00+01:00,81298.0
2017-12-07 12:00:00+01:00,81195.0
2017-12-07 13:00:00+01:00,80883.0
2017-12-07 14:00:00+01:00,78905.0
2017-12-07 15:00:00+01:00,78161.0
2017-12-07 16:00:00+01:00,78344.0
2017-12-07 17:00:00+01:00,80326.0
2017-12-07 18:00:00+01:00,82583.0
2017-12-07 19:00:00+01:00,81553.0
2017-12-07 20:00:00+01:00,78738.0
2017-12-07 21:00:00+01:00,75424.0
2017-12-07 22:00:00+01:00,74709.0
2017-12-07 23:00:00+01:00,75139.0
2017-12-08 00:00:00+01:00,71955.0
2017-12-08 01:00:00+01:00,69585.0
2017-12-08 02:00:00+01:00,69294.0
2017-12-08 03:00:00+01:00,67462.0
2017-12-08 04:00:00+01:00,66857.0
2017-12-08 05:00:00+01:00,68700.0
2017-12-08 06:00:00+01:00,71415.0
2017-12-08 07:00:00+01:00,74700.0
2017-12-08 08:00:00+01:00,76149.0
2017-12-08 09:00:00+01:00,77511.0
2017-12-08 10:00:00+01:00,78157.0
2017-12-08 11:00:00+01:00,79009.0
2017-12-08 12:00:00+01:00,78358.0
2017-12-08 13:00:00+01:00,78264.0
2017-12-08 14:00:00+01:00,77344.0
2017-12-08 15:00:00+01:00,76171.0
2017-12-08 16:00:00+01:00,76158.0
2017-12-08 17:00:00+01:00,77974.0
2017-12-08 18:00:00+01:00,79632.0
2017-12-08 19:00:00+01:00,79187.0
2017-12-08 20:00:00+01:00,77108.0
2017-12-08 21:00:00+01:00,75427.0
2017-12-08 22:00:00+01:00,74057.0
2017-12-08 23:00:00+01:00,74425.0
2017-12-09 00:00:00+01:00,74208.0
2017-12-09 01:00:00+01:00,71939.0
2017-12-09 02:00:00+01:00,70462.0
2017-12-09 03:00:00+01:00,68456.0
2017-12-09 04:00:00+01:00,67611.0
2017-12-09 05:00:00+01:00,67984.0
2017-12-09 06:00:00+01:00,69651.0
2017-12-09 07:00:00+01:00,71414.0
2017-12-09 08:00:00+01:00,73765.0
2017-12-09 09:00:00+01:00,75500.0
2017-12-09 10:00:00+01:00,76279.0
2017-12-09 11:00:00+01:00,76786.0
2017-12-09 12:00:00+01:00,76107.0
2017-12-09 13:00:00+01:00,74905.0
2017-12-09 14:00:00+01:00,73336.0
2017-12-09 15:00:00+01:00,72538.0
2017-12-09 16:00:00+01:00,72541.0
2017-12-09 17:00:00+01:00,75132.0
2017-12-09 18:00:00+01:00,77402.0
2017-12-09 19:00:00+01:00,75989.0
2017-12-09 20:00:00+01:00,75484.0
2017-12-09 21:00:00+01:00,73693.0
2017-12-09 22:00:00+01:00,73105.0
2017-12-09 23:00:00+01:00,73177.0
2017-12-10 00:00:00+01:00,70385.0
2017-12-10 01:00:00+01:00,68196.0
2017-12-10 02:00:00+01:00,66888.0
2017-12-10 03:00:00+01:00,66386.0
2017-12-10 04:00:00+01:00,65149.0
2017-12-10 05:00:00+01:00,65914.0
2017-12-10 06:00:00+01:00,65585.0
2017-12-10 07:00:00+01:00,67541.0
2017-12-10 08:00:00+01:00,67873.0
2017-12-10 09:00:00+01:00,69825.0
2017-12-10 10:00:00+01:00,71565.0
2017-12-10 11:00:00+01:00,72508.0
2017-12-10 12:00:00+01:00,72367.0
2017-12-10 13:00:00+01:00,72143.0
2017-12-10 14:00:00+01:00,70655.0
2017-12-10 15:00:00+01:00,70375.0
2017-12-10 16:00:00+01:00,70678.0
2017-12-10 17:00:00+01:00,72337.0
2017-12-10 18:00:00+01:00,75129.0
2017-12-10 19:00:00+01:00,76317.0
2017-12-10 20:00:00+01:00,74510.0
2017-12-10 21:00:00+01:00,71793.0
2017-12-10 22:00:00+01:00,70719.0
2017-12-10 23:00:00+01:00,70544.0
2017-12-11 00:00:00+01:00,65477.0
2017-12-11 01:00:00+01:00,63522.0
2017-12-11 02:00:00+01:00,63157.0
2017-12-11 03:00:00+01:00,62458.0
2017-12-11 04:00:00+01:00,62748.0
2017-12-11 05:00:00+01:00,65952.0
2017-12-11 06:00:00+01:00,70554.0
2017-12-11 07:00:00+01:00,75229.0
2017-12-11 08:00:00+01:00,77150.0
2017-12-11 09:00:00+01:00,78928.0
2017-12-11 10:00:00+01:00,79894.0
2017-12-11 11:00:00+01:00,80291.0
2017-12-11 12:00:00+01:00,79279.0
2017-12-11 13:00:00+01:00,79169.0
2017-12-11 14:00:00+01:00,78681.0
2017-12-11 15:00:00+01:00,78247.0
2017-12-11 16:00:00+01:00,78899.0
2017-12-11 17:00:00+01:00,81892.0
2017-12-11 18:00:00+01:00,84087.0
2017-12-11 19:00:00+01:00,83382.0
2017-12-11 20:00:00+01:00,80770.0
2017-12-11 21:00:00+01:00,77609.0
2017-12-11 22:00:00+01:00,76614.0
2017-12-11 23:00:00+01:00,75851.0
2017-12-12 00:00:00+01:00,71951.0
2017-12-12 01:00:00+01:00,70811.0
2017-12-12 02:00:00+01:00,69816.0
2017-12-12 03:00:00+01:00,68151.0
2017-12-12 04:00:00+01:00,67620.0
2017-12-12 05:00:00+01:00,69351.0
2017-12-12 06:00:00+01:00,71931.0
2017-12-12 07:00:00+01:00,75167.0
2017-12-12 08:00:00+01:00,76962.0
2017-12-12 09:00:00+01:00,77073.0
2017-12-12 10:00:00+01:00,77831.0
2017-12-12 11:00:00+01:00,78227.0
2017-12-12 12:00:00+01:00,77928.0
2017-12-12 13:00:00+01:00,77207.0
2017-12-12 14:00:00+01:00,75652.0
2017-12-12 15:00:00+01:00,75183.0
2017-12-12 16:00:00+01:00,76005.0
2017-12-12 17:00:00+01:00,77738.0
2017-12-12 18:00:00+01:00,78756.0
2017-12-12 19:00:00+01:00,77112.0
2017-12-12 20:00:00+01:00,74902.0
2017-12-12 21:00:00+01:00,73590.0
2017-12-12 22:00:00+01:00,72615.0
2017-12-12 23:00:00+01:00,72870.0
2017-12-13 00:00:00+01:00,73253.0
2017-12-13 01:00:00+01:00,71614.0
2017-12-13 02:00:00+01:00,70691.0
2017-12-13 03:00:00+01:00,69525.0
2017-12-13 04:00:00+01:00,69958.0
2017-12-13 05:00:00+01:00,70929.0
2017-12-13 06:00:00+01:00,74199.0
2017-12-13 07:00:00+01:00,78734.0
2017-12-13 08:00:00+01:00,80527.0
2017-12-13 09:00:00+01:00,81249.0
2017-12-13 10:00:00+01:00,80994.0
2017-12-13 11:00:00+01:00,80527.0
2017-12-13 12:00:00+01:00,79714.0
2017-12-13 13:00:00+01:00,79034.0
2017-12-13 14:00:00+01:00,78213.0
2017-12-13 15:00:00+01:00,78026.0
2017-12-13 16:00:00+01:00,79123.0
2017-12-13 17:00:00+01:00,81870.0
2017-12-13 18:00:00+01:00,83402.0
2017-12-13 19:00:00+01:00,82948.0
2017-12-13 20:00:00+01:00,80352.0
2017-12-13 21:00:00+01:00,78526.0
2017-12-13 22:00:00+01:00,77327.0
2017-12-13 23:00:00+01:00,77459.0
2017-12-14 00:00:00+01:00,74647.0
2017-12-14 01:00:00+01:00,72520.0
2017-12-14 02:00:00+01:00,70472.0
2017-12-14 03:00:00+01:00,68132.0
2017-12-14 04:00:00+01:00,67659.0
2017-12-14 05:00:00+01:00,70015.0
2017-12-14 06:00:00+01:00,73822.0
2017-12-14 07:00:00+01:00,77859.0
2017-12-14 08:00:00+01:00,80400.0
2017-12-14 09:00:00+01:00,81679.0
2017-12-14 10:00:00+01:00,82318.0
2017-12-14 11:00:00+01:00,82682.0
2017-12-14 12:00:00+01:00,82036.0
2017-12-14 13:00:00+01:00,81644.0
2017-12-14 14:00:00+01:00,80298.0
2017-12-14 15:00:00+01:00,79588.0
2017-12-14 16:00:00+01:00,79797.0
2017-12-14 17:00:00+01:00,79935.0
2017-12-14 18:00:00+01:00,82128.0
2017-12-14 19:00:00+01:00,81828.0
2017-12-14 20:00:00+01:00,79823.0
2017-12-14 21:00:00+01:00,75981.0
2017-12-14 22:00:00+01:00,75639.0
2017-12-14 23:00:00+01:00,74645.0
2017-12-15 00:00:00+01:00,72584.0
2017-12-15 01:00:00+01:00,70141.0
2017-12-15 02:00:00+01:00,68402.0
2017-12-15 03:00:00+01:00,67171.0
2017-12-15 04:00:00+01:00,67222.0
2017-12-15 05:00:00+01:00,68145.0
2017-12-15 06:00:00+01:00,72096.0
2017-12-15 07:00:00+01:00,76109.0
2017-12-15 08:00:00+01:00,77530.0
2017-12-15 09:00:00+01:00,78827.0
2017-12-15 10:00:00+01:00,78854.0
2017-12-15 11:00:00+01:00,78936.0
2017-12-15 12:00:00+01:00,78394.0
2017-12-15 13:00:00+01:00,77226.0
2017-12-15 14:00:00+01:00,75597.0
2017-12-15 15:00:00+01:00,74450.0
2017-12-15 16:00:00+01:00,75023.0
2017-12-15 17:00:00+01:00,77048.0
2017-12-15 18:00:00+01:00,78239.0
2017-12-15 19:00:00+01:00,77677.0
2017-12-15 20:00:00+01:00,76817.0
2017-12-15 21:00:00+01:00,73925.0
2017-12-15 22:00:00+01:00,73484.0
2017-12-15 23:00:00+01:00,72088.0
2017-12-16 00:00:00+01:00,72029.0
2017-12-16 01:00:00+01:00,69706.0
2017-12-16 02:00:00+01:00,68725.0
2017-12-16 03:00:00+01:00,67653.0
2017-12-16 04:00:00+01:00,67082.0
2017-12-16 05:00:00+01:00,67732.0
2017-12-16 06:00:00+01:00,68543.0
2017-12-16 07:00:00+01:00,69907.0
2017-12-16 08:00:00+01:00,71584.0
2017-12-16 09:00:00+01:00,75508.0
2017-12-16 10:00:00+01:00,77086.0
2017-12-16 11:00:00+01:00,76507.0
2017-12-16 12:00:00+01:00,76048.0
2017-12-16 13:00:00+01:00,74740.0
2017-12-16 14:00:00+01:00,72885.0
2017-12-16 15:00:00+01:00,71800.0
2017-12-16 16:00:00+01:00,71584.0
2017-12-16 17:00:00+01:00,74688.0
2017-12-16 18:00:00+01:00,76950.0
2017-12-16 19:00:00+01:00,76905.0
2017-12-16 20:00:00+01:00,75122.0
2017-12-16 21:00:00+01:00,72691.0
2017-12-16 22:00:00+01:00,73100.0
2017-12-16 23:00:00+01:00,73151.0
2017-12-17 00:00:00+01:00,68266.0
2017-12-17 01:00:00+01:00,66051.0
2017-12-17 02:00:00+01:00,65010.0
2017-12-17 03:00:00+01:00,63439.0
2017-12-17 04:00:00+01:00,62995.0
2017-12-17 05:00:00+01:00,63185.0
2017-12-17 06:00:00+01:00,63614.0
2017-12-17 07:00:00+01:00,64778.0
2017-12-17 08:00:00+01:00,65907.0
2017-12-17 09:00:00+01:00,68036.0
2017-12-17 10:00:00+01:00,69999.0
2017-12-17 11:00:00+01:00,71181.0
2017-12-17 12:00:00+01:00,71481.0
2017-12-17 13:00:00+01:00,70014.0
2017-12-17 14:00:00+01:00,68823.0
2017-12-17 15:00:00+01:00,68144.0
2017-12-17 16:00:00+01:00,68118.0
2017-12-17 17:00:00+01:00,71504.0
2017-12-17 18:00:00+01:00,74309.0
2017-12-17 19:00:00+01:00,74687.0
2017-12-17 20:00:00+01:00,74622.0
2017-12-17 21:00:00+01:00,72674.0
2017-12-17 22:00:00+01:00,72172.0
2017-12-17 23:00:00+01:00,72125.0
2017-12-18 00:00:00+01:00,70695.0
2017-12-18 01:00:00+01:00,67773.0
2017-12-18 02:00:00+01:00,66733.0
2017-12-18 03:00:00+01:00,65892.0
2017-12-18 04:00:00+01:00,65660.0
2017-12-18 05:00:00+01:00,66738.0
2017-12-18 06:00:00+01:00,71562.0
2017-12-18 07:00:00+01:00,76213.0
2017-12-18 08:00:00+01:00,78160.0
2017-12-18 09:00:00+01:00,79181.0
2017-12-18 10:00:00+01:00,79712.0
2017-12-18 11:00:00+01:00,79655.0
2017-12-18 12:00:00+01:00,79363.0
2017-12-18 13:00:00+01:00,79423.0
2017-12-18 14:00:00+01:00,78351.0
2017-12-18 15:00:00+01:00,77467.0
2017-12-18 16:00:00+01:00,77194.0
2017-12-18 17:00:00+01:00,80166.0
2017-12-18 18:00:00+01:00,82113.0
2017-12-18 19:00:00+01:00,80107.0
2017-12-18 20:00:00+01:00,76791.0
2017-12-18 21:00:00+01:00,74183.0
2017-12-18 22:00:00+01:00,73878.0
2017-12-18 23:00:00+01:00,72677.0
2017-12-19 00:00:00+01:00,70772.0
2017-12-19 01:00:00+01:00,68358.0
2017-12-19 02:00:00+01:00,68017.0
2017-12-19 03:00:00+01:00,66920.0
2017-12-19 04:00:00+01:00,67491.0
2017-12-19 05:00:00+01:00,68837.0
2017-12-19 06:00:00+01:00,72034.0
2017-12-19 07:00:00+01:00,76086.0
2017-12-19 08:00:00+01:00,78955.0
2017-12-19 09:00:00+01:00,79026.0
2017-12-19 10:00:00+01:00,79086.0
2017-12-19 11:00:00+01:00,79600.0
2017-12-19 12:00:00+01:00,78418.0
2017-12-19 13:00:00+01:00,78278.0
2017-12-19 14:00:00+01:00,76969.0
2017-12-19 15:00:00+01:00,76031.0
2017-12-19 16:00:00+01:00,77051.0
2017-12-19 17:00:00+01:00,80099.0
2017-12-19 18:00:00+01:00,81331.0
2017-12-19 19:00:00+01:00,79940.0
2017-12-19 20:00:00+01:00,76739.0
2017-12-19 21:00:00+01:00,74857.0
2017-12-19 22:00:00+01:00,74498.0
2017-12-19 23:00:00+01:00,74260.0
2017-12-20 00:00:00+01:00,71580.0
2017-12-20 01:00:00+01:00,70072.0
2017-12-20 02:00:00+01:00,69100.0
2017-12-20 03:00:00+01:00,67768.0
2017-12-20 04:00:00+01:00,67564.0
2017-12-20 05:00:00+01:00,69191.0
2017-12-20 06:00:00+01:00,72472.0
2017-12-20 07:00:00+01:00,76646.0
2017-12-20 08:00:00+01:00,79773.0
2017-12-20 09:00:00+01:00,79774.0
2017-12-20 10:00:00+01:00,79547.0
2017-12-20 11:00:00+01:00,80512.0
2017-12-20 12:00:00+01:00,79312.0
2017-12-20 13:00:00+01:00,78350.0
2017-12-20 14:00:00+01:00,76921.0
2017-12-20 15:00:00+01:00,75680.0
2017-12-20 16:00:00+01:00,76205.0
2017-12-20 17:00:00+01:00,78234.0
2017-12-20 18:00:00+01:00,80042.0
2017-12-20 19:00:00+01:00,78204.0
2017-12-20 20:00:00+01:00,75400.0
2017-12-20 21:00:00+01:00,73005.0
2017-12-20 22:00:00+01:00,72467.0
2017-12-20 23:00:00+01:00,72290.0
2017-12-21 00:00:00+01:00,72107.0
2017-12-21 01:00:00+01:00,69968.0
2017-12-21 02:00:00+01:00,67619.0
2017-12-21 03:00:00+01:00,67737.0
2017-12-21 04:00:00+01:00,67161.0
2017-12-21 05:00:00+01:00,68236.0
2017-12-21 06:00:00+01:00,71376.0
2017-12-21 07:00:00+01:00,75711.0
2017-12-21 08:00:00+01:00,76233.0
2017-12-21 09:00:00+01:00,77104.0
2017-12-21 10:00:00+01:00,77124.0
2017-12-21 11:00:00+01:00,77271.0
2017-12-21 12:00:00+01:00,76746.0
2017-12-21 13:00:00+01:00,76540.0
2017-12-21 14:00:00+01:00,75444.0
2017-12-21 15:00:00+01:00,74811.0
2017-12-21 16:00:00+01:00,74719.0
2017-12-21 17:00:00+01:00,76058.0
2017-12-21 18:00:00+01:00,77796.0
2017-12-21 19:00:00+01:00,77463.0
2017-12-21 20:00:00+01:00,76118.0
2017-12-21 21:00:00+01:00,73258.0
2017-12-21 22:00:00+01:00,72097.0
2017-12-21 23:00:00+01:00,71090.0
2017-12-22 00:00:00+01:00,69469.0
2017-12-22 01:00:00+01:00,67255.0
2017-12-22 02:00:00+01:00,66640.0
2017-12-22 03:00:00+01:00,64989.0
2017-12-22 04:00:00+01:00,65178.0
2017-12-22 05:00:00+01:00,66459.0
2017-12-22 06:00:00+01:00,70031.0
2017-12-22 07:00:00+01:00,75317.0
2017-12-22 08:00:00+01:00,76850.0
2017-12-22 09:00:00+01:00,76975.0
2017-12-22 10:00:00+01:00,77878.0
2017-12-22 11:00:00+01:00,78698.0
2017-12-22 12:00:00+01:00,78086.0
2017-12-22 13:00:00+01:00,77175.0
2017-12-22 14:00:00+01:00,76132.0
2017-12-22 15:00:00+01:00,74623.0
2017-12-22 16:00:00+01:00,74860.0
2017-12-22 17:00:00+01:00,76949.0
2017-12-22 18:00:00+01:00,78918.0
2017-12-22 19:00:00+01:00,78745.0
2017-12-22 20:00:00+01:00,76505.0
2017-12-22 21:00:00+01:00,70839.0
2017-12-22 22:00:00+01:00,70951.0
2017-12-22 23:00:00+01:00,71257.0
2017-12-23 00:00:00+01:00,66424.0
2017-12-23 01:00:00+01:00,64429.0
2017-12-23 02:00:00+01:00,63197.0
2017-12-23 03:00:00+01:00,61120.0
2017-12-23 04:00:00+01:00,61027.0
2017-12-23 05:00:00+01:00,61825.0
2017-12-23 06:00:00+01:00,63483.0
2017-12-23 07:00:00+01:00,67151.0
2017-12-23 08:00:00+01:00,69951.0
2017-12-23 09:00:00+01:00,71391.0
2017-12-23 10:00:00+01:00,71873.0
2017-12-23 11:00:00+01:00,72653.0
2017-12-23 12:00:00+01:00,73165.0
2017-12-23 13:00:00+01:00,72481.0
2017-12-23 14:00:00+01:00,70792.0
2017-12-23 15:00:00+01:00,69694.0
2017-12-23 16:00:00+01:00,70099.0
2017-12-23 17:00:00+01:00,72396.0
2017-12-23 18:00:00+01:00,74848.0
2017-12-23 19:00:00+01:00,75047.0
2017-12-23 20:00:00+01:00,73590.0
2017-12-23 21:00:00+01:00,71778.0
2017-12-23 22:00:00+01:00,72218.0
2017-12-23 23:00:00+01:00,71822.0
2017-12-24 00:00:00+01:00,65279.0
2017-12-24 01:00:00+01:00,62492.0
2017-12-24 02:00:00+01:00,62110.0
2017-12-24 03:00:00+01:00,59443.0
2017-12-24 04:00:00+01:00,58022.0
2017-12-24 05:00:00+01:00,57802.0
2017-12-24 06:00:00+01:00,58110.0
2017-12-24 07:00:00+01:00,59749.0
2017-12-24 08:00:00+01:00,61677.0
2017-12-24 09:00:00+01:00,63993.0
2017-12-24 10:00:00+01:00,65080.0
2017-12-24 11:00:00+01:00,66574.0
2017-12-24 12:00:00+01:00,67415.0
2017-12-24 13:00:00+01:00,66040.0
2017-12-24 14:00:00+01:00,64551.0
2017-12-24 15:00:00+01:00,63256.0
2017-12-24 16:00:00+01:00,62166.0
2017-12-24 17:00:00+01:00,64875.0
2017-12-24 18:00:00+01:00,67523.0
2017-12-24 19:00:00+01:00,67961.0
2017-12-24 20:00:00+01:00,67291.0
2017-12-24 21:00:00+01:00,66070.0
2017-12-24 22:00:00+01:00,67262.0
2017-12-24 23:00:00+01:00,67479.0
2017-12-25 00:00:00+01:00,68058.0
2017-12-25 01:00:00+01:00,67382.0
2017-12-25 02:00:00+01:00,65561.0
2017-12-25 03:00:00+01:00,61753.0
2017-12-25 04:00:00+01:00,60139.0
2017-12-25 05:00:00+01:00,58776.0
2017-12-25 06:00:00+01:00,59097.0
2017-12-25 07:00:00+01:00,57980.0
2017-12-25 08:00:00+01:00,58950.0
2017-12-25 09:00:00+01:00,61522.0
2017-12-25 10:00:00+01:00,62171.0
2017-12-25 11:00:00+01:00,63265.0
2017-12-25 12:00:00+01:00,64034.0
2017-12-25 13:00:00+01:00,62565.0
2017-12-25 14:00:00+01:00,60743.0
2017-12-25 15:00:00+01:00,60577.0
2017-12-25 16:00:00+01:00,61254.0
2017-12-25 17:00:00+01:00,64704.0
2017-12-25 18:00:00+01:00,67089.0
2017-12-25 19:00:00+01:00,67426.0
2017-12-25 20:00:00+01:00,66585.0
2017-12-25 21:00:00+01:00,65349.0
2017-12-25 22:00:00+01:00,66057.0
2017-12-25 23:00:00+01:00,66706.0
2017-12-26 00:00:00+01:00,63085.0
2017-12-26 01:00:00+01:00,60141.0
2017-12-26 02:00:00+01:00,58920.0
2017-12-26 03:00:00+01:00,56658.0
2017-12-26 04:00:00+01:00,55988.0
2017-12-26 05:00:00+01:00,56040.0
2017-12-26 06:00:00+01:00,59354.0
2017-12-26 07:00:00+01:00,63790.0
2017-12-26 08:00:00+01:00,66991.0
2017-12-26 09:00:00+01:00,69003.0
2017-12-26 10:00:00+01:00,71142.0
2017-12-26 11:00:00+01:00,71851.0
2017-12-26 12:00:00+01:00,72910.0
2017-12-26 13:00:00+01:00,71759.0
2017-12-26 14:00:00+01:00,70756.0
2017-12-26 15:00:00+01:00,70521.0
2017-12-26 16:00:00+01:00,70522.0
2017-12-26 17:00:00+01:00,72242.0
2017-12-26 18:00:00+01:00,75016.0
2017-12-26 19:00:00+01:00,75352.0
2017-12-26 20:00:00+01:00,72014.0
2017-12-26 21:00:00+01:00,70208.0
2017-12-26 22:00:00+01:00,70263.0
2017-12-26 23:00:00+01:00,71203.0
2017-12-27 00:00:00+01:00,68633.0
2017-12-27 01:00:00+01:00,66773.0
2017-12-27 02:00:00+01:00,65122.0
2017-12-27 03:00:00+01:00,64267.0
2017-12-27 04:00:00+01:00,63948.0
2017-12-27 05:00:00+01:00,64400.0
2017-12-27 06:00:00+01:00,65689.0
2017-12-27 07:00:00+01:00,68985.0
2017-12-27 08:00:00+01:00,72729.0
2017-12-27 09:00:00+01:00,74972.0
2017-12-27 10:00:00+01:00,76333.0
2017-12-27 11:00:00+01:00,77125.0
2017-12-27 12:00:00+01:00,79250.0
2017-12-27 13:00:00+01:00,79173.0
2017-12-27 14:00:00+01:00,78531.0
2017-12-27 15:00:00+01:00,78037.0
2017-12-27 16:00:00+01:00,77570.0
2017-12-27 17:00:00+01:00,79963.0
2017-12-27 18:00:00+01:00,81951.0
2017-12-27 19:00:00+01:00,81552.0
2017-12-27 20:00:00+01:00,78777.0
2017-12-27 21:00:00+01:00,75031.0
2017-12-27 22:00:00+01:00,74238.0
2017-12-27 23:00:00+01:00,73995.0
2017-12-28 00:00:00+01:00,71963.0
2017-12-28 01:00:00+01:00,69309.0
2017-12-28 02:00:00+01:00,66835.0
2017-12-28 03:00:00+01:00,64956.0
2017-12-28 04:00:00+01:00,64176.0
2017-12-28 05:00:00+01:00,64111.0
2017-12-28 06:00:00+01:00,66542.0
2017-12-28 07:00:00+01:00,70534.0
2017-12-28 08:00:00+01:00,73027.0
2017-12-28 09:00:00+01:00,74808.0
2017-12-28 10:00:00+01:00,76343.0
2017-12-28 11:00:00+01:00,76431.0
2017-12-28 12:00:00+01:00,75135.0
2017-12-28 13:00:00+01:00,74399.0
2017-12-28 14:00:00+01:00,72812.0
2017-12-28 15:00:00+01:00,71773.0
2017-12-28 16:00:00+01:00,71719.0
2017-12-28 17:00:00+01:00,73576.0
2017-12-28 18:00:00+01:00,75630.0
2017-12-28 19:00:00+01:00,76314.0
2017-12-28 20:00:00+01:00,75402.0
2017-12-28 21:00:00+01:00,73366.0
2017-12-28 22:00:00+01:00,72997.0
2017-12-28 23:00:00+01:00,73071.0
2017-12-29 00:00:00+01:00,70425.0
2017-12-29 01:00:00+01:00,67415.0
2017-12-29 02:00:00+01:00,65489.0
2017-12-29 03:00:00+01:00,63076.0
2017-12-29 04:00:00+01:00,63238.0
2017-12-29 05:00:00+01:00,65997.0
2017-12-29 06:00:00+01:00,68855.0
2017-12-29 07:00:00+01:00,71576.0
2017-12-29 08:00:00+01:00,73895.0
2017-12-29 09:00:00+01:00,75929.0
2017-12-29 10:00:00+01:00,76846.0
2017-12-29 11:00:00+01:00,76697.0
2017-12-29 12:00:00+01:00,76456.0
2017-12-29 13:00:00+01:00,76232.0
2017-12-29 14:00:00+01:00,75423.0
2017-12-29 15:00:00+01:00,74401.0
2017-12-29 16:00:00+01:00,74136.0
2017-12-29 17:00:00+01:00,75874.0
2017-12-29 18:00:00+01:00,78940.0
2017-12-29 19:00:00+01:00,79527.0
2017-12-29 20:00:00+01:00,76569.0
2017-12-29 21:00:00+01:00,72536.0
2017-12-29 22:00:00+01:00,72844.0
2017-12-29 23:00:00+01:00,73112.0
2017-12-30 00:00:00+01:00,71940.0
2017-12-30 01:00:00+01:00,68736.0
2017-12-30 02:00:00+01:00,67163.0
2017-12-30 03:00:00+01:00,64822.0
2017-12-30 04:00:00+01:00,64782.0
2017-12-30 05:00:00+01:00,65805.0
2017-12-30 06:00:00+01:00,66261.0
2017-12-30 07:00:00+01:00,68931.0
2017-12-30 08:00:00+01:00,72443.0
2017-12-30 09:00:00+01:00,73995.0
2017-12-30 10:00:00+01:00,76000.0
2017-12-30 11:00:00+01:00,77250.0
2017-12-30 12:00:00+01:00,77741.0
2017-12-30 13:00:00+01:00,76190.0
2017-12-30 14:00:00+01:00,74142.0
2017-12-30 15:00:00+01:00,72373.0
2017-12-30 16:00:00+01:00,71703.0
2017-12-30 17:00:00+01:00,73490.0
2017-12-30 18:00:00+01:00,74880.0
2017-12-30 19:00:00+01:00,73465.0
2017-12-30 20:00:00+01:00,70236.0
2017-12-30 21:00:00+01:00,67436.0
2017-12-30 22:00:00+01:00,67988.0
2017-12-30 23:00:00+01:00,68887.0
2017-12-31 00:00:00+01:00,63022.0
2017-12-31 01:00:00+01:00,60183.0
2017-12-31 02:00:00+01:00,58221.0
2017-12-31 03:00:00+01:00,56975.0
2017-12-31 04:00:00+01:00,56543.0
2017-12-31 05:00:00+01:00,56578.0
2017-12-31 06:00:00+01:00,57301.0
2017-12-31 07:00:00+01:00,57889.0
2017-12-31 08:00:00+01:00,60180.0
2017-12-31 09:00:00+01:00,63162.0
2017-12-31 10:00:00+01:00,65468.0
2017-12-31 11:00:00+01:00,65775.0
2017-12-31 12:00:00+01:00,67075.0
2017-12-31 13:00:00+01:00,65273.0
2017-12-31 14:00:00+01:00,64057.0
2017-12-31 15:00:00+01:00,62890.0
2017-12-31 16:00:00+01:00,62634.0
2017-12-31 17:00:00+01:00,66474.0
2017-12-31 18:00:00+01:00,69331.0
2017-12-31 19:00:00+01:00,68763.0
2017-12-31 20:00:00+01:00,65564.0
2017-12-31 21:00:00+01:00,62754.0
2017-12-31 22:00:00+01:00,63530.0
2017-12-31 23:00:00+01:00,64653.0
2018-01-01 00:00:00+01:00,56526.0
2018-01-01 01:00:00+01:00,53625.0
2018-01-01 02:00:00+01:00,52398.0
2018-01-01 03:00:00+01:00,51825.0
2018-01-01 04:00:00+01:00,50729.0
2018-01-01 05:00:00+01:00,50719.0
2018-01-01 06:00:00+01:00,51271.0
2018-01-01 07:00:00+01:00,52319.0
2018-01-01 08:00:00+01:00,53045.0
2018-01-01 09:00:00+01:00,54371.0
2018-01-01 10:00:00+01:00,54318.0
2018-01-01 11:00:00+01:00,54495.0
2018-01-01 12:00:00+01:00,54726.0
2018-01-01 13:00:00+01:00,54673.0
2018-01-01 14:00:00+01:00,55020.0
2018-01-01 15:00:00+01:00,55591.0
2018-01-01 16:00:00+01:00,57651.0
2018-01-01 17:00:00+01:00,62581.0
2018-01-01 18:00:00+01:00,68257.0
2018-01-01 19:00:00+01:00,69708.0
2018-01-01 20:00:00+01:00,69181.0
2018-01-01 21:00:00+01:00,68169.0
2018-01-01 22:00:00+01:00,68577.0
2018-01-01 23:00:00+01:00,69474.0
2018-01-02 00:00:00+01:00,66874.0
2018-01-02 01:00:00+01:00,63261.0
2018-01-02 02:00:00+01:00,61005.0
2018-01-02 03:00:00+01:00,60342.0
2018-01-02 04:00:00+01:00,60006.0
2018-01-02 05:00:00+01:00,62430.0
2018-01-02 06:00:00+01:00,67708.0
2018-01-02 07:00:00+01:00,71351.0
2018-01-02 08:00:00+01:00,75215.0
2018-01-02 09:00:00+01:00,76751.0
2018-01-02 10:00:00+01:00,76910.0
2018-01-02 11:00:00+01:00,77011.0
2018-01-02 12:00:00+01:00,77202.0
2018-01-02 13:00:00+01:00,76834.0
2018-01-02 14:00:00+01:00,76068.0
2018-01-02 15:00:00+01:00,76613.0
2018-01-02 16:00:00+01:00,76972.0
2018-01-02 17:00:00+01:00,79148.0
2018-01-02 18:00:00+01:00,80458.0
2018-01-02 19:00:00+01:00,80493.0
2018-01-02 20:00:00+01:00,77161.0
2018-01-02 21:00:00+01:00,75208.0
2018-01-02 22:00:00+01:00,74539.0
2018-01-02 23:00:00+01:00,73275.0
2018-01-03 00:00:00+01:00,70594.0
2018-01-03 01:00:00+01:00,65671.0
2018-01-03 02:00:00+01:00,64748.0
2018-01-03 03:00:00+01:00,63458.0
2018-01-03 04:00:00+01:00,62973.0
2018-01-03 05:00:00+01:00,64936.0
2018-01-03 06:00:00+01:00,69176.0
2018-01-03 07:00:00+01:00,73053.0
2018-01-03 08:00:00+01:00,77046.0
2018-01-03 09:00:00+01:00,78740.0
2018-01-03 10:00:00+01:00,79016.0
2018-01-03 11:00:00+01:00,79910.0
2018-01-03 12:00:00+01:00,79742.0
2018-01-03 13:00:00+01:00,79087.0
2018-01-03 14:00:00+01:00,77717.0
2018-01-03 15:00:00+01:00,76522.0
2018-01-03 16:00:00+01:00,75975.0
2018-01-03 17:00:00+01:00,77797.0
2018-01-03 18:00:00+01:00,80319.0
2018-01-03 19:00:00+01:00,79768.0
2018-01-03 20:00:00+01:00,75764.0
2018-01-03 21:00:00+01:00,73475.0
2018-01-03 22:00:00+01:00,71089.0
2018-01-03 23:00:00+01:00,69282.0
2018-01-04 00:00:00+01:00,67386.0
2018-01-04 01:00:00+01:00,63220.0
2018-01-04 02:00:00+01:00,61299.0
2018-01-04 03:00:00+01:00,60826.0
2018-01-04 04:00:00+01:00,61298.0
2018-01-04 05:00:00+01:00,63906.0
2018-01-04 06:00:00+01:00,70564.0
2018-01-04 07:00:00+01:00,75950.0
2018-01-04 08:00:00+01:00,78564.0
2018-01-04 09:00:00+01:00,80249.0
2018-01-04 10:00:00+01:00,81563.0
2018-01-04 11:00:00+01:00,83006.0
2018-01-04 12:00:00+01:00,83815.0
2018-01-04 13:00:00+01:00,83118.0
2018-01-04 14:00:00+01:00,82056.0
2018-01-04 15:00:00+01:00,80842.0
2018-01-04 16:00:00+01:00,80210.0
2018-01-04 17:00:00+01:00,80505.0
2018-01-04 18:00:00+01:00,82205.0
2018-01-04 19:00:00+01:00,81442.0
2018-01-04 20:00:00+01:00,77000.0
2018-01-04 21:00:00+01:00,73579.0
2018-01-04 22:00:00+01:00,72749.0
2018-01-04 23:00:00+01:00,71861.0
2018-01-05 00:00:00+01:00,69668.0
2018-01-05 01:00:00+01:00,66844.0
2018-01-05 02:00:00+01:00,63708.0
2018-01-05 03:00:00+01:00,63103.0
2018-01-05 04:00:00+01:00,63190.0
2018-01-05 05:00:00+01:00,65137.0
2018-01-05 06:00:00+01:00,69604.0
2018-01-05 07:00:00+01:00,74095.0
2018-01-05 08:00:00+01:00,76256.0
2018-01-05 09:00:00+01:00,77063.0
2018-01-05 10:00:00+01:00,77420.0
2018-01-05 11:00:00+01:00,78304.0
2018-01-05 12:00:00+01:00,77566.0
2018-01-05 13:00:00+01:00,75564.0
2018-01-05 14:00:00+01:00,73856.0
2018-01-05 15:00:00+01:00,73280.0
2018-01-05 16:00:00+01:00,73413.0
2018-01-05 17:00:00+01:00,75701.0
2018-01-05 18:00:00+01:00,77042.0
2018-01-05 19:00:00+01:00,75253.0
2018-01-05 20:00:00+01:00,73166.0
2018-01-05 21:00:00+01:00,71117.0
2018-01-05 22:00:00+01:00,71755.0
2018-01-05 23:00:00+01:00,72019.0
2018-01-06 00:00:00+01:00,70937.0
2018-01-06 01:00:00+01:00,69480.0
2018-01-06 02:00:00+01:00,67961.0
2018-01-06 03:00:00+01:00,66779.0
2018-01-06 04:00:00+01:00,66130.0
2018-01-06 05:00:00+01:00,66864.0
2018-01-06 06:00:00+01:00,66956.0
2018-01-06 07:00:00+01:00,68407.0
2018-01-06 08:00:00+01:00,71335.0
2018-01-06 09:00:00+01:00,72163.0
2018-01-06 10:00:00+01:00,72705.0
2018-01-06 11:00:00+01:00,74014.0
2018-01-06 12:00:00+01:00,74918.0
2018-01-06 13:00:00+01:00,74629.0
2018-01-06 14:00:00+01:00,73326.0
2018-01-06 15:00:00+01:00,72619.0
2018-01-06 16:00:00+01:00,72566.0
2018-01-06 17:00:00+01:00,74652.0
2018-01-06 18:00:00+01:00,76188.0
2018-01-06 19:00:00+01:00,76278.0
2018-01-06 20:00:00+01:00,75393.0
2018-01-06 21:00:00+01:00,73897.0
2018-01-06 22:00:00+01:00,74481.0
2018-01-06 23:00:00+01:00,75208.0
2018-01-07 00:00:00+01:00,70800.0
2018-01-07 01:00:00+01:00,68055.0
2018-01-07 02:00:00+01:00,67384.0
2018-01-07 03:00:00+01:00,66253.0
2018-01-07 04:00:00+01:00,66532.0
2018-01-07 05:00:00+01:00,67069.0
2018-01-07 06:00:00+01:00,67929.0
2018-01-07 07:00:00+01:00,69977.0
2018-01-07 08:00:00+01:00,70841.0
2018-01-07 09:00:00+01:00,72986.0
2018-01-07 10:00:00+01:00,75240.0
2018-01-07 11:00:00+01:00,76526.0
2018-01-07 12:00:00+01:00,77067.0
2018-01-07 13:00:00+01:00,75969.0
2018-01-07 14:00:00+01:00,73812.0
2018-01-07 15:00:00+01:00,73247.0
2018-01-07 16:00:00+01:00,73633.0
2018-01-07 17:00:00+01:00,77356.0
2018-01-07 18:00:00+01:00,79087.0
2018-01-07 19:00:00+01:00,78517.0
2018-01-07 20:00:00+01:00,76750.0
2018-01-07 21:00:00+01:00,74057.0
2018-01-07 22:00:00+01:00,73780.0
2018-01-07 23:00:00+01:00,73345.0
2018-01-08 00:00:00+01:00,72256.0
2018-01-08 01:00:00+01:00,71126.0
2018-01-08 02:00:00+01:00,70217.0
2018-01-08 03:00:00+01:00,70273.0
2018-01-08 04:00:00+01:00,70608.0
2018-01-08 05:00:00+01:00,73310.0
2018-01-08 06:00:00+01:00,76705.0
2018-01-08 07:00:00+01:00,80060.0
2018-01-08 08:00:00+01:00,81442.0
2018-01-08 09:00:00+01:00,81987.0
2018-01-08 10:00:00+01:00,81951.0
2018-01-08 11:00:00+01:00,81545.0
2018-01-08 12:00:00+01:00,81781.0
2018-01-08 13:00:00+01:00,80709.0
2018-01-08 14:00:00+01:00,79079.0
2018-01-08 15:00:00+01:00,78113.0
2018-01-08 16:00:00+01:00,78418.0
2018-01-08 17:00:00+01:00,80154.0
2018-01-08 18:00:00+01:00,83407.0
2018-01-08 19:00:00+01:00,84273.0
2018-01-08 20:00:00+01:00,81213.0
2018-01-08 21:00:00+01:00,78380.0
2018-01-08 22:00:00+01:00,77732.0
2018-01-08 23:00:00+01:00,78520.0
2018-01-09 00:00:00+01:00,73413.0
2018-01-09 01:00:00+01:00,70368.0
2018-01-09 02:00:00+01:00,69237.0
2018-01-09 03:00:00+01:00,68954.0
2018-01-09 04:00:00+01:00,68876.0
2018-01-09 05:00:00+01:00,69848.0
2018-01-09 06:00:00+01:00,74512.0
2018-01-09 07:00:00+01:00,79418.0
2018-01-09 08:00:00+01:00,81346.0
2018-01-09 09:00:00+01:00,82682.0
2018-01-09 10:00:00+01:00,83146.0
2018-01-09 11:00:00+01:00,83498.0
2018-01-09 12:00:00+01:00,82992.0
2018-01-09 13:00:00+01:00,82264.0
2018-01-09 14:00:00+01:00,81345.0
2018-01-09 15:00:00+01:00,80235.0
2018-01-09 16:00:00+01:00,80205.0
2018-01-09 17:00:00+01:00,81516.0
2018-01-09 18:00:00+01:00,83253.0
2018-01-09 19:00:00+01:00,83486.0
2018-01-09 20:00:00+01:00,79195.0
2018-01-09 21:00:00+01:00,75770.0
2018-01-09 22:00:00+01:00,74749.0
2018-01-09 23:00:00+01:00,74997.0
2018-01-10 00:00:00+01:00,73459.0
2018-01-10 01:00:00+01:00,72549.0
2018-01-10 02:00:00+01:00,71930.0
2018-01-10 03:00:00+01:00,70140.0
2018-01-10 04:00:00+01:00,70598.0
2018-01-10 05:00:00+01:00,72486.0
2018-01-10 06:00:00+01:00,75515.0
2018-01-10 07:00:00+01:00,81503.0
2018-01-10 08:00:00+01:00,83542.0
2018-01-10 09:00:00+01:00,83543.0
2018-01-10 10:00:00+01:00,83754.0
2018-01-10 11:00:00+01:00,84067.0
2018-01-10 12:00:00+01:00,84810.0
2018-01-10 13:00:00+01:00,84534.0
2018-01-10 14:00:00+01:00,82725.0
2018-01-10 15:00:00+01:00,81810.0
2018-01-10 16:00:00+01:00,81041.0
2018-01-10 17:00:00+01:00,81641.0
2018-01-10 18:00:00+01:00,83363.0
2018-01-10 19:00:00+01:00,83349.0
2018-01-10 20:00:00+01:00,80105.0
2018-01-10 21:00:00+01:00,76623.0
2018-01-10 22:00:00+01:00,75443.0
2018-01-10 23:00:00+01:00,75189.0
2018-01-11 00:00:00+01:00,72286.0
2018-01-11 01:00:00+01:00,71050.0
2018-01-11 02:00:00+01:00,70174.0
2018-01-11 03:00:00+01:00,69479.0
2018-01-11 04:00:00+01:00,69316.0
2018-01-11 05:00:00+01:00,71432.0
2018-01-11 06:00:00+01:00,77689.0
2018-01-11 07:00:00+01:00,81903.0
2018-01-11 08:00:00+01:00,83013.0
2018-01-11 09:00:00+01:00,83537.0
2018-01-11 10:00:00+01:00,84304.0
2018-01-11 11:00:00+01:00,84502.0
2018-01-11 12:00:00+01:00,83727.0
2018-01-11 13:00:00+01:00,82829.0
2018-01-11 14:00:00+01:00,81738.0
2018-01-11 15:00:00+01:00,81102.0
2018-01-11 16:00:00+01:00,80936.0
2018-01-11 17:00:00+01:00,82332.0
2018-01-11 18:00:00+01:00,83860.0
2018-01-11 19:00:00+01:00,84164.0
2018-01-11 20:00:00+01:00,81109.0
2018-01-11 21:00:00+01:00,78101.0
2018-01-11 22:00:00+01:00,77911.0
2018-01-11 23:00:00+01:00,77561.0
2018-01-12 00:00:00+01:00,74746.0
2018-01-12 01:00:00+01:00,72016.0
2018-01-12 02:00:00+01:00,70894.0
2018-01-12 03:00:00+01:00,70465.0
2018-01-12 04:00:00+01:00,70494.0
2018-01-12 05:00:00+01:00,71890.0
2018-01-12 06:00:00+01:00,77865.0
2018-01-12 07:00:00+01:00,82535.0
2018-01-12 08:00:00+01:00,84413.0
2018-01-12 09:00:00+01:00,85646.0
2018-01-12 10:00:00+01:00,85616.0
2018-01-12 11:00:00+01:00,85604.0
2018-01-12 12:00:00+01:00,85369.0
2018-01-12 13:00:00+01:00,84578.0
2018-01-12 14:00:00+01:00,83442.0
2018-01-12 15:00:00+01:00,82227.0
2018-01-12 16:00:00+01:00,81646.0
2018-01-12 17:00:00+01:00,82132.0
2018-01-12 18:00:00+01:00,82766.0
2018-01-12 19:00:00+01:00,82504.0
2018-01-12 20:00:00+01:00,79770.0
2018-01-12 21:00:00+01:00,76201.0
2018-01-12 22:00:00+01:00,75569.0
2018-01-12 23:00:00+01:00,75813.0
2018-01-13 00:00:00+01:00,70984.0
2018-01-13 01:00:00+01:00,68621.0
2018-01-13 02:00:00+01:00,66279.0
2018-01-13 03:00:00+01:00,65047.0
2018-01-13 04:00:00+01:00,65418.0
2018-01-13 05:00:00+01:00,65874.0
2018-01-13 06:00:00+01:00,67169.0
2018-01-13 07:00:00+01:00,68866.0
2018-01-13 08:00:00+01:00,72804.0
2018-01-13 09:00:00+01:00,75166.0
2018-01-13 10:00:00+01:00,76096.0
2018-01-13 11:00:00+01:00,76239.0
2018-01-13 12:00:00+01:00,75793.0
2018-01-13 13:00:00+01:00,74872.0
2018-01-13 14:00:00+01:00,73173.0
2018-01-13 15:00:00+01:00,72407.0
2018-01-13 16:00:00+01:00,72176.0
2018-01-13 17:00:00+01:00,73975.0
2018-01-13 18:00:00+01:00,76384.0
2018-01-13 19:00:00+01:00,76330.0
2018-01-13 20:00:00+01:00,74472.0
2018-01-13 21:00:00+01:00,72706.0
2018-01-13 22:00:00+01:00,72855.0
2018-01-13 23:00:00+01:00,72823.0
2018-01-14 00:00:00+01:00,70628.0
2018-01-14 01:00:00+01:00,68370.0
2018-01-14 02:00:00+01:00,67195.0
2018-01-14 03:00:00+01:00,66148.0
2018-01-14 04:00:00+01:00,65612.0
2018-01-14 05:00:00+01:00,65340.0
2018-01-14 06:00:00+01:00,65848.0
2018-01-14 07:00:00+01:00,66351.0
2018-01-14 08:00:00+01:00,67211.0
2018-01-14 09:00:00+01:00,69669.0
2018-01-14 10:00:00+01:00,70676.0
2018-01-14 11:00:00+01:00,71967.0
2018-01-14 12:00:00+01:00,72869.0
2018-01-14 13:00:00+01:00,71915.0
2018-01-14 14:00:00+01:00,69612.0
2018-01-14 15:00:00+01:00,68159.0
2018-01-14 16:00:00+01:00,68209.0
2018-01-14 17:00:00+01:00,71378.0
2018-01-14 18:00:00+01:00,75190.0
2018-01-14 19:00:00+01:00,75818.0
2018-01-14 20:00:00+01:00,74500.0
2018-01-14 21:00:00+01:00,72762.0
2018-01-14 22:00:00+01:00,73412.0
2018-01-14 23:00:00+01:00,73067.0
2018-01-15 00:00:00+01:00,71082.0
2018-01-15 01:00:00+01:00,69296.0
2018-01-15 02:00:00+01:00,68325.0
2018-01-15 03:00:00+01:00,68522.0
2018-01-15 04:00:00+01:00,68517.0
2018-01-15 05:00:00+01:00,70444.0
2018-01-15 06:00:00+01:00,76271.0
2018-01-15 07:00:00+01:00,81606.0
2018-01-15 08:00:00+01:00,83797.0
2018-01-15 09:00:00+01:00,85754.0
2018-01-15 10:00:00+01:00,87264.0
2018-01-15 11:00:00+01:00,88007.0
2018-01-15 12:00:00+01:00,87537.0
2018-01-15 13:00:00+01:00,86938.0
2018-01-15 14:00:00+01:00,84314.0
2018-01-15 15:00:00+01:00,83341.0
2018-01-15 16:00:00+01:00,83113.0
2018-01-15 17:00:00+01:00,84219.0
2018-01-15 18:00:00+01:00,86626.0
2018-01-15 19:00:00+01:00,86439.0
2018-01-15 20:00:00+01:00,83106.0
2018-01-15 21:00:00+01:00,79477.0
2018-01-15 22:00:00+01:00,79091.0
2018-01-15 23:00:00+01:00,79630.0
2018-01-16 00:00:00+01:00,76488.0
2018-01-16 01:00:00+01:00,72181.0
2018-01-16 02:00:00+01:00,69201.0
2018-01-16 03:00:00+01:00,68932.0
2018-01-16 04:00:00+01:00,69417.0
2018-01-16 05:00:00+01:00,71872.0
2018-01-16 06:00:00+01:00,77612.0
2018-01-16 07:00:00+01:00,81862.0
2018-01-16 08:00:00+01:00,83751.0
2018-01-16 09:00:00+01:00,84653.0
2018-01-16 10:00:00+01:00,84770.0
2018-01-16 11:00:00+01:00,84462.0
2018-01-16 12:00:00+01:00,84207.0
2018-01-16 13:00:00+01:00,83524.0
2018-01-16 14:00:00+01:00,82531.0
2018-01-16 15:00:00+01:00,81745.0
2018-01-16 16:00:00+01:00,81850.0
2018-01-16 17:00:00+01:00,83704.0
2018-01-16 18:00:00+01:00,84783.0
2018-01-16 19:00:00+01:00,84031.0
2018-01-16 20:00:00+01:00,81170.0
2018-01-16 21:00:00+01:00,78441.0
2018-01-16 22:00:00+01:00,77790.0
2018-01-16 23:00:00+01:00,77435.0
2018-01-17 00:00:00+01:00,75591.0
2018-01-17 01:00:00+01:00,74008.0
2018-01-17 02:00:00+01:00,72756.0
2018-01-17 03:00:00+01:00,72554.0
2018-01-17 04:00:00+01:00,73194.0
2018-01-17 05:00:00+01:00,75267.0
2018-01-17 06:00:00+01:00,78109.0
2018-01-17 07:00:00+01:00,82655.0
2018-01-17 08:00:00+01:00,85374.0
2018-01-17 09:00:00+01:00,86503.0
2018-01-17 10:00:00+01:00,86546.0
2018-01-17 11:00:00+01:00,86563.0
2018-01-17 12:00:00+01:00,85698.0
2018-01-17 13:00:00+01:00,85453.0
2018-01-17 14:00:00+01:00,84597.0
2018-01-17 15:00:00+01:00,83228.0
2018-01-17 16:00:00+01:00,82651.0
2018-01-17 17:00:00+01:00,83429.0
2018-01-17 18:00:00+01:00,84645.0
2018-01-17 19:00:00+01:00,84554.0
2018-01-17 20:00:00+01:00,82531.0
2018-01-17 21:00:00+01:00,79996.0
2018-01-17 22:00:00+01:00,79742.0
2018-01-17 23:00:00+01:00,79949.0
2018-01-18 00:00:00+01:00,76340.0
2018-01-18 01:00:00+01:00,74979.0
2018-01-18 02:00:00+01:00,72356.0
2018-01-18 03:00:00+01:00,72375.0
2018-01-18 04:00:00+01:00,73529.0
2018-01-18 05:00:00+01:00,75425.0
2018-01-18 06:00:00+01:00,78116.0
2018-01-18 07:00:00+01:00,82565.0
2018-01-18 08:00:00+01:00,83767.0
2018-01-18 09:00:00+01:00,84399.0
2018-01-18 10:00:00+01:00,84632.0
2018-01-18 11:00:00+01:00,84534.0
2018-01-18 12:00:00+01:00,83962.0
2018-01-18 13:00:00+01:00,82533.0
2018-01-18 14:00:00+01:00,81105.0
2018-01-18 15:00:00+01:00,79767.0
2018-01-18 16:00:00+01:00,80493.0
2018-01-18 17:00:00+01:00,82483.0
2018-01-18 18:00:00+01:00,83835.0
2018-01-18 19:00:00+01:00,82837.0
2018-01-18 20:00:00+01:00,79575.0
2018-01-18 21:00:00+01:00,76370.0
2018-01-18 22:00:00+01:00,76088.0
2018-01-18 23:00:00+01:00,75918.0
2018-01-19 00:00:00+01:00,74455.0
2018-01-19 01:00:00+01:00,73056.0
2018-01-19 02:00:00+01:00,72345.0
2018-01-19 03:00:00+01:00,71361.0
2018-01-19 04:00:00+01:00,71339.0
2018-01-19 05:00:00+01:00,71979.0
2018-01-19 06:00:00+01:00,77078.0
2018-01-19 07:00:00+01:00,81749.0
2018-01-19 08:00:00+01:00,82984.0
2018-01-19 09:00:00+01:00,82835.0
2018-01-19 10:00:00+01:00,83419.0
2018-01-19 11:00:00+01:00,83939.0
2018-01-19 12:00:00+01:00,83255.0
2018-01-19 13:00:00+01:00,82428.0
2018-01-19 14:00:00+01:00,81053.0
2018-01-19 15:00:00+01:00,79982.0
2018-01-19 16:00:00+01:00,80448.0
2018-01-19 17:00:00+01:00,81888.0
2018-01-19 18:00:00+01:00,83456.0
2018-01-19 19:00:00+01:00,82488.0
2018-01-19 20:00:00+01:00,79953.0
2018-01-19 21:00:00+01:00,77078.0
2018-01-19 22:00:00+01:00,76678.0
2018-01-19 23:00:00+01:00,76365.0
2018-01-20 00:00:00+01:00,73795.0
2018-01-20 01:00:00+01:00,72042.0
2018-01-20 02:00:00+01:00,71518.0
2018-01-20 03:00:00+01:00,70874.0
2018-01-20 04:00:00+01:00,70922.0
2018-01-20 05:00:00+01:00,71063.0
2018-01-20 06:00:00+01:00,71393.0
2018-01-20 07:00:00+01:00,72692.0
2018-01-20 08:00:00+01:00,74456.0
2018-01-20 09:00:00+01:00,76700.0
2018-01-20 10:00:00+01:00,78308.0
2018-01-20 11:00:00+01:00,79946.0
2018-01-20 12:00:00+01:00,80739.0
2018-01-20 13:00:00+01:00,80511.0
2018-01-20 14:00:00+01:00,79320.0
2018-01-20 15:00:00+01:00,79371.0
2018-01-20 16:00:00+01:00,79500.0
2018-01-20 17:00:00+01:00,80075.0
2018-01-20 18:00:00+01:00,82714.0
2018-01-20 19:00:00+01:00,81598.0
2018-01-20 20:00:00+01:00,78496.0
2018-01-20 21:00:00+01:00,76014.0
2018-01-20 22:00:00+01:00,75594.0
2018-01-20 23:00:00+01:00,75158.0
2018-01-21 00:00:00+01:00,73122.0
2018-01-21 01:00:00+01:00,71084.0
2018-01-21 02:00:00+01:00,69628.0
2018-01-21 03:00:00+01:00,67597.0
2018-01-21 04:00:00+01:00,66833.0
2018-01-21 05:00:00+01:00,66276.0
2018-01-21 06:00:00+01:00,66365.0
2018-01-21 07:00:00+01:00,67419.0
2018-01-21 08:00:00+01:00,67843.0
2018-01-21 09:00:00+01:00,70396.0
2018-01-21 10:00:00+01:00,72266.0
2018-01-21 11:00:00+01:00,73357.0
2018-01-21 12:00:00+01:00,73508.0
2018-01-21 13:00:00+01:00,72737.0
2018-01-21 14:00:00+01:00,71668.0
2018-01-21 15:00:00+01:00,70949.0
2018-01-21 16:00:00+01:00,71298.0
2018-01-21 17:00:00+01:00,72929.0
2018-01-21 18:00:00+01:00,76670.0
2018-01-21 19:00:00+01:00,77264.0
2018-01-21 20:00:00+01:00,75966.0
2018-01-21 21:00:00+01:00,73161.0
2018-01-21 22:00:00+01:00,73197.0
2018-01-21 23:00:00+01:00,73542.0
2018-01-22 00:00:00+01:00,75334.0
2018-01-22 01:00:00+01:00,73693.0
2018-01-22 02:00:00+01:00,72076.0
2018-01-22 03:00:00+01:00,71018.0
2018-01-22 04:00:00+01:00,70333.0
2018-01-22 05:00:00+01:00,74181.0
2018-01-22 06:00:00+01:00,77698.0
2018-01-22 07:00:00+01:00,82780.0
2018-01-22 08:00:00+01:00,85226.0
2018-01-22 09:00:00+01:00,85526.0
2018-01-22 10:00:00+01:00,85596.0
2018-01-22 11:00:00+01:00,86760.0
2018-01-22 12:00:00+01:00,86436.0
2018-01-22 13:00:00+01:00,86074.0
2018-01-22 14:00:00+01:00,85068.0
2018-01-22 15:00:00+01:00,84005.0
2018-01-22 16:00:00+01:00,83292.0
2018-01-22 17:00:00+01:00,84058.0
2018-01-22 18:00:00+01:00,84444.0
2018-01-22 19:00:00+01:00,82793.0
2018-01-22 20:00:00+01:00,79848.0
2018-01-22 21:00:00+01:00,77402.0
2018-01-22 22:00:00+01:00,75501.0
2018-01-22 23:00:00+01:00,73876.0
2018-01-23 00:00:00+01:00,73183.0
2018-01-23 01:00:00+01:00,71698.0
2018-01-23 02:00:00+01:00,70850.0
2018-01-23 03:00:00+01:00,71791.0
2018-01-23 04:00:00+01:00,72227.0
2018-01-23 05:00:00+01:00,73656.0
2018-01-23 06:00:00+01:00,77796.0
2018-01-23 07:00:00+01:00,80848.0
2018-01-23 08:00:00+01:00,82613.0
2018-01-23 09:00:00+01:00,83352.0
2018-01-23 10:00:00+01:00,83101.0
2018-01-23 11:00:00+01:00,83356.0
2018-01-23 12:00:00+01:00,83219.0
2018-01-23 13:00:00+01:00,82415.0
2018-01-23 14:00:00+01:00,81394.0
2018-01-23 15:00:00+01:00,80320.0
2018-01-23 16:00:00+01:00,79635.0
2018-01-23 17:00:00+01:00,80694.0
2018-01-23 18:00:00+01:00,81780.0
2018-01-23 19:00:00+01:00,80906.0
2018-01-23 20:00:00+01:00,77274.0
2018-01-23 21:00:00+01:00,75181.0
2018-01-23 22:00:00+01:00,74852.0
2018-01-23 23:00:00+01:00,74128.0
2018-01-24 00:00:00+01:00,71912.0
2018-01-24 01:00:00+01:00,69816.0
2018-01-24 02:00:00+01:00,68168.0
2018-01-24 03:00:00+01:00,67414.0
2018-01-24 04:00:00+01:00,67422.0
2018-01-24 05:00:00+01:00,69032.0
2018-01-24 06:00:00+01:00,74163.0
2018-01-24 07:00:00+01:00,79051.0
2018-01-24 08:00:00+01:00,81518.0
2018-01-24 09:00:00+01:00,82102.0
2018-01-24 10:00:00+01:00,82005.0
2018-01-24 11:00:00+01:00,82427.0
2018-01-24 12:00:00+01:00,82088.0
2018-01-24 13:00:00+01:00,80492.0
2018-01-24 14:00:00+01:00,79229.0
2018-01-24 15:00:00+01:00,78104.0
2018-01-24 16:00:00+01:00,77198.0
2018-01-24 17:00:00+01:00,78093.0
2018-01-24 18:00:00+01:00,82154.0
2018-01-24 19:00:00+01:00,82027.0
2018-01-24 20:00:00+01:00,77752.0
2018-01-24 21:00:00+01:00,74652.0
2018-01-24 22:00:00+01:00,74518.0
2018-01-24 23:00:00+01:00,72318.0
2018-01-25 00:00:00+01:00,70957.0
2018-01-25 01:00:00+01:00,68136.0
2018-01-25 02:00:00+01:00,67308.0
2018-01-25 03:00:00+01:00,66771.0
2018-01-25 04:00:00+01:00,67264.0
2018-01-25 05:00:00+01:00,70592.0
2018-01-25 06:00:00+01:00,74822.0
2018-01-25 07:00:00+01:00,78965.0
2018-01-25 08:00:00+01:00,79963.0
2018-01-25 09:00:00+01:00,81199.0
2018-01-25 10:00:00+01:00,81242.0
2018-01-25 11:00:00+01:00,81922.0
2018-01-25 12:00:00+01:00,81026.0
2018-01-25 13:00:00+01:00,80771.0
2018-01-25 14:00:00+01:00,79802.0
2018-01-25 15:00:00+01:00,79479.0
2018-01-25 16:00:00+01:00,79643.0
2018-01-25 17:00:00+01:00,80426.0
2018-01-25 18:00:00+01:00,81737.0
2018-01-25 19:00:00+01:00,81485.0
2018-01-25 20:00:00+01:00,79077.0
2018-01-25 21:00:00+01:00,75913.0
2018-01-25 22:00:00+01:00,75409.0
2018-01-25 23:00:00+01:00,74767.0
2018-01-26 00:00:00+01:00,73188.0
2018-01-26 01:00:00+01:00,71295.0
2018-01-26 02:00:00+01:00,70409.0
2018-01-26 03:00:00+01:00,70679.0
2018-01-26 04:00:00+01:00,71312.0
2018-01-26 05:00:00+01:00,72838.0
2018-01-26 06:00:00+01:00,78578.0
2018-01-26 07:00:00+01:00,83462.0
2018-01-26 08:00:00+01:00,85804.0
2018-01-26 09:00:00+01:00,85717.0
2018-01-26 10:00:00+01:00,85518.0
2018-01-26 11:00:00+01:00,85656.0
2018-01-26 12:00:00+01:00,85181.0
2018-01-26 13:00:00+01:00,84186.0
2018-01-26 14:00:00+01:00,82884.0
2018-01-26 15:00:00+01:00,82124.0
2018-01-26 16:00:00+01:00,82175.0
2018-01-26 17:00:00+01:00,83544.0
2018-01-26 18:00:00+01:00,84995.0
2018-01-26 19:00:00+01:00,84763.0
2018-01-26 20:00:00+01:00,81958.0
2018-01-26 21:00:00+01:00,79968.0
2018-01-26 22:00:00+01:00,79406.0
2018-01-26 23:00:00+01:00,78474.0
2018-01-27 00:00:00+01:00,75000.0
2018-01-27 01:00:00+01:00,71869.0
2018-01-27 02:00:00+01:00,70747.0
2018-01-27 03:00:00+01:00,69805.0
2018-01-27 04:00:00+01:00,69523.0
2018-01-27 05:00:00+01:00,69617.0
2018-01-27 06:00:00+01:00,70790.0
2018-01-27 07:00:00+01:00,73854.0
2018-01-27 08:00:00+01:00,76712.0
2018-01-27 09:00:00+01:00,78759.0
2018-01-27 10:00:00+01:00,79685.0
2018-01-27 11:00:00+01:00,80053.0
2018-01-27 12:00:00+01:00,80059.0
2018-01-27 13:00:00+01:00,78404.0
2018-01-27 14:00:00+01:00,76075.0
2018-01-27 15:00:00+01:00,74896.0
2018-01-27 16:00:00+01:00,74298.0
2018-01-27 17:00:00+01:00,75803.0
2018-01-27 18:00:00+01:00,78186.0
2018-01-27 19:00:00+01:00,77113.0
2018-01-27 20:00:00+01:00,75125.0
2018-01-27 21:00:00+01:00,73848.0
2018-01-27 22:00:00+01:00,74329.0
2018-01-27 23:00:00+01:00,74968.0
2018-01-28 00:00:00+01:00,72553.0
2018-01-28 01:00:00+01:00,70135.0
2018-01-28 02:00:00+01:00,68595.0
2018-01-28 03:00:00+01:00,64952.0
2018-01-28 04:00:00+01:00,64340.0
2018-01-28 05:00:00+01:00,63257.0
2018-01-28 06:00:00+01:00,63946.0
2018-01-28 07:00:00+01:00,64631.0
2018-01-28 08:00:00+01:00,66870.0
2018-01-28 09:00:00+01:00,70082.0
2018-01-28 10:00:00+01:00,72199.0
2018-01-28 11:00:00+01:00,73192.0
2018-01-28 12:00:00+01:00,73639.0
2018-01-28 13:00:00+01:00,71358.0
2018-01-28 14:00:00+01:00,68074.0
2018-01-28 15:00:00+01:00,66753.0
2018-01-28 16:00:00+01:00,65752.0
2018-01-28 17:00:00+01:00,66883.0
2018-01-28 18:00:00+01:00,72740.0
2018-01-28 19:00:00+01:00,74329.0
2018-01-28 20:00:00+01:00,73101.0
2018-01-28 21:00:00+01:00,70692.0
2018-01-28 22:00:00+01:00,71068.0
2018-01-28 23:00:00+01:00,71631.0
2018-01-29 00:00:00+01:00,70256.0
2018-01-29 01:00:00+01:00,69109.0
2018-01-29 02:00:00+01:00,67702.0
2018-01-29 03:00:00+01:00,66218.0
2018-01-29 04:00:00+01:00,66167.0
2018-01-29 05:00:00+01:00,68323.0
2018-01-29 06:00:00+01:00,73120.0
2018-01-29 07:00:00+01:00,79423.0
2018-01-29 08:00:00+01:00,81148.0
2018-01-29 09:00:00+01:00,82760.0
2018-01-29 10:00:00+01:00,82772.0
2018-01-29 11:00:00+01:00,83414.0
2018-01-29 12:00:00+01:00,83254.0
2018-01-29 13:00:00+01:00,82725.0
2018-01-29 14:00:00+01:00,81094.0
2018-01-29 15:00:00+01:00,79309.0
2018-01-29 16:00:00+01:00,78201.0
2018-01-29 17:00:00+01:00,79863.0
2018-01-29 18:00:00+01:00,82584.0
2018-01-29 19:00:00+01:00,84046.0
2018-01-29 20:00:00+01:00,80538.0
2018-01-29 21:00:00+01:00,78358.0
2018-01-29 22:00:00+01:00,77874.0
2018-01-29 23:00:00+01:00,77809.0
2018-01-30 00:00:00+01:00,72705.0
2018-01-30 01:00:00+01:00,70064.0
2018-01-30 02:00:00+01:00,68386.0
2018-01-30 03:00:00+01:00,67560.0
2018-01-30 04:00:00+01:00,67464.0
2018-01-30 05:00:00+01:00,69684.0
2018-01-30 06:00:00+01:00,75118.0
2018-01-30 07:00:00+01:00,80287.0
2018-01-30 08:00:00+01:00,82545.0
2018-01-30 09:00:00+01:00,83206.0
2018-01-30 10:00:00+01:00,82977.0
2018-01-30 11:00:00+01:00,83141.0
2018-01-30 12:00:00+01:00,82714.0
2018-01-30 13:00:00+01:00,81935.0
2018-01-30 14:00:00+01:00,81117.0
2018-01-30 15:00:00+01:00,80765.0
2018-01-30 16:00:00+01:00,81139.0
2018-01-30 17:00:00+01:00,83712.0
2018-01-30 18:00:00+01:00,85806.0
2018-01-30 19:00:00+01:00,85429.0
2018-01-30 20:00:00+01:00,82710.0
2018-01-30 21:00:00+01:00,79895.0
2018-01-30 22:00:00+01:00,79252.0
2018-01-30 23:00:00+01:00,78653.0
2018-01-31 00:00:00+01:00,73937.0
2018-01-31 01:00:00+01:00,71463.0
2018-01-31 02:00:00+01:00,70477.0
2018-01-31 03:00:00+01:00,70101.0
2018-01-31 04:00:00+01:00,69909.0
2018-01-31 05:00:00+01:00,72802.0
2018-01-31 06:00:00+01:00,75888.0
2018-01-31 07:00:00+01:00,79504.0
2018-01-31 08:00:00+01:00,81634.0
2018-01-31 09:00:00+01:00,82588.0
2018-01-31 10:00:00+01:00,83537.0
2018-01-31 11:00:00+01:00,84396.0
2018-01-31 12:00:00+01:00,84314.0
2018-01-31 13:00:00+01:00,83228.0
2018-01-31 14:00:00+01:00,80501.0
2018-01-31 15:00:00+01:00,79755.0
2018-01-31 16:00:00+01:00,79173.0
2018-01-31 17:00:00+01:00,80754.0
2018-01-31 18:00:00+01:00,84042.0
2018-01-31 19:00:00+01:00,83431.0
2018-01-31 20:00:00+01:00,81431.0
2018-01-31 21:00:00+01:00,76951.0
2018-01-31 22:00:00+01:00,75685.0
2018-01-31 23:00:00+01:00,75617.0
2018-02-01 00:00:00+01:00,72431.0
2018-02-01 01:00:00+01:00,70728.0
2018-02-01 02:00:00+01:00,69877.0
2018-02-01 03:00:00+01:00,69235.0
2018-02-01 04:00:00+01:00,69421.0
2018-02-01 05:00:00+01:00,71520.0
2018-02-01 06:00:00+01:00,76299.0
2018-02-01 07:00:00+01:00,83634.0
2018-02-01 08:00:00+01:00,85263.0
2018-02-01 09:00:00+01:00,85981.0
2018-02-01 10:00:00+01:00,85591.0
2018-02-01 11:00:00+01:00,85729.0
2018-02-01 12:00:00+01:00,85638.0
2018-02-01 13:00:00+01:00,84498.0
2018-02-01 14:00:00+01:00,83362.0
2018-02-01 15:00:00+01:00,81314.0
2018-02-01 16:00:00+01:00,81098.0
2018-02-01 17:00:00+01:00,82071.0
2018-02-01 18:00:00+01:00,85018.0
2018-02-01 19:00:00+01:00,84578.0
2018-02-01 20:00:00+01:00,81406.0
2018-02-01 21:00:00+01:00,78280.0
2018-02-01 22:00:00+01:00,77667.0
2018-02-01 23:00:00+01:00,77424.0
2018-02-02 00:00:00+01:00,73736.0
2018-02-02 01:00:00+01:00,70864.0
2018-02-02 02:00:00+01:00,70242.0
2018-02-02 03:00:00+01:00,69158.0
2018-02-02 04:00:00+01:00,69339.0
2018-02-02 05:00:00+01:00,70587.0
2018-02-02 06:00:00+01:00,77065.0
2018-02-02 07:00:00+01:00,83455.0
2018-02-02 08:00:00+01:00,85914.0
2018-02-02 09:00:00+01:00,86906.0
2018-02-02 10:00:00+01:00,87348.0
2018-02-02 11:00:00+01:00,87505.0
2018-02-02 12:00:00+01:00,87129.0
2018-02-02 13:00:00+01:00,86801.0
2018-02-02 14:00:00+01:00,85867.0
2018-02-02 15:00:00+01:00,85038.0
2018-02-02 16:00:00+01:00,84693.0
2018-02-02 17:00:00+01:00,85204.0
2018-02-02 18:00:00+01:00,86388.0
2018-02-02 19:00:00+01:00,85512.0
2018-02-02 20:00:00+01:00,82907.0
2018-02-02 21:00:00+01:00,79417.0
2018-02-02 22:00:00+01:00,79060.0
2018-02-02 23:00:00+01:00,79015.0
2018-02-03 00:00:00+01:00,75772.0
2018-02-03 01:00:00+01:00,72511.0
2018-02-03 02:00:00+01:00,70965.0
2018-02-03 03:00:00+01:00,69198.0
2018-02-03 04:00:00+01:00,69416.0
2018-02-03 05:00:00+01:00,69216.0
2018-02-03 06:00:00+01:00,70782.0
2018-02-03 07:00:00+01:00,73555.0
2018-02-03 08:00:00+01:00,76863.0
2018-02-03 09:00:00+01:00,79589.0
2018-02-03 10:00:00+01:00,80729.0
2018-02-03 11:00:00+01:00,81698.0
2018-02-03 12:00:00+01:00,82129.0
2018-02-03 13:00:00+01:00,80926.0
2018-02-03 14:00:00+01:00,78942.0
2018-02-03 15:00:00+01:00,77564.0
2018-02-03 16:00:00+01:00,77346.0
2018-02-03 17:00:00+01:00,78434.0
2018-02-03 18:00:00+01:00,80704.0
2018-02-03 19:00:00+01:00,80318.0
2018-02-03 20:00:00+01:00,78640.0
2018-02-03 21:00:00+01:00,76224.0
2018-02-03 22:00:00+01:00,76766.0
2018-02-03 23:00:00+01:00,76744.0
2018-02-04 00:00:00+01:00,72072.0
2018-02-04 01:00:00+01:00,69095.0
2018-02-04 02:00:00+01:00,66747.0
2018-02-04 03:00:00+01:00,65410.0
2018-02-04 04:00:00+01:00,65681.0
2018-02-04 05:00:00+01:00,66334.0
2018-02-04 06:00:00+01:00,67085.0
2018-02-04 07:00:00+01:00,68424.0
2018-02-04 08:00:00+01:00,69677.0
2018-02-04 09:00:00+01:00,72226.0
2018-02-04 10:00:00+01:00,73920.0
2018-02-04 11:00:00+01:00,75493.0
2018-02-04 12:00:00+01:00,76026.0
2018-02-04 13:00:00+01:00,74022.0
2018-02-04 14:00:00+01:00,72143.0
2018-02-04 15:00:00+01:00,71073.0
2018-02-04 16:00:00+01:00,71231.0
2018-02-04 17:00:00+01:00,74474.0
2018-02-04 18:00:00+01:00,79172.0
2018-02-04 19:00:00+01:00,80023.0
2018-02-04 20:00:00+01:00,79426.0
2018-02-04 21:00:00+01:00,77333.0
2018-02-04 22:00:00+01:00,77586.0
2018-02-04 23:00:00+01:00,77327.0
2018-02-05 00:00:00+01:00,74122.0
2018-02-05 01:00:00+01:00,73266.0
2018-02-05 02:00:00+01:00,72841.0
2018-02-05 03:00:00+01:00,71876.0
2018-02-05 04:00:00+01:00,71511.0
2018-02-05 05:00:00+01:00,74380.0
2018-02-05 06:00:00+01:00,80176.0
2018-02-05 07:00:00+01:00,84689.0
2018-02-05 08:00:00+01:00,86289.0
2018-02-05 09:00:00+01:00,87245.0
2018-02-05 10:00:00+01:00,87639.0
2018-02-05 11:00:00+01:00,87277.0
2018-02-05 12:00:00+01:00,87144.0
2018-02-05 13:00:00+01:00,86700.0
2018-02-05 14:00:00+01:00,85590.0
2018-02-05 15:00:00+01:00,84514.0
2018-02-05 16:00:00+01:00,84819.0
2018-02-05 17:00:00+01:00,86251.0
2018-02-05 18:00:00+01:00,88268.0
2018-02-05 19:00:00+01:00,87963.0
2018-02-05 20:00:00+01:00,85113.0
2018-02-05 21:00:00+01:00,82159.0
2018-02-05 22:00:00+01:00,80768.0
2018-02-05 23:00:00+01:00,80002.0
2018-02-06 00:00:00+01:00,78043.0
2018-02-06 01:00:00+01:00,75484.0
2018-02-06 02:00:00+01:00,74305.0
2018-02-06 03:00:00+01:00,72955.0
2018-02-06 04:00:00+01:00,72819.0
2018-02-06 05:00:00+01:00,75190.0
2018-02-06 06:00:00+01:00,81280.0
2018-02-06 07:00:00+01:00,85531.0
2018-02-06 08:00:00+01:00,87124.0
2018-02-06 09:00:00+01:00,87627.0
2018-02-06 10:00:00+01:00,87996.0
2018-02-06 11:00:00+01:00,87895.0
2018-02-06 12:00:00+01:00,87353.0
2018-02-06 13:00:00+01:00,86455.0
2018-02-06 14:00:00+01:00,85530.0
2018-02-06 15:00:00+01:00,84423.0
2018-02-06 16:00:00+01:00,85107.0
2018-02-06 17:00:00+01:00,86629.0
2018-02-06 18:00:00+01:00,88644.0
2018-02-06 19:00:00+01:00,88968.0
2018-02-06 20:00:00+01:00,86358.0
2018-02-06 21:00:00+01:00,84736.0
2018-02-06 22:00:00+01:00,83975.0
2018-02-06 23:00:00+01:00,84176.0
2018-02-07 00:00:00+01:00,82223.0
2018-02-07 01:00:00+01:00,80308.0
2018-02-07 02:00:00+01:00,79019.0
2018-02-07 03:00:00+01:00,76611.0
2018-02-07 04:00:00+01:00,76423.0
2018-02-07 05:00:00+01:00,80746.0
2018-02-07 06:00:00+01:00,83816.0
2018-02-07 07:00:00+01:00,88886.0
2018-02-07 08:00:00+01:00,89336.0
2018-02-07 09:00:00+01:00,89908.0
2018-02-07 10:00:00+01:00,90323.0
2018-02-07 11:00:00+01:00,90435.0
2018-02-07 12:00:00+01:00,89772.0
2018-02-07 13:00:00+01:00,88562.0
2018-02-07 14:00:00+01:00,86919.0
2018-02-07 15:00:00+01:00,85856.0
2018-02-07 16:00:00+01:00,86215.0
2018-02-07 17:00:00+01:00,87577.0
2018-02-07 18:00:00+01:00,88706.0
2018-02-07 19:00:00+01:00,89304.0
2018-02-07 20:00:00+01:00,87573.0
2018-02-07 21:00:00+01:00,84454.0
2018-02-07 22:00:00+01:00,83608.0
2018-02-07 23:00:00+01:00,82513.0
2018-02-08 00:00:00+01:00,79818.0
2018-02-08 01:00:00+01:00,78461.0
2018-02-08 02:00:00+01:00,77217.0
2018-02-08 03:00:00+01:00,75296.0
2018-02-08 04:00:00+01:00,75042.0
2018-02-08 05:00:00+01:00,77762.0
2018-02-08 06:00:00+01:00,81030.0
2018-02-08 07:00:00+01:00,85470.0
2018-02-08 08:00:00+01:00,85758.0
2018-02-08 09:00:00+01:00,86719.0
2018-02-08 10:00:00+01:00,87192.0
2018-02-08 11:00:00+01:00,87921.0
2018-02-08 12:00:00+01:00,86796.0
2018-02-08 13:00:00+01:00,86107.0
2018-02-08 14:00:00+01:00,84543.0
2018-02-08 15:00:00+01:00,82569.0
2018-02-08 16:00:00+01:00,81923.0
2018-02-08 17:00:00+01:00,81696.0
2018-02-08 18:00:00+01:00,85029.0
2018-02-08 19:00:00+01:00,86186.0
2018-02-08 20:00:00+01:00,85138.0
2018-02-08 21:00:00+01:00,82974.0
2018-02-08 22:00:00+01:00,82608.0
2018-02-08 23:00:00+01:00,81821.0
2018-02-09 00:00:00+01:00,82071.0
2018-02-09 01:00:00+01:00,81503.0
2018-02-09 02:00:00+01:00,80525.0
2018-02-09 03:00:00+01:00,79057.0
2018-02-09 04:00:00+01:00,78578.0
2018-02-09 05:00:00+01:00,80742.0
2018-02-09 06:00:00+01:00,84700.0
2018-02-09 07:00:00+01:00,88057.0
2018-02-09 08:00:00+01:00,89145.0
2018-02-09 09:00:00+01:00,90032.0
2018-02-09 10:00:00+01:00,90067.0
2018-02-09 11:00:00+01:00,90169.0
2018-02-09 12:00:00+01:00,89278.0
2018-02-09 13:00:00+01:00,88372.0
2018-02-09 14:00:00+01:00,86253.0
2018-02-09 15:00:00+01:00,85066.0
2018-02-09 16:00:00+01:00,84679.0
2018-02-09 17:00:00+01:00,85698.0
2018-02-09 18:00:00+01:00,88369.0
2018-02-09 19:00:00+01:00,88777.0
2018-02-09 20:00:00+01:00,86809.0
2018-02-09 21:00:00+01:00,83967.0
2018-02-09 22:00:00+01:00,82511.0
2018-02-09 23:00:00+01:00,82393.0
2018-02-10 00:00:00+01:00,79606.0
2018-02-10 01:00:00+01:00,76822.0
2018-02-10 02:00:00+01:00,74410.0
2018-02-10 03:00:00+01:00,71824.0
2018-02-10 04:00:00+01:00,70794.0
2018-02-10 05:00:00+01:00,71242.0
2018-02-10 06:00:00+01:00,73258.0
2018-02-10 07:00:00+01:00,76405.0
2018-02-10 08:00:00+01:00,79369.0
2018-02-10 09:00:00+01:00,82498.0
2018-02-10 10:00:00+01:00,83290.0
2018-02-10 11:00:00+01:00,83409.0
2018-02-10 12:00:00+01:00,82898.0
2018-02-10 13:00:00+01:00,81221.0
2018-02-10 14:00:00+01:00,78713.0
2018-02-10 15:00:00+01:00,77611.0
2018-02-10 16:00:00+01:00,77747.0
2018-02-10 17:00:00+01:00,80033.0
2018-02-10 18:00:00+01:00,82383.0
2018-02-10 19:00:00+01:00,82546.0
2018-02-10 20:00:00+01:00,79154.0
2018-02-10 21:00:00+01:00,76781.0
2018-02-10 22:00:00+01:00,78169.0
2018-02-10 23:00:00+01:00,79791.0
2018-02-11 00:00:00+01:00,76799.0
2018-02-11 01:00:00+01:00,73365.0
2018-02-11 02:00:00+01:00,72106.0
2018-02-11 03:00:00+01:00,68122.0
2018-02-11 04:00:00+01:00,67045.0
2018-02-11 05:00:00+01:00,67931.0
2018-02-11 06:00:00+01:00,69756.0
2018-02-11 07:00:00+01:00,72389.0
2018-02-11 08:00:00+01:00,73381.0
2018-02-11 09:00:00+01:00,75632.0
2018-02-11 10:00:00+01:00,77692.0
2018-02-11 11:00:00+01:00,79390.0
2018-02-11 12:00:00+01:00,79948.0
2018-02-11 13:00:00+01:00,77677.0
2018-02-11 14:00:00+01:00,74286.0
2018-02-11 15:00:00+01:00,72382.0
2018-02-11 16:00:00+01:00,71662.0
2018-02-11 17:00:00+01:00,71957.0
2018-02-11 18:00:00+01:00,78863.0
2018-02-11 19:00:00+01:00,80925.0
2018-02-11 20:00:00+01:00,80090.0
2018-02-11 21:00:00+01:00,78768.0
2018-02-11 22:00:00+01:00,79210.0
2018-02-11 23:00:00+01:00,78335.0
2018-02-12 00:00:00+01:00,76805.0
2018-02-12 01:00:00+01:00,75784.0
2018-02-12 02:00:00+01:00,73661.0
2018-02-12 03:00:00+01:00,72114.0
2018-02-12 04:00:00+01:00,72507.0
2018-02-12 05:00:00+01:00,75763.0
2018-02-12 06:00:00+01:00,80568.0
2018-02-12 07:00:00+01:00,84726.0
2018-02-12 08:00:00+01:00,86467.0
2018-02-12 09:00:00+01:00,88376.0
2018-02-12 10:00:00+01:00,88662.0
2018-02-12 11:00:00+01:00,88973.0
2018-02-12 12:00:00+01:00,87436.0
2018-02-12 13:00:00+01:00,85853.0
2018-02-12 14:00:00+01:00,84187.0
2018-02-12 15:00:00+01:00,82773.0
2018-02-12 16:00:00+01:00,82291.0
2018-02-12 17:00:00+01:00,83587.0
2018-02-12 18:00:00+01:00,86137.0
2018-02-12 19:00:00+01:00,87702.0
2018-02-12 20:00:00+01:00,85767.0
2018-02-12 21:00:00+01:00,82633.0
2018-02-12 22:00:00+01:00,81926.0
2018-02-12 23:00:00+01:00,81622.0
2018-02-13 00:00:00+01:00,79602.0
2018-02-13 01:00:00+01:00,77600.0
2018-02-13 02:00:00+01:00,75668.0
2018-02-13 03:00:00+01:00,74508.0
2018-02-13 04:00:00+01:00,74771.0
2018-02-13 05:00:00+01:00,77598.0
2018-02-13 06:00:00+01:00,82914.0
2018-02-13 07:00:00+01:00,87940.0
2018-02-13 08:00:00+01:00,88766.0
2018-02-13 09:00:00+01:00,89044.0
2018-02-13 10:00:00+01:00,88558.0
2018-02-13 11:00:00+01:00,88241.0
2018-02-13 12:00:00+01:00,87241.0
2018-02-13 13:00:00+01:00,85863.0
2018-02-13 14:00:00+01:00,84344.0
2018-02-13 15:00:00+01:00,83431.0
2018-02-13 16:00:00+01:00,83577.0
2018-02-13 17:00:00+01:00,83959.0
2018-02-13 18:00:00+01:00,87919.0
2018-02-13 19:00:00+01:00,88988.0
2018-02-13 20:00:00+01:00,85967.0
2018-02-13 21:00:00+01:00,81263.0
2018-02-13 22:00:00+01:00,81257.0
2018-02-13 23:00:00+01:00,80512.0
2018-02-14 00:00:00+01:00,78869.0
2018-02-14 01:00:00+01:00,76654.0
2018-02-14 02:00:00+01:00,74983.0
2018-02-14 03:00:00+01:00,72608.0
2018-02-14 04:00:00+01:00,72652.0
2018-02-14 05:00:00+01:00,74839.0
2018-02-14 06:00:00+01:00,80218.0
2018-02-14 07:00:00+01:00,84611.0
2018-02-14 08:00:00+01:00,87132.0
2018-02-14 09:00:00+01:00,87531.0
2018-02-14 10:00:00+01:00,87095.0
2018-02-14 11:00:00+01:00,87370.0
2018-02-14 12:00:00+01:00,86456.0
2018-02-14 13:00:00+01:00,85348.0
2018-02-14 14:00:00+01:00,83826.0
2018-02-14 15:00:00+01:00,83060.0
2018-02-14 16:00:00+01:00,82847.0
2018-02-14 17:00:00+01:00,83679.0
2018-02-14 18:00:00+01:00,87847.0
2018-02-14 19:00:00+01:00,89094.0
2018-02-14 20:00:00+01:00,85325.0
2018-02-14 21:00:00+01:00,82484.0
2018-02-14 22:00:00+01:00,83503.0
2018-02-14 23:00:00+01:00,83733.0
2018-02-15 00:00:00+01:00,77108.0
2018-02-15 01:00:00+01:00,73742.0
2018-02-15 02:00:00+01:00,71971.0
2018-02-15 03:00:00+01:00,70549.0
2018-02-15 04:00:00+01:00,70112.0
2018-02-15 05:00:00+01:00,71222.0
2018-02-15 06:00:00+01:00,76632.0
2018-02-15 07:00:00+01:00,83132.0
2018-02-15 08:00:00+01:00,84143.0
2018-02-15 09:00:00+01:00,85376.0
2018-02-15 10:00:00+01:00,86492.0
2018-02-15 11:00:00+01:00,86450.0
2018-02-15 12:00:00+01:00,85316.0
2018-02-15 13:00:00+01:00,84289.0
2018-02-15 14:00:00+01:00,82301.0
2018-02-15 15:00:00+01:00,80279.0
2018-02-15 16:00:00+01:00,79539.0
2018-02-15 17:00:00+01:00,79744.0
2018-02-15 18:00:00+01:00,82853.0
2018-02-15 19:00:00+01:00,83145.0
2018-02-15 20:00:00+01:00,80337.0
2018-02-15 21:00:00+01:00,76262.0
2018-02-15 22:00:00+01:00,75335.0
2018-02-15 23:00:00+01:00,75409.0
2018-02-16 00:00:00+01:00,71708.0
2018-02-16 01:00:00+01:00,69327.0
2018-02-16 02:00:00+01:00,68552.0
2018-02-16 03:00:00+01:00,67924.0
2018-02-16 04:00:00+01:00,67982.0
2018-02-16 05:00:00+01:00,68945.0
2018-02-16 06:00:00+01:00,74523.0
2018-02-16 07:00:00+01:00,79569.0
2018-02-16 08:00:00+01:00,81914.0
2018-02-16 09:00:00+01:00,82772.0
2018-02-16 10:00:00+01:00,82536.0
2018-02-16 11:00:00+01:00,82623.0
2018-02-16 12:00:00+01:00,82040.0
2018-02-16 13:00:00+01:00,79665.0
2018-02-16 14:00:00+01:00,77612.0
2018-02-16 15:00:00+01:00,77103.0
2018-02-16 16:00:00+01:00,78612.0
2018-02-16 17:00:00+01:00,80601.0
2018-02-16 18:00:00+01:00,82372.0
2018-02-16 19:00:00+01:00,82908.0
2018-02-16 20:00:00+01:00,81156.0
2018-02-16 21:00:00+01:00,78872.0
2018-02-16 22:00:00+01:00,78538.0
2018-02-16 23:00:00+01:00,76962.0
2018-02-17 00:00:00+01:00,72404.0
2018-02-17 01:00:00+01:00,69232.0
2018-02-17 02:00:00+01:00,67667.0
2018-02-17 03:00:00+01:00,66777.0
2018-02-17 04:00:00+01:00,66628.0
2018-02-17 05:00:00+01:00,66690.0
2018-02-17 06:00:00+01:00,67146.0
2018-02-17 07:00:00+01:00,68844.0
2018-02-17 08:00:00+01:00,73266.0
2018-02-17 09:00:00+01:00,75796.0
2018-02-17 10:00:00+01:00,76929.0
2018-02-17 11:00:00+01:00,77626.0
2018-02-17 12:00:00+01:00,78002.0
2018-02-17 13:00:00+01:00,76297.0
2018-02-17 14:00:00+01:00,74294.0
2018-02-17 15:00:00+01:00,72890.0
2018-02-17 16:00:00+01:00,72919.0
2018-02-17 17:00:00+01:00,74015.0
2018-02-17 18:00:00+01:00,76099.0
2018-02-17 19:00:00+01:00,76179.0
2018-02-17 20:00:00+01:00,74712.0
2018-02-17 21:00:00+01:00,72722.0
2018-02-17 22:00:00+01:00,72733.0
2018-02-17 23:00:00+01:00,72324.0
2018-02-18 00:00:00+01:00,70386.0
2018-02-18 01:00:00+01:00,68243.0
2018-02-18 02:00:00+01:00,66656.0
2018-02-18 03:00:00+01:00,65564.0
2018-02-18 04:00:00+01:00,64946.0
2018-02-18 05:00:00+01:00,64950.0
2018-02-18 06:00:00+01:00,65744.0
2018-02-18 07:00:00+01:00,66117.0
2018-02-18 08:00:00+01:00,67701.0
2018-02-18 09:00:00+01:00,70346.0
2018-02-18 10:00:00+01:00,72098.0
2018-02-18 11:00:00+01:00,72966.0
2018-02-18 12:00:00+01:00,72639.0
2018-02-18 13:00:00+01:00,70539.0
2018-02-18 14:00:00+01:00,68138.0
2018-02-18 15:00:00+01:00,67178.0
2018-02-18 16:00:00+01:00,67176.0
2018-02-18 17:00:00+01:00,69252.0
2018-02-18 18:00:00+01:00,72959.0
2018-02-18 19:00:00+01:00,74543.0
2018-02-18 20:00:00+01:00,74099.0
2018-02-18 21:00:00+01:00,71914.0
2018-02-18 22:00:00+01:00,72601.0
2018-02-18 23:00:00+01:00,72623.0
2018-02-19 00:00:00+01:00,70454.0
2018-02-19 01:00:00+01:00,68380.0
2018-02-19 02:00:00+01:00,67189.0
2018-02-19 03:00:00+01:00,65749.0
2018-02-19 04:00:00+01:00,65577.0
2018-02-19 05:00:00+01:00,68391.0
2018-02-19 06:00:00+01:00,74275.0
2018-02-19 07:00:00+01:00,79500.0
2018-02-19 08:00:00+01:00,80738.0
2018-02-19 09:00:00+01:00,81985.0
2018-02-19 10:00:00+01:00,82301.0
2018-02-19 11:00:00+01:00,82403.0
2018-02-19 12:00:00+01:00,81569.0
2018-02-19 13:00:00+01:00,79472.0
2018-02-19 14:00:00+01:00,77966.0
2018-02-19 15:00:00+01:00,77310.0
2018-02-19 16:00:00+01:00,77580.0
2018-02-19 17:00:00+01:00,78006.0
2018-02-19 18:00:00+01:00,80044.0
2018-02-19 19:00:00+01:00,81702.0
2018-02-19 20:00:00+01:00,78586.0
2018-02-19 21:00:00+01:00,76241.0
2018-02-19 22:00:00+01:00,76341.0
2018-02-19 23:00:00+01:00,75554.0
2018-02-20 00:00:00+01:00,72500.0
2018-02-20 01:00:00+01:00,70382.0
2018-02-20 02:00:00+01:00,68976.0
2018-02-20 03:00:00+01:00,68078.0
2018-02-20 04:00:00+01:00,68195.0
2018-02-20 05:00:00+01:00,70471.0
2018-02-20 06:00:00+01:00,75484.0
2018-02-20 07:00:00+01:00,79377.0
2018-02-20 08:00:00+01:00,80199.0
2018-02-20 09:00:00+01:00,81386.0
2018-02-20 10:00:00+01:00,80983.0
2018-02-20 11:00:00+01:00,81273.0
2018-02-20 12:00:00+01:00,80740.0
2018-02-20 13:00:00+01:00,80720.0
2018-02-20 14:00:00+01:00,80315.0
2018-02-20 15:00:00+01:00,79252.0
2018-02-20 16:00:00+01:00,78730.0
2018-02-20 17:00:00+01:00,78833.0
2018-02-20 18:00:00+01:00,82112.0
2018-02-20 19:00:00+01:00,82633.0
2018-02-20 20:00:00+01:00,81290.0
2018-02-20 21:00:00+01:00,78159.0
2018-02-20 22:00:00+01:00,77467.0
2018-02-20 23:00:00+01:00,77152.0
2018-02-21 00:00:00+01:00,74325.0
2018-02-21 01:00:00+01:00,71886.0
2018-02-21 02:00:00+01:00,70489.0
2018-02-21 03:00:00+01:00,69373.0
2018-02-21 04:00:00+01:00,70268.0
2018-02-21 05:00:00+01:00,72302.0
2018-02-21 06:00:00+01:00,77430.0
2018-02-21 07:00:00+01:00,82244.0
2018-02-21 08:00:00+01:00,83883.0
2018-02-21 09:00:00+01:00,85021.0
2018-02-21 10:00:00+01:00,84225.0
2018-02-21 11:00:00+01:00,84062.0
2018-02-21 12:00:00+01:00,83787.0
2018-02-21 13:00:00+01:00,83486.0
2018-02-21 14:00:00+01:00,82313.0
2018-02-21 15:00:00+01:00,81578.0
2018-02-21 16:00:00+01:00,81308.0
2018-02-21 17:00:00+01:00,81380.0
2018-02-21 18:00:00+01:00,84030.0
2018-02-21 19:00:00+01:00,84778.0
2018-02-21 20:00:00+01:00,82818.0
2018-02-21 21:00:00+01:00,79208.0
2018-02-21 22:00:00+01:00,79138.0
2018-02-21 23:00:00+01:00,79492.0
2018-02-22 00:00:00+01:00,77765.0
2018-02-22 01:00:00+01:00,75421.0
2018-02-22 02:00:00+01:00,74494.0
2018-02-22 03:00:00+01:00,72789.0
2018-02-22 04:00:00+01:00,72919.0
2018-02-22 05:00:00+01:00,75361.0
2018-02-22 06:00:00+01:00,80789.0
2018-02-22 07:00:00+01:00,84791.0
2018-02-22 08:00:00+01:00,86952.0
2018-02-22 09:00:00+01:00,88092.0
2018-02-22 10:00:00+01:00,87753.0
2018-02-22 11:00:00+01:00,87304.0
2018-02-22 12:00:00+01:00,86867.0
2018-02-22 13:00:00+01:00,85714.0
2018-02-22 14:00:00+01:00,84248.0
2018-02-22 15:00:00+01:00,83464.0
2018-02-22 16:00:00+01:00,82791.0
2018-02-22 17:00:00+01:00,83370.0
2018-02-22 18:00:00+01:00,86617.0
2018-02-22 19:00:00+01:00,87532.0
2018-02-22 20:00:00+01:00,86370.0
2018-02-22 21:00:00+01:00,83311.0
2018-02-22 22:00:00+01:00,83776.0
2018-02-22 23:00:00+01:00,83622.0
2018-02-23 00:00:00+01:00,78946.0
2018-02-23 01:00:00+01:00,76264.0
2018-02-23 02:00:00+01:00,74850.0
2018-02-23 03:00:00+01:00,73746.0
2018-02-23 04:00:00+01:00,73058.0
2018-02-23 05:00:00+01:00,75403.0
2018-02-23 06:00:00+01:00,80080.0
2018-02-23 07:00:00+01:00,84967.0
2018-02-23 08:00:00+01:00,86974.0
2018-02-23 09:00:00+01:00,87495.0
2018-02-23 10:00:00+01:00,87295.0
2018-02-23 11:00:00+01:00,87643.0
2018-02-23 12:00:00+01:00,86005.0
2018-02-23 13:00:00+01:00,84381.0
2018-02-23 14:00:00+01:00,81910.0
2018-02-23 15:00:00+01:00,80603.0
2018-02-23 16:00:00+01:00,79990.0
2018-02-23 17:00:00+01:00,81948.0
2018-02-23 18:00:00+01:00,85036.0
2018-02-23 19:00:00+01:00,86028.0
2018-02-23 20:00:00+01:00,84353.0
2018-02-23 21:00:00+01:00,81240.0
2018-02-23 22:00:00+01:00,81689.0
2018-02-23 23:00:00+01:00,81170.0
2018-02-24 00:00:00+01:00,78149.0
2018-02-24 01:00:00+01:00,75239.0
2018-02-24 02:00:00+01:00,73496.0
2018-02-24 03:00:00+01:00,71563.0
2018-02-24 04:00:00+01:00,70828.0
2018-02-24 05:00:00+01:00,71657.0
2018-02-24 06:00:00+01:00,73073.0
2018-02-24 07:00:00+01:00,75779.0
2018-02-24 08:00:00+01:00,78263.0
2018-02-24 09:00:00+01:00,80870.0
2018-02-24 10:00:00+01:00,82553.0
2018-02-24 11:00:00+01:00,82971.0
2018-02-24 12:00:00+01:00,82242.0
2018-02-24 13:00:00+01:00,81004.0
2018-02-24 14:00:00+01:00,79060.0
2018-02-24 15:00:00+01:00,76590.0
2018-02-24 16:00:00+01:00,73702.0
2018-02-24 17:00:00+01:00,74252.0
2018-02-24 18:00:00+01:00,78784.0
2018-02-24 19:00:00+01:00,82198.0
2018-02-24 20:00:00+01:00,80794.0
2018-02-24 21:00:00+01:00,79244.0
2018-02-24 22:00:00+01:00,79828.0
2018-02-24 23:00:00+01:00,79986.0
2018-02-25 00:00:00+01:00,76260.0
2018-02-25 01:00:00+01:00,73297.0
2018-02-25 02:00:00+01:00,71545.0
2018-02-25 03:00:00+01:00,69986.0
2018-02-25 04:00:00+01:00,69477.0
2018-02-25 05:00:00+01:00,69909.0
2018-02-25 06:00:00+01:00,70540.0
2018-02-25 07:00:00+01:00,71128.0
2018-02-25 08:00:00+01:00,73386.0
2018-02-25 09:00:00+01:00,75642.0
2018-02-25 10:00:00+01:00,76276.0
2018-02-25 11:00:00+01:00,76652.0
2018-02-25 12:00:00+01:00,76809.0
2018-02-25 13:00:00+01:00,75456.0
2018-02-25 14:00:00+01:00,73330.0
2018-02-25 15:00:00+01:00,72218.0
2018-02-25 16:00:00+01:00,71749.0
2018-02-25 17:00:00+01:00,72026.0
2018-02-25 18:00:00+01:00,78022.0
2018-02-25 19:00:00+01:00,80367.0
2018-02-25 20:00:00+01:00,79894.0
2018-02-25 21:00:00+01:00,78884.0
2018-02-25 22:00:00+01:00,78385.0
2018-02-25 23:00:00+01:00,77377.0
2018-02-26 00:00:00+01:00,75276.0
2018-02-26 01:00:00+01:00,74105.0
2018-02-26 02:00:00+01:00,73245.0
2018-02-26 03:00:00+01:00,72038.0
2018-02-26 04:00:00+01:00,72342.0
2018-02-26 05:00:00+01:00,74979.0
2018-02-26 06:00:00+01:00,80069.0
2018-02-26 07:00:00+01:00,84834.0
2018-02-26 08:00:00+01:00,87269.0
2018-02-26 09:00:00+01:00,89320.0
2018-02-26 10:00:00+01:00,89726.0
2018-02-26 11:00:00+01:00,90373.0
2018-02-26 12:00:00+01:00,90783.0
2018-02-26 13:00:00+01:00,89954.0
2018-02-26 14:00:00+01:00,88591.0
2018-02-26 15:00:00+01:00,87475.0
2018-02-26 16:00:00+01:00,86874.0
2018-02-26 17:00:00+01:00,85817.0
2018-02-26 18:00:00+01:00,87704.0
2018-02-26 19:00:00+01:00,89075.0
2018-02-26 20:00:00+01:00,87016.0
2018-02-26 21:00:00+01:00,84021.0
2018-02-26 22:00:00+01:00,83467.0
2018-02-26 23:00:00+01:00,83003.0
2018-02-27 00:00:00+01:00,80999.0
2018-02-27 01:00:00+01:00,80074.0
2018-02-27 02:00:00+01:00,79078.0
2018-02-27 03:00:00+01:00,77782.0
2018-02-27 04:00:00+01:00,77236.0
2018-02-27 05:00:00+01:00,78201.0
2018-02-27 06:00:00+01:00,81074.0
2018-02-27 07:00:00+01:00,84224.0
2018-02-27 08:00:00+01:00,86439.0
2018-02-27 09:00:00+01:00,87435.0
2018-02-27 10:00:00+01:00,87247.0
2018-02-27 11:00:00+01:00,87644.0
2018-02-27 12:00:00+01:00,86620.0
2018-02-27 13:00:00+01:00,86165.0
2018-02-27 14:00:00+01:00,85192.0
2018-02-27 15:00:00+01:00,83744.0
2018-02-27 16:00:00+01:00,82557.0
2018-02-27 17:00:00+01:00,82668.0
2018-02-27 18:00:00+01:00,84990.0
2018-02-27 19:00:00+01:00,86331.0
2018-02-27 20:00:00+01:00,85930.0
2018-02-27 21:00:00+01:00,83896.0
2018-02-27 22:00:00+01:00,82998.0
2018-02-27 23:00:00+01:00,83317.0
2018-02-28 00:00:00+01:00,80759.0
2018-02-28 01:00:00+01:00,79588.0
2018-02-28 02:00:00+01:00,78640.0
2018-02-28 03:00:00+01:00,77469.0
2018-02-28 04:00:00+01:00,77678.0
2018-02-28 05:00:00+01:00,79415.0
2018-02-28 06:00:00+01:00,82601.0
2018-02-28 07:00:00+01:00,85641.0
2018-02-28 08:00:00+01:00,87375.0
2018-02-28 09:00:00+01:00,88850.0
2018-02-28 10:00:00+01:00,89881.0
2018-02-28 11:00:00+01:00,90186.0
2018-02-28 12:00:00+01:00,89911.0
2018-02-28 13:00:00+01:00,88639.0
2018-02-28 14:00:00+01:00,87498.0
2018-02-28 15:00:00+01:00,86400.0
2018-02-28 16:00:00+01:00,85939.0
2018-02-28 17:00:00+01:00,86340.0
2018-02-28 18:00:00+01:00,88907.0
2018-02-28 19:00:00+01:00,90722.0
2018-02-28 20:00:00+01:00,89228.0
2018-02-28 21:00:00+01:00,87401.0
2018-02-28 22:00:00+01:00,87040.0
2018-02-28 23:00:00+01:00,85939.0
2018-03-01 00:00:00+01:00,81973.0
2018-03-01 01:00:00+01:00,80314.0
2018-03-01 02:00:00+01:00,80006.0
2018-03-01 03:00:00+01:00,77941.0
2018-03-01 04:00:00+01:00,76641.0
2018-03-01 05:00:00+01:00,79058.0
2018-03-01 06:00:00+01:00,84913.0
2018-03-01 07:00:00+01:00,88616.0
2018-03-01 08:00:00+01:00,90550.0
2018-03-01 09:00:00+01:00,91905.0
2018-03-01 10:00:00+01:00,92010.0
2018-03-01 11:00:00+01:00,91725.0
2018-03-01 12:00:00+01:00,90910.0
2018-03-01 13:00:00+01:00,89385.0
2018-03-01 14:00:00+01:00,87644.0
2018-03-01 15:00:00+01:00,85581.0
2018-03-01 16:00:00+01:00,84982.0
2018-03-01 17:00:00+01:00,84951.0
2018-03-01 18:00:00+01:00,87335.0
2018-03-01 19:00:00+01:00,89171.0
2018-03-01 20:00:00+01:00,86392.0
2018-03-01 21:00:00+01:00,82999.0
2018-03-01 22:00:00+01:00,81335.0
2018-03-01 23:00:00+01:00,80176.0
2018-03-02 00:00:00+01:00,77858.0
2018-03-02 01:00:00+01:00,75254.0
2018-03-02 02:00:00+01:00,73926.0
2018-03-02 03:00:00+01:00,72603.0
2018-03-02 04:00:00+01:00,72204.0
2018-03-02 05:00:00+01:00,73172.0
2018-03-02 06:00:00+01:00,77233.0
2018-03-02 07:00:00+01:00,81318.0
2018-03-02 08:00:00+01:00,84060.0
2018-03-02 09:00:00+01:00,84721.0
2018-03-02 10:00:00+01:00,84956.0
2018-03-02 11:00:00+01:00,85406.0
2018-03-02 12:00:00+01:00,84241.0
2018-03-02 13:00:00+01:00,82079.0
2018-03-02 14:00:00+01:00,79596.0
2018-03-02 15:00:00+01:00,78467.0
2018-03-02 16:00:00+01:00,78191.0
2018-03-02 17:00:00+01:00,76531.0
2018-03-02 18:00:00+01:00,78819.0
2018-03-02 19:00:00+01:00,79561.0
2018-03-02 20:00:00+01:00,76748.0
2018-03-02 21:00:00+01:00,75266.0
2018-03-02 22:00:00+01:00,75038.0
2018-03-02 23:00:00+01:00,74899.0
2018-03-03 00:00:00+01:00,73109.0
2018-03-03 01:00:00+01:00,70967.0
2018-03-03 02:00:00+01:00,68882.0
2018-03-03 03:00:00+01:00,66172.0
2018-03-03 04:00:00+01:00,64885.0
2018-03-03 05:00:00+01:00,65276.0
2018-03-03 06:00:00+01:00,66357.0
2018-03-03 07:00:00+01:00,68154.0
2018-03-03 08:00:00+01:00,71018.0
2018-03-03 09:00:00+01:00,74714.0
2018-03-03 10:00:00+01:00,77302.0
2018-03-03 11:00:00+01:00,77304.0
2018-03-03 12:00:00+01:00,77013.0
2018-03-03 13:00:00+01:00,75659.0
2018-03-03 14:00:00+01:00,72735.0
2018-03-03 15:00:00+01:00,71188.0
2018-03-03 16:00:00+01:00,70362.0
2018-03-03 17:00:00+01:00,70474.0
2018-03-03 18:00:00+01:00,74200.0
2018-03-03 19:00:00+01:00,76920.0
2018-03-03 20:00:00+01:00,76001.0
2018-03-03 21:00:00+01:00,73887.0
2018-03-03 22:00:00+01:00,75575.0
2018-03-03 23:00:00+01:00,75222.0
2018-03-04 00:00:00+01:00,70244.0
2018-03-04 01:00:00+01:00,68312.0
2018-03-04 02:00:00+01:00,66652.0
2018-03-04 03:00:00+01:00,65223.0
2018-03-04 04:00:00+01:00,64826.0
2018-03-04 05:00:00+01:00,64776.0
2018-03-04 06:00:00+01:00,65211.0
2018-03-04 07:00:00+01:00,65583.0
2018-03-04 08:00:00+01:00,66533.0
2018-03-04 09:00:00+01:00,68143.0
2018-03-04 10:00:00+01:00,69252.0
2018-03-04 11:00:00+01:00,70643.0
2018-03-04 12:00:00+01:00,70977.0
2018-03-04 13:00:00+01:00,69833.0
2018-03-04 14:00:00+01:00,68019.0
2018-03-04 15:00:00+01:00,67088.0
2018-03-04 16:00:00+01:00,67025.0
2018-03-04 17:00:00+01:00,67237.0
2018-03-04 18:00:00+01:00,71031.0
2018-03-04 19:00:00+01:00,73956.0
2018-03-04 20:00:00+01:00,73715.0
2018-03-04 21:00:00+01:00,71103.0
2018-03-04 22:00:00+01:00,71623.0
2018-03-04 23:00:00+01:00,70874.0
2018-03-05 00:00:00+01:00,66435.0
2018-03-05 01:00:00+01:00,64999.0
2018-03-05 02:00:00+01:00,63744.0
2018-03-05 03:00:00+01:00,62841.0
2018-03-05 04:00:00+01:00,63185.0
2018-03-05 05:00:00+01:00,66186.0
2018-03-05 06:00:00+01:00,70591.0
2018-03-05 07:00:00+01:00,74348.0
2018-03-05 08:00:00+01:00,77291.0
2018-03-05 09:00:00+01:00,79080.0
2018-03-05 10:00:00+01:00,78982.0
2018-03-05 11:00:00+01:00,78869.0
2018-03-05 12:00:00+01:00,78576.0
2018-03-05 13:00:00+01:00,78854.0
2018-03-05 14:00:00+01:00,77565.0
2018-03-05 15:00:00+01:00,77490.0
2018-03-05 16:00:00+01:00,77443.0
2018-03-05 17:00:00+01:00,76929.0
2018-03-05 18:00:00+01:00,79146.0
2018-03-05 19:00:00+01:00,79678.0
2018-03-05 20:00:00+01:00,76735.0
2018-03-05 21:00:00+01:00,73785.0
2018-03-05 22:00:00+01:00,72524.0
2018-03-05 23:00:00+01:00,71665.0
2018-03-06 00:00:00+01:00,69405.0
2018-03-06 01:00:00+01:00,67199.0
2018-03-06 02:00:00+01:00,65909.0
2018-03-06 03:00:00+01:00,64917.0
2018-03-06 04:00:00+01:00,65214.0
2018-03-06 05:00:00+01:00,67390.0
2018-03-06 06:00:00+01:00,72258.0
2018-03-06 07:00:00+01:00,77456.0
2018-03-06 08:00:00+01:00,78880.0
2018-03-06 09:00:00+01:00,79925.0
2018-03-06 10:00:00+01:00,80584.0
2018-03-06 11:00:00+01:00,81018.0
2018-03-06 12:00:00+01:00,80115.0
2018-03-06 13:00:00+01:00,79629.0
2018-03-06 14:00:00+01:00,78222.0
2018-03-06 15:00:00+01:00,77105.0
2018-03-06 16:00:00+01:00,76492.0
2018-03-06 17:00:00+01:00,76805.0
2018-03-06 18:00:00+01:00,79725.0
2018-03-06 19:00:00+01:00,80689.0
2018-03-06 20:00:00+01:00,79473.0
2018-03-06 21:00:00+01:00,77037.0
2018-03-06 22:00:00+01:00,77241.0
2018-03-06 23:00:00+01:00,76119.0
2018-03-07 00:00:00+01:00,71442.0
2018-03-07 01:00:00+01:00,69225.0
2018-03-07 02:00:00+01:00,68198.0
2018-03-07 03:00:00+01:00,66864.0
2018-03-07 04:00:00+01:00,67726.0
2018-03-07 05:00:00+01:00,70725.0
2018-03-07 06:00:00+01:00,75637.0
2018-03-07 07:00:00+01:00,79691.0
2018-03-07 08:00:00+01:00,81680.0
2018-03-07 09:00:00+01:00,82752.0
2018-03-07 10:00:00+01:00,83688.0
2018-03-07 11:00:00+01:00,83550.0
2018-03-07 12:00:00+01:00,84000.0
2018-03-07 13:00:00+01:00,83000.0
2018-03-07 14:00:00+01:00,81673.0
2018-03-07 15:00:00+01:00,80775.0
2018-03-07 16:00:00+01:00,80639.0
2018-03-07 17:00:00+01:00,80319.0
2018-03-07 18:00:00+01:00,81344.0
2018-03-07 19:00:00+01:00,81368.0
2018-03-07 20:00:00+01:00,79296.0
2018-03-07 21:00:00+01:00,75596.0
2018-03-07 22:00:00+01:00,74979.0
2018-03-07 23:00:00+01:00,74585.0
2018-03-08 00:00:00+01:00,71950.0
2018-03-08 01:00:00+01:00,69128.0
2018-03-08 02:00:00+01:00,67884.0
2018-03-08 03:00:00+01:00,66787.0
2018-03-08 04:00:00+01:00,67057.0
2018-03-08 05:00:00+01:00,70390.0
2018-03-08 06:00:00+01:00,75738.0
2018-03-08 07:00:00+01:00,79505.0
2018-03-08 08:00:00+01:00,80781.0
2018-03-08 09:00:00+01:00,81788.0
2018-03-08 10:00:00+01:00,81770.0
2018-03-08 11:00:00+01:00,81092.0
2018-03-08 12:00:00+01:00,81136.0
2018-03-08 13:00:00+01:00,79879.0
2018-03-08 14:00:00+01:00,78895.0
2018-03-08 15:00:00+01:00,77485.0
2018-03-08 16:00:00+01:00,76498.0
2018-03-08 17:00:00+01:00,75916.0
2018-03-08 18:00:00+01:00,77430.0
2018-03-08 19:00:00+01:00,79429.0
2018-03-08 20:00:00+01:00,78746.0
2018-03-08 21:00:00+01:00,74792.0
2018-03-08 22:00:00+01:00,74593.0
2018-03-08 23:00:00+01:00,73265.0
2018-03-09 00:00:00+01:00,70893.0
2018-03-09 01:00:00+01:00,69620.0
2018-03-09 02:00:00+01:00,68110.0
2018-03-09 03:00:00+01:00,66706.0
2018-03-09 04:00:00+01:00,64476.0
2018-03-09 05:00:00+01:00,66680.0
2018-03-09 06:00:00+01:00,71489.0
2018-03-09 07:00:00+01:00,75283.0
2018-03-09 08:00:00+01:00,77937.0
2018-03-09 09:00:00+01:00,79181.0
2018-03-09 10:00:00+01:00,79005.0
2018-03-09 11:00:00+01:00,79133.0
2018-03-09 12:00:00+01:00,78432.0
2018-03-09 13:00:00+01:00,77370.0
2018-03-09 14:00:00+01:00,76095.0
2018-03-09 15:00:00+01:00,75367.0
2018-03-09 16:00:00+01:00,75276.0
2018-03-09 17:00:00+01:00,75455.0
2018-03-09 18:00:00+01:00,77569.0
2018-03-09 19:00:00+01:00,79998.0
2018-03-09 20:00:00+01:00,77225.0
2018-03-09 21:00:00+01:00,74859.0
2018-03-09 22:00:00+01:00,72461.0
2018-03-09 23:00:00+01:00,69967.0
2018-03-10 00:00:00+01:00,67990.0
2018-03-10 01:00:00+01:00,65804.0
2018-03-10 02:00:00+01:00,63770.0
2018-03-10 03:00:00+01:00,62503.0
2018-03-10 04:00:00+01:00,62341.0
2018-03-10 05:00:00+01:00,61924.0
2018-03-10 06:00:00+01:00,62579.0
2018-03-10 07:00:00+01:00,63339.0
2018-03-10 08:00:00+01:00,65769.0
2018-03-10 09:00:00+01:00,68709.0
2018-03-10 10:00:00+01:00,69820.0
2018-03-10 11:00:00+01:00,70328.0
2018-03-10 12:00:00+01:00,70123.0
2018-03-10 13:00:00+01:00,68446.0
2018-03-10 14:00:00+01:00,65497.0
2018-03-10 15:00:00+01:00,63897.0
2018-03-10 16:00:00+01:00,63012.0
2018-03-10 17:00:00+01:00,64298.0
2018-03-10 18:00:00+01:00,66926.0
2018-03-10 19:00:00+01:00,67941.0
2018-03-10 20:00:00+01:00,66627.0
2018-03-10 21:00:00+01:00,64585.0
2018-03-10 22:00:00+01:00,64276.0
2018-03-10 23:00:00+01:00,63709.0
2018-03-11 00:00:00+01:00,61677.0
2018-03-11 01:00:00+01:00,59888.0
2018-03-11 02:00:00+01:00,59455.0
2018-03-11 03:00:00+01:00,56965.0
2018-03-11 04:00:00+01:00,56476.0
2018-03-11 05:00:00+01:00,56373.0
2018-03-11 06:00:00+01:00,56591.0
2018-03-11 07:00:00+01:00,56604.0
2018-03-11 08:00:00+01:00,57799.0
2018-03-11 09:00:00+01:00,59218.0
2018-03-11 10:00:00+01:00,59906.0
2018-03-11 11:00:00+01:00,61178.0
2018-03-11 12:00:00+01:00,61776.0
2018-03-11 13:00:00+01:00,61322.0
2018-03-11 14:00:00+01:00,58880.0
2018-03-11 15:00:00+01:00,57705.0
2018-03-11 16:00:00+01:00,57018.0
2018-03-11 17:00:00+01:00,57756.0
2018-03-11 18:00:00+01:00,63130.0
2018-03-11 19:00:00+01:00,66122.0
2018-03-11 20:00:00+01:00,65159.0
2018-03-11 21:00:00+01:00,63367.0
2018-03-11 22:00:00+01:00,63719.0
2018-03-11 23:00:00+01:00,64781.0
2018-03-12 00:00:00+01:00,63479.0
2018-03-12 01:00:00+01:00,62784.0
2018-03-12 02:00:00+01:00,62237.0
2018-03-12 03:00:00+01:00,61987.0
2018-03-12 04:00:00+01:00,62542.0
2018-03-12 05:00:00+01:00,64935.0
2018-03-12 06:00:00+01:00,71482.0
2018-03-12 07:00:00+01:00,74518.0
2018-03-12 08:00:00+01:00,76833.0
2018-03-12 09:00:00+01:00,78224.0
2018-03-12 10:00:00+01:00,78510.0
2018-03-12 11:00:00+01:00,78867.0
2018-03-12 12:00:00+01:00,79126.0
2018-03-12 13:00:00+01:00,79077.0
2018-03-12 14:00:00+01:00,77470.0
2018-03-12 15:00:00+01:00,76633.0
2018-03-12 16:00:00+01:00,75780.0
2018-03-12 17:00:00+01:00,76004.0
2018-03-12 18:00:00+01:00,78138.0
2018-03-12 19:00:00+01:00,79799.0
2018-03-12 20:00:00+01:00,77674.0
2018-03-12 21:00:00+01:00,74293.0
2018-03-12 22:00:00+01:00,73756.0
2018-03-12 23:00:00+01:00,73010.0
2018-03-13 00:00:00+01:00,70030.0
2018-03-13 01:00:00+01:00,68641.0
2018-03-13 02:00:00+01:00,67692.0
2018-03-13 03:00:00+01:00,66785.0
2018-03-13 04:00:00+01:00,66907.0
2018-03-13 05:00:00+01:00,67156.0
2018-03-13 06:00:00+01:00,69738.0
2018-03-13 07:00:00+01:00,73145.0
2018-03-13 08:00:00+01:00,75435.0
2018-03-13 09:00:00+01:00,76110.0
2018-03-13 10:00:00+01:00,75820.0
2018-03-13 11:00:00+01:00,76357.0
2018-03-13 12:00:00+01:00,76114.0
2018-03-13 13:00:00+01:00,75579.0
2018-03-13 14:00:00+01:00,73703.0
2018-03-13 15:00:00+01:00,72421.0
2018-03-13 16:00:00+01:00,71578.0
2018-03-13 17:00:00+01:00,71267.0
2018-03-13 18:00:00+01:00,71542.0
2018-03-13 19:00:00+01:00,72083.0
2018-03-13 20:00:00+01:00,71945.0
2018-03-13 21:00:00+01:00,68449.0
2018-03-13 22:00:00+01:00,68248.0
2018-03-13 23:00:00+01:00,68537.0
2018-03-14 00:00:00+01:00,66801.0
2018-03-14 01:00:00+01:00,65593.0
2018-03-14 02:00:00+01:00,64693.0
2018-03-14 03:00:00+01:00,63142.0
2018-03-14 04:00:00+01:00,63452.0
2018-03-14 05:00:00+01:00,66041.0
2018-03-14 06:00:00+01:00,70536.0
2018-03-14 07:00:00+01:00,73431.0
2018-03-14 08:00:00+01:00,75458.0
2018-03-14 09:00:00+01:00,76871.0
2018-03-14 10:00:00+01:00,77166.0
2018-03-14 11:00:00+01:00,76923.0
2018-03-14 12:00:00+01:00,77030.0
2018-03-14 13:00:00+01:00,76050.0
2018-03-14 14:00:00+01:00,74968.0
2018-03-14 15:00:00+01:00,73431.0
2018-03-14 16:00:00+01:00,72493.0
2018-03-14 17:00:00+01:00,72553.0
2018-03-14 18:00:00+01:00,76142.0
2018-03-14 19:00:00+01:00,79532.0
2018-03-14 20:00:00+01:00,75911.0
2018-03-14 21:00:00+01:00,73594.0
2018-03-14 22:00:00+01:00,72723.0
2018-03-14 23:00:00+01:00,71936.0
2018-03-15 00:00:00+01:00,69964.0
2018-03-15 01:00:00+01:00,68037.0
2018-03-15 02:00:00+01:00,66241.0
2018-03-15 03:00:00+01:00,64006.0
2018-03-15 04:00:00+01:00,63974.0
2018-03-15 05:00:00+01:00,64947.0
2018-03-15 06:00:00+01:00,67978.0
2018-03-15 07:00:00+01:00,70553.0
2018-03-15 08:00:00+01:00,71693.0
2018-03-15 09:00:00+01:00,73431.0
2018-03-15 10:00:00+01:00,74011.0
2018-03-15 11:00:00+01:00,74461.0
2018-03-15 12:00:00+01:00,74256.0
2018-03-15 13:00:00+01:00,73514.0
2018-03-15 14:00:00+01:00,72147.0
2018-03-15 15:00:00+01:00,70759.0
2018-03-15 16:00:00+01:00,70179.0
2018-03-15 17:00:00+01:00,69676.0
2018-03-15 18:00:00+01:00,71286.0
2018-03-15 19:00:00+01:00,74262.0
2018-03-15 20:00:00+01:00,72891.0
2018-03-15 21:00:00+01:00,69505.0
2018-03-15 22:00:00+01:00,69571.0
2018-03-15 23:00:00+01:00,68082.0
2018-03-16 00:00:00+01:00,65562.0
2018-03-16 01:00:00+01:00,63175.0
2018-03-16 02:00:00+01:00,62163.0
2018-03-16 03:00:00+01:00,61060.0
2018-03-16 04:00:00+01:00,60634.0
2018-03-16 05:00:00+01:00,61890.0
2018-03-16 06:00:00+01:00,65215.0
2018-03-16 07:00:00+01:00,69013.0
2018-03-16 08:00:00+01:00,71130.0
2018-03-16 09:00:00+01:00,72147.0
2018-03-16 10:00:00+01:00,71712.0
2018-03-16 11:00:00+01:00,72318.0
2018-03-16 12:00:00+01:00,72180.0
2018-03-16 13:00:00+01:00,71581.0
2018-03-16 14:00:00+01:00,70234.0
2018-03-16 15:00:00+01:00,68583.0
2018-03-16 16:00:00+01:00,66808.0
2018-03-16 17:00:00+01:00,66804.0
2018-03-16 18:00:00+01:00,67663.0
2018-03-16 19:00:00+01:00,70906.0
2018-03-16 20:00:00+01:00,69099.0
2018-03-16 21:00:00+01:00,68403.0
2018-03-16 22:00:00+01:00,68096.0
2018-03-16 23:00:00+01:00,67747.0
2018-03-17 00:00:00+01:00,64234.0
2018-03-17 01:00:00+01:00,61640.0
2018-03-17 02:00:00+01:00,59353.0
2018-03-17 03:00:00+01:00,58139.0
2018-03-17 04:00:00+01:00,57935.0
2018-03-17 05:00:00+01:00,58416.0
2018-03-17 06:00:00+01:00,58853.0
2018-03-17 07:00:00+01:00,60585.0
2018-03-17 08:00:00+01:00,64008.0
2018-03-17 09:00:00+01:00,66191.0
2018-03-17 10:00:00+01:00,67579.0
2018-03-17 11:00:00+01:00,69266.0
2018-03-17 12:00:00+01:00,69705.0
2018-03-17 13:00:00+01:00,69813.0
2018-03-17 14:00:00+01:00,67397.0
2018-03-17 15:00:00+01:00,65219.0
2018-03-17 16:00:00+01:00,63802.0
2018-03-17 17:00:00+01:00,65329.0
2018-03-17 18:00:00+01:00,68700.0
2018-03-17 19:00:00+01:00,70299.0
2018-03-17 20:00:00+01:00,69362.0
2018-03-17 21:00:00+01:00,67746.0
2018-03-17 22:00:00+01:00,68034.0
2018-03-17 23:00:00+01:00,68816.0
2018-03-18 00:00:00+01:00,67109.0
2018-03-18 01:00:00+01:00,64730.0
2018-03-18 02:00:00+01:00,63307.0
2018-03-18 03:00:00+01:00,61248.0
2018-03-18 04:00:00+01:00,60789.0
2018-03-18 05:00:00+01:00,60887.0
2018-03-18 06:00:00+01:00,61650.0
2018-03-18 07:00:00+01:00,63263.0
2018-03-18 08:00:00+01:00,65513.0
2018-03-18 09:00:00+01:00,68119.0
2018-03-18 10:00:00+01:00,68472.0
2018-03-18 11:00:00+01:00,69121.0
2018-03-18 12:00:00+01:00,69081.0
2018-03-18 13:00:00+01:00,67517.0
2018-03-18 14:00:00+01:00,65422.0
2018-03-18 15:00:00+01:00,63836.0
2018-03-18 16:00:00+01:00,62604.0
2018-03-18 17:00:00+01:00,63288.0
2018-03-18 18:00:00+01:00,67167.0
2018-03-18 19:00:00+01:00,72353.0
2018-03-18 20:00:00+01:00,72190.0
2018-03-18 21:00:00+01:00,68833.0
2018-03-18 22:00:00+01:00,68551.0
2018-03-18 23:00:00+01:00,68184.0
2018-03-19 00:00:00+01:00,65575.0
2018-03-19 01:00:00+01:00,63000.0
2018-03-19 02:00:00+01:00,62053.0
2018-03-19 03:00:00+01:00,61815.0
2018-03-19 04:00:00+01:00,62015.0
2018-03-19 05:00:00+01:00,64364.0
2018-03-19 06:00:00+01:00,70171.0
2018-03-19 07:00:00+01:00,74114.0
2018-03-19 08:00:00+01:00,76882.0
2018-03-19 09:00:00+01:00,77540.0
2018-03-19 10:00:00+01:00,77565.0
2018-03-19 11:00:00+01:00,77690.0
2018-03-19 12:00:00+01:00,76954.0
2018-03-19 13:00:00+01:00,75964.0
2018-03-19 14:00:00+01:00,74835.0
2018-03-19 15:00:00+01:00,73983.0
2018-03-19 16:00:00+01:00,74695.0
2018-03-19 17:00:00+01:00,75752.0
2018-03-19 18:00:00+01:00,78429.0
2018-03-19 19:00:00+01:00,80414.0
2018-03-19 20:00:00+01:00,79648.0
2018-03-19 21:00:00+01:00,76176.0
2018-03-19 22:00:00+01:00,75833.0
2018-03-19 23:00:00+01:00,75911.0
2018-03-20 00:00:00+01:00,72987.0
2018-03-20 01:00:00+01:00,70983.0
2018-03-20 02:00:00+01:00,69223.0
2018-03-20 03:00:00+01:00,67775.0
2018-03-20 04:00:00+01:00,68015.0
2018-03-20 05:00:00+01:00,70053.0
2018-03-20 06:00:00+01:00,75964.0
2018-03-20 07:00:00+01:00,79136.0
2018-03-20 08:00:00+01:00,81095.0
2018-03-20 09:00:00+01:00,82243.0
2018-03-20 10:00:00+01:00,82184.0
2018-03-20 11:00:00+01:00,82379.0
2018-03-20 12:00:00+01:00,81548.0
2018-03-20 13:00:00+01:00,80446.0
2018-03-20 14:00:00+01:00,78551.0
2018-03-20 15:00:00+01:00,77439.0
2018-03-20 16:00:00+01:00,77389.0
2018-03-20 17:00:00+01:00,78561.0
2018-03-20 18:00:00+01:00,80517.0
2018-03-20 19:00:00+01:00,82330.0
2018-03-20 20:00:00+01:00,80765.0
2018-03-20 21:00:00+01:00,77553.0
2018-03-20 22:00:00+01:00,76383.0
2018-03-20 23:00:00+01:00,76129.0
2018-03-21 00:00:00+01:00,73459.0
2018-03-21 01:00:00+01:00,70894.0
2018-03-21 02:00:00+01:00,69688.0
2018-03-21 03:00:00+01:00,69246.0
2018-03-21 04:00:00+01:00,69368.0
2018-03-21 05:00:00+01:00,71093.0
2018-03-21 06:00:00+01:00,74709.0
2018-03-21 07:00:00+01:00,77455.0
2018-03-21 08:00:00+01:00,79239.0
2018-03-21 09:00:00+01:00,79949.0
2018-03-21 10:00:00+01:00,79650.0
2018-03-21 11:00:00+01:00,79716.0
2018-03-21 12:00:00+01:00,78267.0
2018-03-21 13:00:00+01:00,76845.0
2018-03-21 14:00:00+01:00,74947.0
2018-03-21 15:00:00+01:00,73859.0
2018-03-21 16:00:00+01:00,73618.0
2018-03-21 17:00:00+01:00,74073.0
2018-03-21 18:00:00+01:00,75670.0
2018-03-21 19:00:00+01:00,77092.0
2018-03-21 20:00:00+01:00,76347.0
2018-03-21 21:00:00+01:00,74527.0
2018-03-21 22:00:00+01:00,73905.0
2018-03-21 23:00:00+01:00,73737.0
2018-03-22 00:00:00+01:00,71542.0
2018-03-22 01:00:00+01:00,69015.0
2018-03-22 02:00:00+01:00,67968.0
2018-03-22 03:00:00+01:00,67801.0
2018-03-22 04:00:00+01:00,67710.0
2018-03-22 05:00:00+01:00,69300.0
2018-03-22 06:00:00+01:00,73237.0
2018-03-22 07:00:00+01:00,76122.0
2018-03-22 08:00:00+01:00,77692.0
2018-03-22 09:00:00+01:00,78641.0
2018-03-22 10:00:00+01:00,78856.0
2018-03-22 11:00:00+01:00,80007.0
2018-03-22 12:00:00+01:00,79827.0
2018-03-22 13:00:00+01:00,79051.0
2018-03-22 14:00:00+01:00,77714.0
2018-03-22 15:00:00+01:00,76458.0
2018-03-22 16:00:00+01:00,75591.0
2018-03-22 17:00:00+01:00,74783.0
2018-03-22 18:00:00+01:00,75408.0
2018-03-22 19:00:00+01:00,76970.0
2018-03-22 20:00:00+01:00,75892.0
2018-03-22 21:00:00+01:00,73963.0
2018-03-22 22:00:00+01:00,73321.0
2018-03-22 23:00:00+01:00,72026.0
2018-03-23 00:00:00+01:00,69093.0
2018-03-23 01:00:00+01:00,66779.0
2018-03-23 02:00:00+01:00,66426.0
2018-03-23 03:00:00+01:00,65926.0
2018-03-23 04:00:00+01:00,66308.0
2018-03-23 05:00:00+01:00,67669.0
2018-03-23 06:00:00+01:00,71879.0
2018-03-23 07:00:00+01:00,75900.0
2018-03-23 08:00:00+01:00,77923.0
2018-03-23 09:00:00+01:00,78338.0
2018-03-23 10:00:00+01:00,78162.0
2018-03-23 11:00:00+01:00,78078.0
2018-03-23 12:00:00+01:00,77540.0
2018-03-23 13:00:00+01:00,76972.0
2018-03-23 14:00:00+01:00,75604.0
2018-03-23 15:00:00+01:00,73790.0
2018-03-23 16:00:00+01:00,72733.0
2018-03-23 17:00:00+01:00,73144.0
2018-03-23 18:00:00+01:00,74320.0
2018-03-23 19:00:00+01:00,76848.0
2018-03-23 20:00:00+01:00,75179.0
2018-03-23 21:00:00+01:00,72564.0
2018-03-23 22:00:00+01:00,71876.0
2018-03-23 23:00:00+01:00,70706.0
2018-03-24 00:00:00+01:00,68541.0
2018-03-24 01:00:00+01:00,64716.0
2018-03-24 02:00:00+01:00,62835.0
2018-03-24 03:00:00+01:00,60464.0
2018-03-24 04:00:00+01:00,60232.0
2018-03-24 05:00:00+01:00,60550.0
2018-03-24 06:00:00+01:00,61533.0
2018-03-24 07:00:00+01:00,63289.0
2018-03-24 08:00:00+01:00,65748.0
2018-03-24 09:00:00+01:00,67852.0
2018-03-24 10:00:00+01:00,66919.0
2018-03-24 11:00:00+01:00,66525.0
2018-03-24 12:00:00+01:00,66634.0
2018-03-24 13:00:00+01:00,65028.0
2018-03-24 14:00:00+01:00,63929.0
2018-03-24 15:00:00+01:00,61978.0
2018-03-24 16:00:00+01:00,61407.0
2018-03-24 17:00:00+01:00,61751.0
2018-03-24 18:00:00+01:00,64127.0
2018-03-24 19:00:00+01:00,66937.0
2018-03-24 20:00:00+01:00,66802.0
2018-03-24 21:00:00+01:00,64863.0
2018-03-24 22:00:00+01:00,65771.0
2018-03-24 23:00:00+01:00,65700.0
2018-03-25 00:00:00+01:00,61638.0
2018-03-25 01:00:00+01:00,58482.0
2018-03-25 03:00:00+02:00,57494.0
2018-03-25 04:00:00+02:00,56134.0
2018-03-25 05:00:00+02:00,54888.0
2018-03-25 06:00:00+02:00,55214.0
2018-03-25 07:00:00+02:00,55457.0
2018-03-25 08:00:00+02:00,55847.0
2018-03-25 09:00:00+02:00,57402.0
2018-03-25 10:00:00+02:00,58998.0
2018-03-25 11:00:00+02:00,59190.0
2018-03-25 12:00:00+02:00,59918.0
2018-03-25 13:00:00+02:00,59942.0
2018-03-25 14:00:00+02:00,59324.0
2018-03-25 15:00:00+02:00,58622.0
2018-03-25 16:00:00+02:00,58166.0
2018-03-25 17:00:00+02:00,58993.0
2018-03-25 18:00:00+02:00,60610.0
2018-03-25 19:00:00+02:00,62840.0
2018-03-25 20:00:00+02:00,65319.0
2018-03-25 21:00:00+02:00,65175.0
2018-03-25 22:00:00+02:00,65240.0
2018-03-25 23:00:00+02:00,65154.0
2018-03-26 00:00:00+02:00,63172.0
2018-03-26 01:00:00+02:00,60759.0
2018-03-26 02:00:00+02:00,59510.0
2018-03-26 03:00:00+02:00,59253.0
2018-03-26 04:00:00+02:00,60746.0
2018-03-26 05:00:00+02:00,63382.0
2018-03-26 06:00:00+02:00,67875.0
2018-03-26 07:00:00+02:00,71190.0
2018-03-26 08:00:00+02:00,72447.0
2018-03-26 09:00:00+02:00,73616.0
2018-03-26 10:00:00+02:00,74112.0
2018-03-26 11:00:00+02:00,74135.0
2018-03-26 12:00:00+02:00,73913.0
2018-03-26 13:00:00+02:00,73537.0
2018-03-26 14:00:00+02:00,72664.0
2018-03-26 15:00:00+02:00,71105.0
2018-03-26 16:00:00+02:00,70225.0
2018-03-26 17:00:00+02:00,70161.0
2018-03-26 18:00:00+02:00,70104.0
2018-03-26 19:00:00+02:00,71652.0
2018-03-26 20:00:00+02:00,72547.0
2018-03-26 21:00:00+02:00,70468.0
2018-03-26 22:00:00+02:00,69880.0
2018-03-26 23:00:00+02:00,69248.0
2018-03-27 00:00:00+02:00,66453.0
2018-03-27 01:00:00+02:00,64942.0
2018-03-27 02:00:00+02:00,63836.0
2018-03-27 03:00:00+02:00,62823.0
2018-03-27 04:00:00+02:00,63121.0
2018-03-27 05:00:00+02:00,65568.0
2018-03-27 06:00:00+02:00,70561.0
2018-03-27 07:00:00+02:00,73565.0
2018-03-27 08:00:00+02:00,74935.0
2018-03-27 09:00:00+02:00,75826.0
2018-03-27 10:00:00+02:00,76173.0
2018-03-27 11:00:00+02:00,76271.0
2018-03-27 12:00:00+02:00,76578.0
2018-03-27 13:00:00+02:00,76827.0
2018-03-27 14:00:00+02:00,74957.0
2018-03-27 15:00:00+02:00,73546.0
2018-03-27 16:00:00+02:00,72420.0
2018-03-27 17:00:00+02:00,71788.0
2018-03-27 18:00:00+02:00,73084.0
2018-03-27 19:00:00+02:00,74074.0
2018-03-27 20:00:00+02:00,74465.0
2018-03-27 21:00:00+02:00,71089.0
2018-03-27 22:00:00+02:00,69993.0
2018-03-27 23:00:00+02:00,68649.0
2018-03-28 00:00:00+02:00,66732.0
2018-03-28 01:00:00+02:00,63381.0
2018-03-28 02:00:00+02:00,62377.0
2018-03-28 03:00:00+02:00,61416.0
2018-03-28 04:00:00+02:00,61424.0
2018-03-28 05:00:00+02:00,63269.0
2018-03-28 06:00:00+02:00,67707.0
2018-03-28 07:00:00+02:00,71885.0
2018-03-28 08:00:00+02:00,73280.0
2018-03-28 09:00:00+02:00,74441.0
2018-03-28 10:00:00+02:00,75714.0
2018-03-28 11:00:00+02:00,76379.0
2018-03-28 12:00:00+02:00,76816.0
2018-03-28 13:00:00+02:00,76902.0
2018-03-28 14:00:00+02:00,75888.0
2018-03-28 15:00:00+02:00,74356.0
2018-03-28 16:00:00+02:00,73005.0
2018-03-28 17:00:00+02:00,72813.0
2018-03-28 18:00:00+02:00,72334.0
2018-03-28 19:00:00+02:00,73384.0
2018-03-28 20:00:00+02:00,73350.0
2018-03-28 21:00:00+02:00,71251.0
2018-03-28 22:00:00+02:00,68891.0
2018-03-28 23:00:00+02:00,68705.0
2018-03-29 00:00:00+02:00,63934.0
2018-03-29 01:00:00+02:00,61347.0
2018-03-29 02:00:00+02:00,60147.0
2018-03-29 03:00:00+02:00,59024.0
2018-03-29 04:00:00+02:00,58959.0
2018-03-29 05:00:00+02:00,60977.0
2018-03-29 06:00:00+02:00,66667.0
2018-03-29 07:00:00+02:00,70666.0
2018-03-29 08:00:00+02:00,71703.0
2018-03-29 09:00:00+02:00,73103.0
2018-03-29 10:00:00+02:00,74406.0
2018-03-29 11:00:00+02:00,74857.0
2018-03-29 12:00:00+02:00,74910.0
2018-03-29 13:00:00+02:00,73981.0
2018-03-29 14:00:00+02:00,73234.0
2018-03-29 15:00:00+02:00,72425.0
2018-03-29 16:00:00+02:00,72111.0
2018-03-29 17:00:00+02:00,72714.0
2018-03-29 18:00:00+02:00,73450.0
2018-03-29 19:00:00+02:00,74398.0
2018-03-29 20:00:00+02:00,74098.0
2018-03-29 21:00:00+02:00,73472.0
2018-03-29 22:00:00+02:00,73327.0
2018-03-29 23:00:00+02:00,71822.0
2018-03-30 00:00:00+02:00,64055.0
2018-03-30 01:00:00+02:00,61679.0
2018-03-30 02:00:00+02:00,61670.0
2018-03-30 03:00:00+02:00,59420.0
2018-03-30 04:00:00+02:00,59565.0
2018-03-30 05:00:00+02:00,61245.0
2018-03-30 06:00:00+02:00,65033.0
2018-03-30 07:00:00+02:00,66681.0
2018-03-30 08:00:00+02:00,68229.0
2018-03-30 09:00:00+02:00,69724.0
2018-03-30 10:00:00+02:00,70186.0
2018-03-30 11:00:00+02:00,69293.0
2018-03-30 12:00:00+02:00,69608.0
2018-03-30 13:00:00+02:00,69609.0
2018-03-30 14:00:00+02:00,67974.0
2018-03-30 15:00:00+02:00,66615.0
2018-03-30 16:00:00+02:00,65679.0
2018-03-30 17:00:00+02:00,65290.0
2018-03-30 18:00:00+02:00,65910.0
2018-03-30 19:00:00+02:00,66288.0
2018-03-30 20:00:00+02:00,66388.0
2018-03-30 21:00:00+02:00,65898.0
2018-03-30 22:00:00+02:00,65850.0
2018-03-30 23:00:00+02:00,65023.0
2018-03-31 00:00:00+02:00,61837.0
2018-03-31 01:00:00+02:00,60170.0
2018-03-31 02:00:00+02:00,56374.0
2018-03-31 03:00:00+02:00,54573.0
2018-03-31 04:00:00+02:00,54473.0
2018-03-31 05:00:00+02:00,54257.0
2018-03-31 06:00:00+02:00,57873.0
2018-03-31 07:00:00+02:00,59368.0
2018-03-31 08:00:00+02:00,60936.0
2018-03-31 09:00:00+02:00,62846.0
2018-03-31 10:00:00+02:00,63722.0
2018-03-31 11:00:00+02:00,64073.0
2018-03-31 12:00:00+02:00,64581.0
2018-03-31 13:00:00+02:00,63607.0
2018-03-31 14:00:00+02:00,61438.0
2018-03-31 15:00:00+02:00,60158.0
2018-03-31 16:00:00+02:00,59905.0
2018-03-31 17:00:00+02:00,60855.0
2018-03-31 18:00:00+02:00,61055.0
2018-03-31 19:00:00+02:00,63406.0
2018-03-31 20:00:00+02:00,63874.0
2018-03-31 21:00:00+02:00,63464.0
2018-03-31 22:00:00+02:00,63612.0
2018-03-31 23:00:00+02:00,62766.0
2018-04-01 00:00:00+02:00,60641.0
2018-04-01 01:00:00+02:00,59516.0
2018-04-01 02:00:00+02:00,56800.0
2018-04-01 03:00:00+02:00,55121.0
2018-04-01 04:00:00+02:00,55114.0
2018-04-01 05:00:00+02:00,54687.0
2018-04-01 06:00:00+02:00,54703.0
2018-04-01 07:00:00+02:00,54245.0
2018-04-01 08:00:00+02:00,56493.0
2018-04-01 09:00:00+02:00,59210.0
2018-04-01 10:00:00+02:00,60695.0
2018-04-01 11:00:00+02:00,60925.0
2018-04-01 12:00:00+02:00,60834.0
2018-04-01 13:00:00+02:00,58192.0
2018-04-01 14:00:00+02:00,55388.0
2018-04-01 15:00:00+02:00,54153.0
2018-04-01 16:00:00+02:00,53262.0
2018-04-01 17:00:00+02:00,54844.0
2018-04-01 18:00:00+02:00,54209.0
2018-04-01 19:00:00+02:00,56041.0
2018-04-01 20:00:00+02:00,58298.0
2018-04-01 21:00:00+02:00,58259.0
2018-04-01 22:00:00+02:00,58442.0
2018-04-01 23:00:00+02:00,57921.0
2018-04-02 00:00:00+02:00,56454.0
2018-04-02 01:00:00+02:00,53294.0
2018-04-02 02:00:00+02:00,52972.0
2018-04-02 03:00:00+02:00,53353.0
2018-04-02 04:00:00+02:00,53473.0
2018-04-02 05:00:00+02:00,53857.0
2018-04-02 06:00:00+02:00,54578.0
2018-04-02 07:00:00+02:00,56571.0
2018-04-02 08:00:00+02:00,58398.0
2018-04-02 09:00:00+02:00,61604.0
2018-04-02 10:00:00+02:00,62655.0
2018-04-02 11:00:00+02:00,62120.0
2018-04-02 12:00:00+02:00,61439.0
2018-04-02 13:00:00+02:00,59267.0
2018-04-02 14:00:00+02:00,58015.0
2018-04-02 15:00:00+02:00,56511.0
2018-04-02 16:00:00+02:00,56228.0
2018-04-02 17:00:00+02:00,56519.0
2018-04-02 18:00:00+02:00,57334.0
2018-04-02 19:00:00+02:00,58260.0
2018-04-02 20:00:00+02:00,59649.0
2018-04-02 21:00:00+02:00,59166.0
2018-04-02 22:00:00+02:00,58752.0
2018-04-02 23:00:00+02:00,58095.0
2018-04-03 00:00:00+02:00,58172.0
2018-04-03 01:00:00+02:00,57960.0
2018-04-03 02:00:00+02:00,57897.0
2018-04-03 03:00:00+02:00,57211.0
2018-04-03 04:00:00+02:00,57263.0
2018-04-03 05:00:00+02:00,58976.0
2018-04-03 06:00:00+02:00,62834.0
2018-04-03 07:00:00+02:00,66596.0
2018-04-03 08:00:00+02:00,68497.0
2018-04-03 09:00:00+02:00,69787.0
2018-04-03 10:00:00+02:00,70530.0
2018-04-03 11:00:00+02:00,70045.0
2018-04-03 12:00:00+02:00,69651.0
2018-04-03 13:00:00+02:00,69110.0
2018-04-03 14:00:00+02:00,68779.0
2018-04-03 15:00:00+02:00,67290.0
2018-04-03 16:00:00+02:00,66304.0
2018-04-03 17:00:00+02:00,66059.0
2018-04-03 18:00:00+02:00,66462.0
2018-04-03 19:00:00+02:00,67043.0
2018-04-03 20:00:00+02:00,66108.0
2018-04-03 21:00:00+02:00,64857.0
2018-04-03 22:00:00+02:00,64298.0
2018-04-03 23:00:00+02:00,63350.0
2018-04-04 00:00:00+02:00,60689.0
2018-04-04 01:00:00+02:00,60146.0
2018-04-04 02:00:00+02:00,59660.0
2018-04-04 03:00:00+02:00,59212.0
2018-04-04 04:00:00+02:00,59410.0
2018-04-04 05:00:00+02:00,60560.0
2018-04-04 06:00:00+02:00,65322.0
2018-04-04 07:00:00+02:00,67853.0
2018-04-04 08:00:00+02:00,68405.0
2018-04-04 09:00:00+02:00,69489.0
2018-04-04 10:00:00+02:00,70230.0
2018-04-04 11:00:00+02:00,71085.0
2018-04-04 12:00:00+02:00,70953.0
2018-04-04 13:00:00+02:00,69863.0
2018-04-04 14:00:00+02:00,69081.0
2018-04-04 15:00:00+02:00,67653.0
2018-04-04 16:00:00+02:00,66667.0
2018-04-04 17:00:00+02:00,66039.0
2018-04-04 18:00:00+02:00,68002.0
2018-04-04 19:00:00+02:00,69560.0
2018-04-04 20:00:00+02:00,69188.0
2018-04-04 21:00:00+02:00,67594.0
2018-04-04 22:00:00+02:00,67115.0
2018-04-04 23:00:00+02:00,66743.0
2018-04-05 00:00:00+02:00,63329.0
2018-04-05 01:00:00+02:00,61898.0
2018-04-05 02:00:00+02:00,60266.0
2018-04-05 03:00:00+02:00,59668.0
2018-04-05 04:00:00+02:00,59343.0
2018-04-05 05:00:00+02:00,60570.0
2018-04-05 06:00:00+02:00,64822.0
2018-04-05 07:00:00+02:00,67875.0
2018-04-05 08:00:00+02:00,70303.0
2018-04-05 09:00:00+02:00,71715.0
2018-04-05 10:00:00+02:00,72934.0
2018-04-05 11:00:00+02:00,72686.0
2018-04-05 12:00:00+02:00,72612.0
2018-04-05 13:00:00+02:00,71779.0
2018-04-05 14:00:00+02:00,70271.0
2018-04-05 15:00:00+02:00,68496.0
2018-04-05 16:00:00+02:00,66759.0
2018-04-05 17:00:00+02:00,64921.0
2018-04-05 18:00:00+02:00,65030.0
2018-04-05 19:00:00+02:00,64846.0
2018-04-05 20:00:00+02:00,64990.0
2018-04-05 21:00:00+02:00,65329.0
2018-04-05 22:00:00+02:00,66047.0
2018-04-05 23:00:00+02:00,65961.0
2018-04-06 00:00:00+02:00,61244.0
2018-04-06 01:00:00+02:00,59493.0
2018-04-06 02:00:00+02:00,57990.0
2018-04-06 03:00:00+02:00,57111.0
2018-04-06 04:00:00+02:00,57429.0
2018-04-06 05:00:00+02:00,59012.0
2018-04-06 06:00:00+02:00,64357.0
2018-04-06 07:00:00+02:00,67354.0
2018-04-06 08:00:00+02:00,68752.0
2018-04-06 09:00:00+02:00,69494.0
2018-04-06 10:00:00+02:00,69776.0
2018-04-06 11:00:00+02:00,69279.0
2018-04-06 12:00:00+02:00,68856.0
2018-04-06 13:00:00+02:00,68230.0
2018-04-06 14:00:00+02:00,66198.0
2018-04-06 15:00:00+02:00,64598.0
2018-04-06 16:00:00+02:00,63298.0
2018-04-06 17:00:00+02:00,63314.0
2018-04-06 18:00:00+02:00,63877.0
2018-04-06 19:00:00+02:00,63724.0
2018-04-06 20:00:00+02:00,64579.0
2018-04-06 21:00:00+02:00,63897.0
2018-04-06 22:00:00+02:00,63630.0
2018-04-06 23:00:00+02:00,62553.0
2018-04-07 00:00:00+02:00,58748.0
2018-04-07 01:00:00+02:00,56259.0
2018-04-07 02:00:00+02:00,55024.0
2018-04-07 03:00:00+02:00,53818.0
2018-04-07 04:00:00+02:00,53065.0
2018-04-07 05:00:00+02:00,53540.0
2018-04-07 06:00:00+02:00,54239.0
2018-04-07 07:00:00+02:00,55267.0
2018-04-07 08:00:00+02:00,56281.0
2018-04-07 09:00:00+02:00,58665.0
2018-04-07 10:00:00+02:00,60522.0
2018-04-07 11:00:00+02:00,60306.0
2018-04-07 12:00:00+02:00,60210.0
2018-04-07 13:00:00+02:00,56810.0
2018-04-07 14:00:00+02:00,55464.0
2018-04-07 15:00:00+02:00,54764.0
2018-04-07 16:00:00+02:00,53712.0
2018-04-07 17:00:00+02:00,55251.0
2018-04-07 18:00:00+02:00,56890.0
2018-04-07 19:00:00+02:00,58041.0
2018-04-07 20:00:00+02:00,58556.0
2018-04-07 21:00:00+02:00,58216.0
2018-04-07 22:00:00+02:00,58375.0
2018-04-07 23:00:00+02:00,57671.0
2018-04-08 00:00:00+02:00,54040.0
2018-04-08 01:00:00+02:00,51284.0
2018-04-08 02:00:00+02:00,50900.0
2018-04-08 03:00:00+02:00,50076.0
2018-04-08 04:00:00+02:00,50189.0
2018-04-08 05:00:00+02:00,50326.0
2018-04-08 06:00:00+02:00,50465.0
2018-04-08 07:00:00+02:00,50803.0
2018-04-08 08:00:00+02:00,51605.0
2018-04-08 09:00:00+02:00,53091.0
2018-04-08 10:00:00+02:00,53685.0
2018-04-08 11:00:00+02:00,54576.0
2018-04-08 12:00:00+02:00,54000.0
2018-04-08 13:00:00+02:00,51152.0
2018-04-08 14:00:00+02:00,49715.0
2018-04-08 15:00:00+02:00,48850.0
2018-04-08 16:00:00+02:00,50607.0
2018-04-08 17:00:00+02:00,51514.0
2018-04-08 18:00:00+02:00,55691.0
2018-04-08 19:00:00+02:00,57525.0
2018-04-08 20:00:00+02:00,59304.0
2018-04-08 21:00:00+02:00,59576.0
2018-04-08 22:00:00+02:00,60245.0
2018-04-08 23:00:00+02:00,60147.0
2018-04-09 00:00:00+02:00,55524.0
2018-04-09 01:00:00+02:00,52412.0
2018-04-09 02:00:00+02:00,51478.0
2018-04-09 03:00:00+02:00,51139.0
2018-04-09 04:00:00+02:00,52062.0
2018-04-09 05:00:00+02:00,54845.0
2018-04-09 06:00:00+02:00,59906.0
2018-04-09 07:00:00+02:00,61772.0
2018-04-09 08:00:00+02:00,62131.0
2018-04-09 09:00:00+02:00,62671.0
2018-04-09 10:00:00+02:00,63227.0
2018-04-09 11:00:00+02:00,63651.0
2018-04-09 12:00:00+02:00,64171.0
2018-04-09 13:00:00+02:00,63893.0
2018-04-09 14:00:00+02:00,62929.0
2018-04-09 15:00:00+02:00,62247.0
2018-04-09 16:00:00+02:00,61664.0
2018-04-09 17:00:00+02:00,61578.0
2018-04-09 18:00:00+02:00,61797.0
2018-04-09 19:00:00+02:00,61882.0
2018-04-09 20:00:00+02:00,62126.0
2018-04-09 21:00:00+02:00,61558.0
2018-04-09 22:00:00+02:00,59909.0
2018-04-09 23:00:00+02:00,58923.0
2018-04-10 00:00:00+02:00,57106.0
2018-04-10 01:00:00+02:00,55347.0
2018-04-10 02:00:00+02:00,54185.0
2018-04-10 03:00:00+02:00,53704.0
2018-04-10 04:00:00+02:00,53883.0
2018-04-10 05:00:00+02:00,56010.0
2018-04-10 06:00:00+02:00,60185.0
2018-04-10 07:00:00+02:00,63579.0
2018-04-10 08:00:00+02:00,64999.0
2018-04-10 09:00:00+02:00,66517.0
2018-04-10 10:00:00+02:00,67529.0
2018-04-10 11:00:00+02:00,67534.0
2018-04-10 12:00:00+02:00,67300.0
2018-04-10 13:00:00+02:00,66691.0
2018-04-10 14:00:00+02:00,66856.0
2018-04-10 15:00:00+02:00,64244.0
2018-04-10 16:00:00+02:00,63282.0
2018-04-10 17:00:00+02:00,63808.0
2018-04-10 18:00:00+02:00,63789.0
2018-04-10 19:00:00+02:00,64822.0
2018-04-10 20:00:00+02:00,64932.0
2018-04-10 21:00:00+02:00,64072.0
2018-04-10 22:00:00+02:00,62832.0
2018-04-10 23:00:00+02:00,61635.0
2018-04-11 00:00:00+02:00,57681.0
2018-04-11 01:00:00+02:00,55918.0
2018-04-11 02:00:00+02:00,54806.0
2018-04-11 03:00:00+02:00,54483.0
2018-04-11 04:00:00+02:00,54774.0
2018-04-11 05:00:00+02:00,56013.0
2018-04-11 06:00:00+02:00,58958.0
2018-04-11 07:00:00+02:00,62064.0
2018-04-11 08:00:00+02:00,63477.0
2018-04-11 09:00:00+02:00,64406.0
2018-04-11 10:00:00+02:00,64942.0
2018-04-11 11:00:00+02:00,64970.0
2018-04-11 12:00:00+02:00,64676.0
2018-04-11 13:00:00+02:00,64131.0
2018-04-11 14:00:00+02:00,62185.0
2018-04-11 15:00:00+02:00,61247.0
2018-04-11 16:00:00+02:00,59954.0
2018-04-11 17:00:00+02:00,59335.0
2018-04-11 18:00:00+02:00,59567.0
2018-04-11 19:00:00+02:00,60607.0
2018-04-11 20:00:00+02:00,61308.0
2018-04-11 21:00:00+02:00,60956.0
2018-04-11 22:00:00+02:00,60191.0
2018-04-11 23:00:00+02:00,60042.0
2018-04-12 00:00:00+02:00,57249.0
2018-04-12 01:00:00+02:00,55672.0
2018-04-12 02:00:00+02:00,54709.0
2018-04-12 03:00:00+02:00,54149.0
2018-04-12 04:00:00+02:00,54085.0
2018-04-12 05:00:00+02:00,55192.0
2018-04-12 06:00:00+02:00,58149.0
2018-04-12 07:00:00+02:00,61481.0
2018-04-12 08:00:00+02:00,63082.0
2018-04-12 09:00:00+02:00,64812.0
2018-04-12 10:00:00+02:00,65304.0
2018-04-12 11:00:00+02:00,65377.0
2018-04-12 12:00:00+02:00,65146.0
2018-04-12 13:00:00+02:00,64950.0
2018-04-12 14:00:00+02:00,64458.0
2018-04-12 15:00:00+02:00,63546.0
2018-04-12 16:00:00+02:00,62978.0
2018-04-12 17:00:00+02:00,62454.0
2018-04-12 18:00:00+02:00,62159.0
2018-04-12 19:00:00+02:00,62460.0
2018-04-12 20:00:00+02:00,62603.0
2018-04-12 21:00:00+02:00,62131.0
2018-04-12 22:00:00+02:00,61466.0
2018-04-12 23:00:00+02:00,61059.0
2018-04-13 00:00:00+02:00,59854.0
2018-04-13 01:00:00+02:00,57060.0
2018-04-13 02:00:00+02:00,56713.0
2018-04-13 03:00:00+02:00,55331.0
2018-04-13 04:00:00+02:00,55165.0
2018-04-13 05:00:00+02:00,55709.0
2018-04-13 06:00:00+02:00,60474.0
2018-04-13 07:00:00+02:00,64149.0
2018-04-13 08:00:00+02:00,65631.0
2018-04-13 09:00:00+02:00,67496.0
2018-04-13 10:00:00+02:00,68353.0
2018-04-13 11:00:00+02:00,68407.0
2018-04-13 12:00:00+02:00,68824.0
2018-04-13 13:00:00+02:00,68647.0
2018-04-13 14:00:00+02:00,65873.0
2018-04-13 15:00:00+02:00,64586.0
2018-04-13 16:00:00+02:00,62936.0
2018-04-13 17:00:00+02:00,62915.0
2018-04-13 18:00:00+02:00,62990.0
2018-04-13 19:00:00+02:00,62606.0
2018-04-13 20:00:00+02:00,62263.0
2018-04-13 21:00:00+02:00,61803.0
2018-04-13 22:00:00+02:00,61700.0
2018-04-13 23:00:00+02:00,61594.0
2018-04-14 00:00:00+02:00,58600.0
2018-04-14 01:00:00+02:00,56407.0
2018-04-14 02:00:00+02:00,54746.0
2018-04-14 03:00:00+02:00,53178.0
2018-04-14 04:00:00+02:00,52988.0
2018-04-14 05:00:00+02:00,53077.0
2018-04-14 06:00:00+02:00,54962.0
2018-04-14 07:00:00+02:00,57102.0
2018-04-14 08:00:00+02:00,58716.0
2018-04-14 09:00:00+02:00,59745.0
2018-04-14 10:00:00+02:00,58756.0
2018-04-14 11:00:00+02:00,58779.0
2018-04-14 12:00:00+02:00,57528.0
2018-04-14 13:00:00+02:00,56656.0
2018-04-14 14:00:00+02:00,55636.0
2018-04-14 15:00:00+02:00,54888.0
2018-04-14 16:00:00+02:00,54303.0
2018-04-14 17:00:00+02:00,55810.0
2018-04-14 18:00:00+02:00,56736.0
2018-04-14 19:00:00+02:00,58605.0
2018-04-14 20:00:00+02:00,59584.0
2018-04-14 21:00:00+02:00,59480.0
2018-04-14 22:00:00+02:00,59877.0
2018-04-14 23:00:00+02:00,59290.0
2018-04-15 00:00:00+02:00,57485.0
2018-04-15 01:00:00+02:00,56154.0
2018-04-15 02:00:00+02:00,54476.0
2018-04-15 03:00:00+02:00,52826.0
2018-04-15 04:00:00+02:00,51526.0
2018-04-15 05:00:00+02:00,51568.0
2018-04-15 06:00:00+02:00,52165.0
2018-04-15 07:00:00+02:00,53092.0
2018-04-15 08:00:00+02:00,53899.0
2018-04-15 09:00:00+02:00,56087.0
2018-04-15 10:00:00+02:00,56200.0
2018-04-15 11:00:00+02:00,56910.0
2018-04-15 12:00:00+02:00,57855.0
2018-04-15 13:00:00+02:00,56648.0
2018-04-15 14:00:00+02:00,55156.0
2018-04-15 15:00:00+02:00,53040.0
2018-04-15 16:00:00+02:00,52661.0
2018-04-15 17:00:00+02:00,53590.0
2018-04-15 18:00:00+02:00,55465.0
2018-04-15 19:00:00+02:00,57020.0
2018-04-15 20:00:00+02:00,58567.0
2018-04-15 21:00:00+02:00,59277.0
2018-04-15 22:00:00+02:00,60271.0
2018-04-15 23:00:00+02:00,59757.0
2018-04-16 00:00:00+02:00,57738.0
2018-04-16 01:00:00+02:00,56190.0
2018-04-16 02:00:00+02:00,54272.0
2018-04-16 03:00:00+02:00,53342.0
2018-04-16 04:00:00+02:00,53376.0
2018-04-16 05:00:00+02:00,55963.0
2018-04-16 06:00:00+02:00,60876.0
2018-04-16 07:00:00+02:00,63046.0
2018-04-16 08:00:00+02:00,64003.0
2018-04-16 09:00:00+02:00,64960.0
2018-04-16 10:00:00+02:00,65611.0
2018-04-16 11:00:00+02:00,65896.0
2018-04-16 12:00:00+02:00,66181.0
2018-04-16 13:00:00+02:00,65920.0
2018-04-16 14:00:00+02:00,65287.0
2018-04-16 15:00:00+02:00,64625.0
2018-04-16 16:00:00+02:00,64217.0
2018-04-16 17:00:00+02:00,64295.0
2018-04-16 18:00:00+02:00,64409.0
2018-04-16 19:00:00+02:00,64199.0
2018-04-16 20:00:00+02:00,62667.0
2018-04-16 21:00:00+02:00,61849.0
2018-04-16 22:00:00+02:00,61768.0
2018-04-16 23:00:00+02:00,60685.0
2018-04-17 00:00:00+02:00,59475.0
2018-04-17 01:00:00+02:00,58121.0
2018-04-17 02:00:00+02:00,56515.0
2018-04-17 03:00:00+02:00,55652.0
2018-04-17 04:00:00+02:00,55707.0
2018-04-17 05:00:00+02:00,58237.0
2018-04-17 06:00:00+02:00,61602.0
2018-04-17 07:00:00+02:00,64388.0
2018-04-17 08:00:00+02:00,65700.0
2018-04-17 09:00:00+02:00,66767.0
2018-04-17 10:00:00+02:00,67041.0
2018-04-17 11:00:00+02:00,66870.0
2018-04-17 12:00:00+02:00,66418.0
2018-04-17 13:00:00+02:00,65956.0
2018-04-17 14:00:00+02:00,65559.0
2018-04-17 15:00:00+02:00,64670.0
2018-04-17 16:00:00+02:00,63691.0
2018-04-17 17:00:00+02:00,63083.0
2018-04-17 18:00:00+02:00,62930.0
2018-04-17 19:00:00+02:00,62635.0
2018-04-17 20:00:00+02:00,62344.0
2018-04-17 21:00:00+02:00,61051.0
2018-04-17 22:00:00+02:00,60414.0
2018-04-17 23:00:00+02:00,59973.0
2018-04-18 00:00:00+02:00,56829.0
2018-04-18 01:00:00+02:00,55806.0
2018-04-18 02:00:00+02:00,55353.0
2018-04-18 03:00:00+02:00,54437.0
2018-04-18 04:00:00+02:00,55029.0
2018-04-18 05:00:00+02:00,56217.0
2018-04-18 06:00:00+02:00,60875.0
2018-04-18 07:00:00+02:00,63068.0
2018-04-18 08:00:00+02:00,64355.0
2018-04-18 09:00:00+02:00,65379.0
2018-04-18 10:00:00+02:00,65454.0
2018-04-18 11:00:00+02:00,66047.0
2018-04-18 12:00:00+02:00,65966.0
2018-04-18 13:00:00+02:00,66284.0
2018-04-18 14:00:00+02:00,66176.0
2018-04-18 15:00:00+02:00,65715.0
2018-04-18 16:00:00+02:00,65071.0
2018-04-18 17:00:00+02:00,65095.0
2018-04-18 18:00:00+02:00,65219.0
2018-04-18 19:00:00+02:00,64778.0
2018-04-18 20:00:00+02:00,64723.0
2018-04-18 21:00:00+02:00,61602.0
2018-04-18 22:00:00+02:00,62095.0
2018-04-18 23:00:00+02:00,62696.0
2018-04-19 00:00:00+02:00,59453.0
2018-04-19 01:00:00+02:00,57736.0
2018-04-19 02:00:00+02:00,56776.0
2018-04-19 03:00:00+02:00,56116.0
2018-04-19 04:00:00+02:00,56080.0
2018-04-19 05:00:00+02:00,56735.0
2018-04-19 06:00:00+02:00,60420.0
2018-04-19 07:00:00+02:00,63333.0
2018-04-19 08:00:00+02:00,64277.0
2018-04-19 09:00:00+02:00,65018.0
2018-04-19 10:00:00+02:00,65577.0
2018-04-19 11:00:00+02:00,65427.0
2018-04-19 12:00:00+02:00,65298.0
2018-04-19 13:00:00+02:00,64897.0
2018-04-19 14:00:00+02:00,64445.0
2018-04-19 15:00:00+02:00,64077.0
2018-04-19 16:00:00+02:00,63239.0
2018-04-19 17:00:00+02:00,63376.0
2018-04-19 18:00:00+02:00,63041.0
2018-04-19 19:00:00+02:00,62530.0
2018-04-19 20:00:00+02:00,62100.0
2018-04-19 21:00:00+02:00,61030.0
2018-04-19 22:00:00+02:00,60323.0
2018-04-19 23:00:00+02:00,59382.0
2018-04-20 00:00:00+02:00,56262.0
2018-04-20 01:00:00+02:00,54099.0
2018-04-20 02:00:00+02:00,53115.0
2018-04-20 03:00:00+02:00,52457.0
2018-04-20 04:00:00+02:00,52416.0
2018-04-20 05:00:00+02:00,54166.0
2018-04-20 06:00:00+02:00,58004.0
2018-04-20 07:00:00+02:00,60681.0
2018-04-20 08:00:00+02:00,61540.0
2018-04-20 09:00:00+02:00,62471.0
2018-04-20 10:00:00+02:00,63351.0
2018-04-20 11:00:00+02:00,63421.0
2018-04-20 12:00:00+02:00,63348.0
2018-04-20 13:00:00+02:00,62077.0
2018-04-20 14:00:00+02:00,61453.0
2018-04-20 15:00:00+02:00,61200.0
2018-04-20 16:00:00+02:00,60905.0
2018-04-20 17:00:00+02:00,61590.0
2018-04-20 18:00:00+02:00,60711.0
2018-04-20 19:00:00+02:00,60711.0
2018-04-20 20:00:00+02:00,61039.0
2018-04-20 21:00:00+02:00,61294.0
2018-04-20 22:00:00+02:00,60245.0
2018-04-20 23:00:00+02:00,59467.0
2018-04-21 00:00:00+02:00,57208.0
2018-04-21 01:00:00+02:00,55073.0
2018-04-21 02:00:00+02:00,52481.0
2018-04-21 03:00:00+02:00,51181.0
2018-04-21 04:00:00+02:00,50536.0
2018-04-21 05:00:00+02:00,50480.0
2018-04-21 06:00:00+02:00,52423.0
2018-04-21 07:00:00+02:00,54623.0
2018-04-21 08:00:00+02:00,57349.0
2018-04-21 09:00:00+02:00,58950.0
2018-04-21 10:00:00+02:00,59173.0
2018-04-21 11:00:00+02:00,58631.0
2018-04-21 12:00:00+02:00,58067.0
2018-04-21 13:00:00+02:00,57442.0
2018-04-21 14:00:00+02:00,57020.0
2018-04-21 15:00:00+02:00,56640.0
2018-04-21 16:00:00+02:00,55813.0
2018-04-21 17:00:00+02:00,55247.0
2018-04-21 18:00:00+02:00,54696.0
2018-04-21 19:00:00+02:00,55235.0
2018-04-21 20:00:00+02:00,57656.0
2018-04-21 21:00:00+02:00,58656.0
2018-04-21 22:00:00+02:00,59270.0
2018-04-21 23:00:00+02:00,58232.0
2018-04-22 00:00:00+02:00,56383.0
2018-04-22 01:00:00+02:00,54713.0
2018-04-22 02:00:00+02:00,52420.0
2018-04-22 03:00:00+02:00,50602.0
2018-04-22 04:00:00+02:00,49335.0
2018-04-22 05:00:00+02:00,48373.0
2018-04-22 06:00:00+02:00,48287.0
2018-04-22 07:00:00+02:00,48617.0
2018-04-22 08:00:00+02:00,49979.0
2018-04-22 09:00:00+02:00,51950.0
2018-04-22 10:00:00+02:00,53221.0
2018-04-22 11:00:00+02:00,53943.0
2018-04-22 12:00:00+02:00,53730.0
2018-04-22 13:00:00+02:00,51116.0
2018-04-22 14:00:00+02:00,48992.0
2018-04-22 15:00:00+02:00,48391.0
2018-04-22 16:00:00+02:00,51572.0
2018-04-22 17:00:00+02:00,52436.0
2018-04-22 18:00:00+02:00,54356.0
2018-04-22 19:00:00+02:00,55031.0
2018-04-22 20:00:00+02:00,55930.0
2018-04-22 21:00:00+02:00,56169.0
2018-04-22 22:00:00+02:00,56768.0
2018-04-22 23:00:00+02:00,56564.0
2018-04-23 00:00:00+02:00,54884.0
2018-04-23 01:00:00+02:00,53566.0
2018-04-23 02:00:00+02:00,52142.0
2018-04-23 03:00:00+02:00,51301.0
2018-04-23 04:00:00+02:00,51184.0
2018-04-23 05:00:00+02:00,53153.0
2018-04-23 06:00:00+02:00,57834.0
2018-04-23 07:00:00+02:00,60250.0
2018-04-23 08:00:00+02:00,62651.0
2018-04-23 09:00:00+02:00,64263.0
2018-04-23 10:00:00+02:00,64421.0
2018-04-23 11:00:00+02:00,64326.0
2018-04-23 12:00:00+02:00,64399.0
2018-04-23 13:00:00+02:00,64281.0
2018-04-23 14:00:00+02:00,62590.0
2018-04-23 15:00:00+02:00,62000.0
2018-04-23 16:00:00+02:00,61508.0
2018-04-23 17:00:00+02:00,62044.0
2018-04-23 18:00:00+02:00,62657.0
2018-04-23 19:00:00+02:00,62470.0
2018-04-23 20:00:00+02:00,62534.0
2018-04-23 21:00:00+02:00,62081.0
2018-04-23 22:00:00+02:00,61504.0
2018-04-23 23:00:00+02:00,60147.0
2018-04-24 00:00:00+02:00,56353.0
2018-04-24 01:00:00+02:00,53580.0
2018-04-24 02:00:00+02:00,52527.0
2018-04-24 03:00:00+02:00,51954.0
2018-04-24 04:00:00+02:00,51938.0
2018-04-24 05:00:00+02:00,53279.0
2018-04-24 06:00:00+02:00,57991.0
2018-04-24 07:00:00+02:00,60629.0
2018-04-24 08:00:00+02:00,60872.0
2018-04-24 09:00:00+02:00,61846.0
2018-04-24 10:00:00+02:00,61966.0
2018-04-24 11:00:00+02:00,61086.0
2018-04-24 12:00:00+02:00,60914.0
2018-04-24 13:00:00+02:00,61268.0
2018-04-24 14:00:00+02:00,61015.0
2018-04-24 15:00:00+02:00,60469.0
2018-04-24 16:00:00+02:00,59780.0
2018-04-24 17:00:00+02:00,60666.0
2018-04-24 18:00:00+02:00,61320.0
2018-04-24 19:00:00+02:00,61376.0
2018-04-24 20:00:00+02:00,61561.0
2018-04-24 21:00:00+02:00,60999.0
2018-04-24 22:00:00+02:00,60705.0
2018-04-24 23:00:00+02:00,59758.0
2018-04-25 00:00:00+02:00,57579.0
2018-04-25 01:00:00+02:00,55094.0
2018-04-25 02:00:00+02:00,54231.0
2018-04-25 03:00:00+02:00,53057.0
2018-04-25 04:00:00+02:00,52780.0
2018-04-25 05:00:00+02:00,54081.0
2018-04-25 06:00:00+02:00,57001.0
2018-04-25 07:00:00+02:00,61214.0
2018-04-25 08:00:00+02:00,62558.0
2018-04-25 09:00:00+02:00,63644.0
2018-04-25 10:00:00+02:00,63894.0
2018-04-25 11:00:00+02:00,63738.0
2018-04-25 12:00:00+02:00,63733.0
2018-04-25 13:00:00+02:00,64057.0
2018-04-25 14:00:00+02:00,64168.0
2018-04-25 15:00:00+02:00,64137.0
2018-04-25 16:00:00+02:00,62920.0
2018-04-25 17:00:00+02:00,62124.0
2018-04-25 18:00:00+02:00,63972.0
2018-04-25 19:00:00+02:00,63564.0
2018-04-25 20:00:00+02:00,62708.0
2018-04-25 21:00:00+02:00,62493.0
2018-04-25 22:00:00+02:00,62777.0
2018-04-25 23:00:00+02:00,61174.0
2018-04-26 00:00:00+02:00,57143.0
2018-04-26 01:00:00+02:00,54454.0
2018-04-26 02:00:00+02:00,53367.0
2018-04-26 03:00:00+02:00,53204.0
2018-04-26 04:00:00+02:00,53260.0
2018-04-26 05:00:00+02:00,56780.0
2018-04-26 06:00:00+02:00,62012.0
2018-04-26 07:00:00+02:00,64365.0
2018-04-26 08:00:00+02:00,64965.0
2018-04-26 09:00:00+02:00,66641.0
2018-04-26 10:00:00+02:00,67368.0
2018-04-26 11:00:00+02:00,67758.0
2018-04-26 12:00:00+02:00,67605.0
2018-04-26 13:00:00+02:00,66986.0
2018-04-26 14:00:00+02:00,66255.0
2018-04-26 15:00:00+02:00,64778.0
2018-04-26 16:00:00+02:00,64182.0
2018-04-26 17:00:00+02:00,64384.0
2018-04-26 18:00:00+02:00,64412.0
2018-04-26 19:00:00+02:00,64223.0
2018-04-26 20:00:00+02:00,63693.0
2018-04-26 21:00:00+02:00,63112.0
2018-04-26 22:00:00+02:00,62914.0
2018-04-26 23:00:00+02:00,62305.0
2018-04-27 00:00:00+02:00,59310.0
2018-04-27 01:00:00+02:00,57850.0
2018-04-27 02:00:00+02:00,57151.0
2018-04-27 03:00:00+02:00,56718.0
2018-04-27 04:00:00+02:00,57704.0
2018-04-27 05:00:00+02:00,59195.0
2018-04-27 06:00:00+02:00,61933.0
2018-04-27 07:00:00+02:00,64005.0
2018-04-27 08:00:00+02:00,65550.0
2018-04-27 09:00:00+02:00,66879.0
2018-04-27 10:00:00+02:00,67946.0
2018-04-27 11:00:00+02:00,68003.0
2018-04-27 12:00:00+02:00,68475.0
2018-04-27 13:00:00+02:00,68231.0
2018-04-27 14:00:00+02:00,67785.0
2018-04-27 15:00:00+02:00,66717.0
2018-04-27 16:00:00+02:00,65843.0
2018-04-27 17:00:00+02:00,65231.0
2018-04-27 18:00:00+02:00,64793.0
2018-04-27 19:00:00+02:00,65558.0
2018-04-27 20:00:00+02:00,65331.0
2018-04-27 21:00:00+02:00,65400.0
2018-04-27 22:00:00+02:00,65440.0
2018-04-27 23:00:00+02:00,65167.0
2018-04-28 00:00:00+02:00,61160.0
2018-04-28 01:00:00+02:00,57817.0
2018-04-28 02:00:00+02:00,55124.0
2018-04-28 03:00:00+02:00,53093.0
2018-04-28 04:00:00+02:00,51968.0
2018-04-28 05:00:00+02:00,51734.0
2018-04-28 06:00:00+02:00,52789.0
2018-04-28 07:00:00+02:00,54501.0
2018-04-28 08:00:00+02:00,57007.0
2018-04-28 09:00:00+02:00,58459.0
2018-04-28 10:00:00+02:00,58402.0
2018-04-28 11:00:00+02:00,57208.0
2018-04-28 12:00:00+02:00,57101.0
2018-04-28 13:00:00+02:00,56588.0
2018-04-28 14:00:00+02:00,54125.0
2018-04-28 15:00:00+02:00,53248.0
2018-04-28 16:00:00+02:00,52747.0
2018-04-28 17:00:00+02:00,54175.0
2018-04-28 18:00:00+02:00,55991.0
2018-04-28 19:00:00+02:00,57508.0
2018-04-28 20:00:00+02:00,57767.0
2018-04-28 21:00:00+02:00,58239.0
2018-04-28 22:00:00+02:00,58615.0
2018-04-28 23:00:00+02:00,58574.0
2018-04-29 00:00:00+02:00,54015.0
2018-04-29 01:00:00+02:00,53195.0
2018-04-29 02:00:00+02:00,51662.0
2018-04-29 03:00:00+02:00,49740.0
2018-04-29 04:00:00+02:00,47171.0
2018-04-29 05:00:00+02:00,46884.0
2018-04-29 06:00:00+02:00,47227.0
2018-04-29 07:00:00+02:00,47844.0
2018-04-29 08:00:00+02:00,49586.0
2018-04-29 09:00:00+02:00,50970.0
2018-04-29 10:00:00+02:00,52662.0
2018-04-29 11:00:00+02:00,53244.0
2018-04-29 12:00:00+02:00,54101.0
2018-04-29 13:00:00+02:00,53493.0
2018-04-29 14:00:00+02:00,52169.0
2018-04-29 15:00:00+02:00,50200.0
2018-04-29 16:00:00+02:00,49626.0
2018-04-29 17:00:00+02:00,49826.0
2018-04-29 18:00:00+02:00,52968.0
2018-04-29 19:00:00+02:00,56307.0
2018-04-29 20:00:00+02:00,57854.0
2018-04-29 21:00:00+02:00,57839.0
2018-04-29 22:00:00+02:00,58148.0
2018-04-29 23:00:00+02:00,58167.0
2018-04-30 00:00:00+02:00,56357.0
2018-04-30 01:00:00+02:00,54480.0
2018-04-30 02:00:00+02:00,53513.0
2018-04-30 03:00:00+02:00,52077.0
2018-04-30 04:00:00+02:00,51839.0
2018-04-30 05:00:00+02:00,53288.0
2018-04-30 06:00:00+02:00,56507.0
2018-04-30 07:00:00+02:00,60451.0
2018-04-30 08:00:00+02:00,62962.0
2018-04-30 09:00:00+02:00,65421.0
2018-04-30 10:00:00+02:00,66150.0
2018-04-30 11:00:00+02:00,65227.0
2018-04-30 12:00:00+02:00,64707.0
2018-04-30 13:00:00+02:00,63755.0
2018-04-30 14:00:00+02:00,62213.0
2018-04-30 15:00:00+02:00,61130.0
2018-04-30 16:00:00+02:00,59989.0
2018-04-30 17:00:00+02:00,61674.0
2018-04-30 18:00:00+02:00,62531.0
2018-04-30 19:00:00+02:00,62583.0
2018-04-30 20:00:00+02:00,61522.0
2018-04-30 21:00:00+02:00,60601.0
2018-04-30 22:00:00+02:00,59286.0
2018-04-30 23:00:00+02:00,58328.0
2018-05-01 00:00:00+02:00,53130.0
2018-05-01 01:00:00+02:00,50667.0
2018-05-01 02:00:00+02:00,49779.0
2018-05-01 03:00:00+02:00,47752.0
2018-05-01 04:00:00+02:00,47161.0
2018-05-01 05:00:00+02:00,46976.0
2018-05-01 06:00:00+02:00,46937.0
2018-05-01 07:00:00+02:00,47577.0
2018-05-01 08:00:00+02:00,49754.0
2018-05-01 09:00:00+02:00,51665.0
2018-05-01 10:00:00+02:00,53073.0
2018-05-01 11:00:00+02:00,53213.0
2018-05-01 12:00:00+02:00,52236.0
2018-05-01 13:00:00+02:00,48479.0
2018-05-01 14:00:00+02:00,46293.0
2018-05-01 15:00:00+02:00,45467.0
2018-05-01 16:00:00+02:00,45307.0
2018-05-01 17:00:00+02:00,47679.0
2018-05-01 18:00:00+02:00,54206.0
2018-05-01 19:00:00+02:00,56541.0
2018-05-01 20:00:00+02:00,58339.0
2018-05-01 21:00:00+02:00,59139.0
2018-05-01 22:00:00+02:00,59637.0
2018-05-01 23:00:00+02:00,59681.0
2018-05-02 00:00:00+02:00,58725.0
2018-05-02 01:00:00+02:00,56508.0
2018-05-02 02:00:00+02:00,55527.0
2018-05-02 03:00:00+02:00,55520.0
2018-05-02 04:00:00+02:00,55689.0
2018-05-02 05:00:00+02:00,57291.0
2018-05-02 06:00:00+02:00,60389.0
2018-05-02 07:00:00+02:00,62479.0
2018-05-02 08:00:00+02:00,64268.0
2018-05-02 09:00:00+02:00,65406.0
2018-05-02 10:00:00+02:00,67049.0
2018-05-02 11:00:00+02:00,67533.0
2018-05-02 12:00:00+02:00,68636.0
2018-05-02 13:00:00+02:00,68601.0
2018-05-02 14:00:00+02:00,68291.0
2018-05-02 15:00:00+02:00,67475.0
2018-05-02 16:00:00+02:00,66663.0
2018-05-02 17:00:00+02:00,66747.0
2018-05-02 18:00:00+02:00,65989.0
2018-05-02 19:00:00+02:00,65879.0
2018-05-02 20:00:00+02:00,65471.0
2018-05-02 21:00:00+02:00,64908.0
2018-05-02 22:00:00+02:00,64653.0
2018-05-02 23:00:00+02:00,62917.0
2018-05-03 00:00:00+02:00,60422.0
2018-05-03 01:00:00+02:00,59480.0
2018-05-03 02:00:00+02:00,57871.0
2018-05-03 03:00:00+02:00,56432.0
2018-05-03 04:00:00+02:00,56751.0
2018-05-03 05:00:00+02:00,59718.0
2018-05-03 06:00:00+02:00,62637.0
2018-05-03 07:00:00+02:00,64224.0
2018-05-03 08:00:00+02:00,64353.0
2018-05-03 09:00:00+02:00,65370.0
2018-05-03 10:00:00+02:00,66100.0
2018-05-03 11:00:00+02:00,66373.0
2018-05-03 12:00:00+02:00,66495.0
2018-05-03 13:00:00+02:00,66467.0
2018-05-03 14:00:00+02:00,64992.0
2018-05-03 15:00:00+02:00,64165.0
2018-05-03 16:00:00+02:00,63663.0
2018-05-03 17:00:00+02:00,64087.0
2018-05-03 18:00:00+02:00,64720.0
2018-05-03 19:00:00+02:00,64912.0
2018-05-03 20:00:00+02:00,64613.0
2018-05-03 21:00:00+02:00,63809.0
2018-05-03 22:00:00+02:00,64352.0
2018-05-03 23:00:00+02:00,64434.0
2018-05-04 00:00:00+02:00,62204.0
2018-05-04 01:00:00+02:00,60804.0
2018-05-04 02:00:00+02:00,58941.0
2018-05-04 03:00:00+02:00,56868.0
2018-05-04 04:00:00+02:00,56718.0
2018-05-04 05:00:00+02:00,58856.0
2018-05-04 06:00:00+02:00,61857.0
2018-05-04 07:00:00+02:00,65484.0
2018-05-04 08:00:00+02:00,66828.0
2018-05-04 09:00:00+02:00,67843.0
2018-05-04 10:00:00+02:00,68495.0
2018-05-04 11:00:00+02:00,68550.0
2018-05-04 12:00:00+02:00,68323.0
2018-05-04 13:00:00+02:00,68259.0
2018-05-04 14:00:00+02:00,68013.0
2018-05-04 15:00:00+02:00,67024.0
2018-05-04 16:00:00+02:00,65199.0
2018-05-04 17:00:00+02:00,64328.0
2018-05-04 18:00:00+02:00,63943.0
2018-05-04 19:00:00+02:00,64262.0
2018-05-04 20:00:00+02:00,63782.0
2018-05-04 21:00:00+02:00,63678.0
2018-05-04 22:00:00+02:00,64060.0
2018-05-04 23:00:00+02:00,62695.0
2018-05-05 00:00:00+02:00,57489.0
2018-05-05 01:00:00+02:00,55822.0
2018-05-05 02:00:00+02:00,54479.0
2018-05-05 03:00:00+02:00,52804.0
2018-05-05 04:00:00+02:00,51725.0
2018-05-05 05:00:00+02:00,52331.0
2018-05-05 06:00:00+02:00,54286.0
2018-05-05 07:00:00+02:00,55188.0
2018-05-05 08:00:00+02:00,56581.0
2018-05-05 09:00:00+02:00,57098.0
2018-05-05 10:00:00+02:00,56254.0
2018-05-05 11:00:00+02:00,55600.0
2018-05-05 12:00:00+02:00,55805.0
2018-05-05 13:00:00+02:00,54396.0
2018-05-05 14:00:00+02:00,53387.0
2018-05-05 15:00:00+02:00,53039.0
2018-05-05 16:00:00+02:00,52542.0
2018-05-05 17:00:00+02:00,53172.0
2018-05-05 18:00:00+02:00,54274.0
2018-05-05 19:00:00+02:00,55584.0
2018-05-05 20:00:00+02:00,55616.0
2018-05-05 21:00:00+02:00,56005.0
2018-05-05 22:00:00+02:00,56625.0
2018-05-05 23:00:00+02:00,55217.0
2018-05-06 00:00:00+02:00,53786.0
2018-05-06 01:00:00+02:00,50387.0
2018-05-06 02:00:00+02:00,48502.0
2018-05-06 03:00:00+02:00,47580.0
2018-05-06 04:00:00+02:00,46936.0
2018-05-06 05:00:00+02:00,46260.0
2018-05-06 06:00:00+02:00,45992.0
2018-05-06 07:00:00+02:00,46299.0
2018-05-06 08:00:00+02:00,47387.0
2018-05-06 09:00:00+02:00,49165.0
2018-05-06 10:00:00+02:00,50117.0
2018-05-06 11:00:00+02:00,50067.0
2018-05-06 12:00:00+02:00,50396.0
2018-05-06 13:00:00+02:00,49669.0
2018-05-06 14:00:00+02:00,47538.0
2018-05-06 15:00:00+02:00,46097.0
2018-05-06 16:00:00+02:00,46713.0
2018-05-06 17:00:00+02:00,47393.0
2018-05-06 18:00:00+02:00,50840.0
2018-05-06 19:00:00+02:00,52965.0
2018-05-06 20:00:00+02:00,53272.0
2018-05-06 21:00:00+02:00,54021.0
2018-05-06 22:00:00+02:00,55130.0
2018-05-06 23:00:00+02:00,55949.0
2018-05-07 00:00:00+02:00,52188.0
2018-05-07 01:00:00+02:00,49746.0
2018-05-07 02:00:00+02:00,48825.0
2018-05-07 03:00:00+02:00,48507.0
2018-05-07 04:00:00+02:00,48673.0
2018-05-07 05:00:00+02:00,50811.0
2018-05-07 06:00:00+02:00,54954.0
2018-05-07 07:00:00+02:00,57442.0
2018-05-07 08:00:00+02:00,59228.0
2018-05-07 09:00:00+02:00,59722.0
2018-05-07 10:00:00+02:00,60040.0
2018-05-07 11:00:00+02:00,60679.0
2018-05-07 12:00:00+02:00,60371.0
2018-05-07 13:00:00+02:00,59937.0
2018-05-07 14:00:00+02:00,58574.0
2018-05-07 15:00:00+02:00,57879.0
2018-05-07 16:00:00+02:00,57754.0
2018-05-07 17:00:00+02:00,58680.0
2018-05-07 18:00:00+02:00,59175.0
2018-05-07 19:00:00+02:00,59074.0
2018-05-07 20:00:00+02:00,58634.0
2018-05-07 21:00:00+02:00,57779.0
2018-05-07 22:00:00+02:00,57960.0
2018-05-07 23:00:00+02:00,57252.0
2018-05-08 00:00:00+02:00,53209.0
2018-05-08 01:00:00+02:00,51199.0
2018-05-08 02:00:00+02:00,49900.0
2018-05-08 03:00:00+02:00,48220.0
2018-05-08 04:00:00+02:00,47939.0
2018-05-08 05:00:00+02:00,48350.0
2018-05-08 06:00:00+02:00,49229.0
2018-05-08 07:00:00+02:00,50505.0
2018-05-08 08:00:00+02:00,52711.0
2018-05-08 09:00:00+02:00,55329.0
2018-05-08 10:00:00+02:00,56609.0
2018-05-08 11:00:00+02:00,56489.0
2018-05-08 12:00:00+02:00,56428.0
2018-05-08 13:00:00+02:00,55522.0
2018-05-08 14:00:00+02:00,54612.0
2018-05-08 15:00:00+02:00,54295.0
2018-05-08 16:00:00+02:00,54379.0
2018-05-08 17:00:00+02:00,54806.0
2018-05-08 18:00:00+02:00,55401.0
2018-05-08 19:00:00+02:00,57174.0
2018-05-08 20:00:00+02:00,57229.0
2018-05-08 21:00:00+02:00,57331.0
2018-05-08 22:00:00+02:00,58049.0
2018-05-08 23:00:00+02:00,57361.0
2018-05-09 00:00:00+02:00,54423.0
2018-05-09 01:00:00+02:00,52072.0
2018-05-09 02:00:00+02:00,50395.0
2018-05-09 03:00:00+02:00,49874.0
2018-05-09 04:00:00+02:00,50268.0
2018-05-09 05:00:00+02:00,51873.0
2018-05-09 06:00:00+02:00,55028.0
2018-05-09 07:00:00+02:00,57383.0
2018-05-09 08:00:00+02:00,58784.0
2018-05-09 09:00:00+02:00,59731.0
2018-05-09 10:00:00+02:00,60551.0
2018-05-09 11:00:00+02:00,60656.0
2018-05-09 12:00:00+02:00,60763.0
2018-05-09 13:00:00+02:00,60809.0
2018-05-09 14:00:00+02:00,59868.0
2018-05-09 15:00:00+02:00,58951.0
2018-05-09 16:00:00+02:00,58492.0
2018-05-09 17:00:00+02:00,59161.0
2018-05-09 18:00:00+02:00,59424.0
2018-05-09 19:00:00+02:00,59794.0
2018-05-09 20:00:00+02:00,58371.0
2018-05-09 21:00:00+02:00,58128.0
2018-05-09 22:00:00+02:00,58580.0
2018-05-09 23:00:00+02:00,57332.0
2018-05-10 00:00:00+02:00,55552.0
2018-05-10 01:00:00+02:00,52739.0
2018-05-10 02:00:00+02:00,51753.0
2018-05-10 03:00:00+02:00,50549.0
2018-05-10 04:00:00+02:00,49206.0
2018-05-10 05:00:00+02:00,49292.0
2018-05-10 06:00:00+02:00,49268.0
2018-05-10 07:00:00+02:00,50712.0
2018-05-10 08:00:00+02:00,53565.0
2018-05-10 09:00:00+02:00,55760.0
2018-05-10 10:00:00+02:00,57331.0
2018-05-10 11:00:00+02:00,58842.0
2018-05-10 12:00:00+02:00,59196.0
2018-05-10 13:00:00+02:00,57658.0
2018-05-10 14:00:00+02:00,54700.0
2018-05-10 15:00:00+02:00,53667.0
2018-05-10 16:00:00+02:00,52841.0
2018-05-10 17:00:00+02:00,54066.0
2018-05-10 18:00:00+02:00,54400.0
2018-05-10 19:00:00+02:00,55949.0
2018-05-10 20:00:00+02:00,56344.0
2018-05-10 21:00:00+02:00,56141.0
2018-05-10 22:00:00+02:00,58022.0
2018-05-10 23:00:00+02:00,57877.0
2018-05-11 00:00:00+02:00,53357.0
2018-05-11 01:00:00+02:00,51386.0
2018-05-11 02:00:00+02:00,50308.0
2018-05-11 03:00:00+02:00,49230.0
2018-05-11 04:00:00+02:00,49552.0
2018-05-11 05:00:00+02:00,51264.0
2018-05-11 06:00:00+02:00,53738.0
2018-05-11 07:00:00+02:00,56327.0
2018-05-11 08:00:00+02:00,58872.0
2018-05-11 09:00:00+02:00,60733.0
2018-05-11 10:00:00+02:00,61662.0
2018-05-11 11:00:00+02:00,62338.0
2018-05-11 12:00:00+02:00,62640.0
2018-05-11 13:00:00+02:00,61939.0
2018-05-11 14:00:00+02:00,61054.0
2018-05-11 15:00:00+02:00,60102.0
2018-05-11 16:00:00+02:00,59002.0
2018-05-11 17:00:00+02:00,58573.0
2018-05-11 18:00:00+02:00,58764.0
2018-05-11 19:00:00+02:00,59044.0
2018-05-11 20:00:00+02:00,57751.0
2018-05-11 21:00:00+02:00,57104.0
2018-05-11 22:00:00+02:00,57702.0
2018-05-11 23:00:00+02:00,57502.0
2018-05-12 00:00:00+02:00,55052.0
2018-05-12 01:00:00+02:00,53496.0
2018-05-12 02:00:00+02:00,51822.0
2018-05-12 03:00:00+02:00,50430.0
2018-05-12 04:00:00+02:00,50324.0
2018-05-12 05:00:00+02:00,50551.0
2018-05-12 06:00:00+02:00,51306.0
2018-05-12 07:00:00+02:00,52770.0
2018-05-12 08:00:00+02:00,55698.0
2018-05-12 09:00:00+02:00,57512.0
2018-05-12 10:00:00+02:00,58276.0
2018-05-12 11:00:00+02:00,58485.0
2018-05-12 12:00:00+02:00,57744.0
2018-05-12 13:00:00+02:00,56155.0
2018-05-12 14:00:00+02:00,54854.0
2018-05-12 15:00:00+02:00,54016.0
2018-05-12 16:00:00+02:00,53466.0
2018-05-12 17:00:00+02:00,54679.0
2018-05-12 18:00:00+02:00,56266.0
2018-05-12 19:00:00+02:00,57428.0
2018-05-12 20:00:00+02:00,57581.0
2018-05-12 21:00:00+02:00,57565.0
2018-05-12 22:00:00+02:00,57927.0
2018-05-12 23:00:00+02:00,57904.0
2018-05-13 00:00:00+02:00,54164.0
2018-05-13 01:00:00+02:00,52072.0
2018-05-13 02:00:00+02:00,50623.0
2018-05-13 03:00:00+02:00,48843.0
2018-05-13 04:00:00+02:00,47885.0
2018-05-13 05:00:00+02:00,46566.0
2018-05-13 06:00:00+02:00,46911.0
2018-05-13 07:00:00+02:00,48685.0
2018-05-13 08:00:00+02:00,50348.0
2018-05-13 09:00:00+02:00,51316.0
2018-05-13 10:00:00+02:00,52035.0
2018-05-13 11:00:00+02:00,52883.0
2018-05-13 12:00:00+02:00,53516.0
2018-05-13 13:00:00+02:00,52368.0
2018-05-13 14:00:00+02:00,49932.0
2018-05-13 15:00:00+02:00,49409.0
2018-05-13 16:00:00+02:00,49211.0
2018-05-13 17:00:00+02:00,51213.0
2018-05-13 18:00:00+02:00,53107.0
2018-05-13 19:00:00+02:00,55497.0
2018-05-13 20:00:00+02:00,56833.0
2018-05-13 21:00:00+02:00,58163.0
2018-05-13 22:00:00+02:00,59092.0
2018-05-13 23:00:00+02:00,58436.0
2018-05-14 00:00:00+02:00,56376.0
2018-05-14 01:00:00+02:00,54019.0
2018-05-14 02:00:00+02:00,55008.0
2018-05-14 03:00:00+02:00,54796.0
2018-05-14 04:00:00+02:00,55080.0
2018-05-14 05:00:00+02:00,56487.0
2018-05-14 06:00:00+02:00,61485.0
2018-05-14 07:00:00+02:00,63995.0
2018-05-14 08:00:00+02:00,64869.0
2018-05-14 09:00:00+02:00,66668.0
2018-05-14 10:00:00+02:00,68013.0
2018-05-14 11:00:00+02:00,68426.0
2018-05-14 12:00:00+02:00,68469.0
2018-05-14 13:00:00+02:00,68200.0
2018-05-14 14:00:00+02:00,67721.0
2018-05-14 15:00:00+02:00,67176.0
2018-05-14 16:00:00+02:00,66475.0
2018-05-14 17:00:00+02:00,65671.0
2018-05-14 18:00:00+02:00,65391.0
2018-05-14 19:00:00+02:00,65212.0
2018-05-14 20:00:00+02:00,64420.0
2018-05-14 21:00:00+02:00,64106.0
2018-05-14 22:00:00+02:00,65040.0
2018-05-14 23:00:00+02:00,64446.0
2018-05-15 00:00:00+02:00,61771.0
2018-05-15 01:00:00+02:00,59335.0
2018-05-15 02:00:00+02:00,58291.0
2018-05-15 03:00:00+02:00,57548.0
2018-05-15 04:00:00+02:00,57527.0
2018-05-15 05:00:00+02:00,59237.0
2018-05-15 06:00:00+02:00,62139.0
2018-05-15 07:00:00+02:00,64723.0
2018-05-15 08:00:00+02:00,65460.0
2018-05-15 09:00:00+02:00,66207.0
2018-05-15 10:00:00+02:00,67240.0
2018-05-15 11:00:00+02:00,67557.0
2018-05-15 12:00:00+02:00,67842.0
2018-05-15 13:00:00+02:00,67777.0
2018-05-15 14:00:00+02:00,67190.0
2018-05-15 15:00:00+02:00,66729.0
2018-05-15 16:00:00+02:00,66410.0
2018-05-15 17:00:00+02:00,66104.0
2018-05-15 18:00:00+02:00,66078.0
2018-05-15 19:00:00+02:00,65615.0
2018-05-15 20:00:00+02:00,64668.0
2018-05-15 21:00:00+02:00,64037.0
2018-05-15 22:00:00+02:00,63557.0
2018-05-15 23:00:00+02:00,63047.0
2018-05-16 00:00:00+02:00,61381.0
2018-05-16 01:00:00+02:00,60135.0
2018-05-16 02:00:00+02:00,58675.0
2018-05-16 03:00:00+02:00,57259.0
2018-05-16 04:00:00+02:00,56976.0
2018-05-16 05:00:00+02:00,57960.0
2018-05-16 06:00:00+02:00,61202.0
2018-05-16 07:00:00+02:00,63532.0
2018-05-16 08:00:00+02:00,64358.0
2018-05-16 09:00:00+02:00,65829.0
2018-05-16 10:00:00+02:00,66956.0
2018-05-16 11:00:00+02:00,68394.0
2018-05-16 12:00:00+02:00,69214.0
2018-05-16 13:00:00+02:00,69062.0
2018-05-16 14:00:00+02:00,69329.0
2018-05-16 15:00:00+02:00,69227.0
2018-05-16 16:00:00+02:00,68017.0
2018-05-16 17:00:00+02:00,66424.0
2018-05-16 18:00:00+02:00,66779.0
2018-05-16 19:00:00+02:00,66552.0
2018-05-16 20:00:00+02:00,65085.0
2018-05-16 21:00:00+02:00,64325.0
2018-05-16 22:00:00+02:00,64708.0
2018-05-16 23:00:00+02:00,64610.0
2018-05-17 00:00:00+02:00,62440.0
2018-05-17 01:00:00+02:00,59985.0
2018-05-17 02:00:00+02:00,57849.0
2018-05-17 03:00:00+02:00,57158.0
2018-05-17 04:00:00+02:00,57150.0
2018-05-17 05:00:00+02:00,58437.0
2018-05-17 06:00:00+02:00,61687.0
2018-05-17 07:00:00+02:00,64875.0
2018-05-17 08:00:00+02:00,66457.0
2018-05-17 09:00:00+02:00,67615.0
2018-05-17 10:00:00+02:00,67917.0
2018-05-17 11:00:00+02:00,68258.0
2018-05-17 12:00:00+02:00,68372.0
2018-05-17 13:00:00+02:00,67893.0
2018-05-17 14:00:00+02:00,67417.0
2018-05-17 15:00:00+02:00,67029.0
2018-05-17 16:00:00+02:00,66222.0
2018-05-17 17:00:00+02:00,66216.0
2018-05-17 18:00:00+02:00,66232.0
2018-05-17 19:00:00+02:00,66099.0
2018-05-17 20:00:00+02:00,65223.0
2018-05-17 21:00:00+02:00,64317.0
2018-05-17 22:00:00+02:00,64614.0
2018-05-17 23:00:00+02:00,63431.0
2018-05-18 00:00:00+02:00,61455.0
2018-05-18 01:00:00+02:00,59298.0
2018-05-18 02:00:00+02:00,58066.0
2018-05-18 03:00:00+02:00,57282.0
2018-05-18 04:00:00+02:00,56975.0
2018-05-18 05:00:00+02:00,57544.0
2018-05-18 06:00:00+02:00,61097.0
2018-05-18 07:00:00+02:00,63949.0
2018-05-18 08:00:00+02:00,65185.0
2018-05-18 09:00:00+02:00,66542.0
2018-05-18 10:00:00+02:00,67600.0
2018-05-18 11:00:00+02:00,67987.0
2018-05-18 12:00:00+02:00,67652.0
2018-05-18 13:00:00+02:00,67247.0
2018-05-18 14:00:00+02:00,66566.0
2018-05-18 15:00:00+02:00,65833.0
2018-05-18 16:00:00+02:00,65006.0
2018-05-18 17:00:00+02:00,64141.0
2018-05-18 18:00:00+02:00,64036.0
2018-05-18 19:00:00+02:00,63530.0
2018-05-18 20:00:00+02:00,63041.0
2018-05-18 21:00:00+02:00,62708.0
2018-05-18 22:00:00+02:00,63598.0
2018-05-18 23:00:00+02:00,63181.0
2018-05-19 00:00:00+02:00,58548.0
2018-05-19 01:00:00+02:00,58235.0
2018-05-19 02:00:00+02:00,56086.0
2018-05-19 03:00:00+02:00,53595.0
2018-05-19 04:00:00+02:00,52755.0
2018-05-19 05:00:00+02:00,52534.0
2018-05-19 06:00:00+02:00,52618.0
2018-05-19 07:00:00+02:00,53542.0
2018-05-19 08:00:00+02:00,57677.0
2018-05-19 09:00:00+02:00,60165.0
2018-05-19 10:00:00+02:00,61463.0
2018-05-19 11:00:00+02:00,61927.0
2018-05-19 12:00:00+02:00,62811.0
2018-05-19 13:00:00+02:00,62699.0
2018-05-19 14:00:00+02:00,60611.0
2018-05-19 15:00:00+02:00,59301.0
2018-05-19 16:00:00+02:00,57877.0
2018-05-19 17:00:00+02:00,57302.0
2018-05-19 18:00:00+02:00,57571.0
2018-05-19 19:00:00+02:00,58103.0
2018-05-19 20:00:00+02:00,57928.0
2018-05-19 21:00:00+02:00,58447.0
2018-05-19 22:00:00+02:00,60281.0
2018-05-19 23:00:00+02:00,60668.0
2018-05-20 00:00:00+02:00,55420.0
2018-05-20 01:00:00+02:00,53009.0
2018-05-20 02:00:00+02:00,52568.0
2018-05-20 03:00:00+02:00,50209.0
2018-05-20 04:00:00+02:00,49457.0
2018-05-20 05:00:00+02:00,48963.0
2018-05-20 06:00:00+02:00,48549.0
2018-05-20 07:00:00+02:00,48910.0
2018-05-20 08:00:00+02:00,49940.0
2018-05-20 09:00:00+02:00,52503.0
2018-05-20 10:00:00+02:00,53873.0
2018-05-20 11:00:00+02:00,54723.0
2018-05-20 12:00:00+02:00,55067.0
2018-05-20 13:00:00+02:00,54569.0
2018-05-20 14:00:00+02:00,51189.0
2018-05-20 15:00:00+02:00,50686.0
2018-05-20 16:00:00+02:00,50331.0
2018-05-20 17:00:00+02:00,51012.0
2018-05-20 18:00:00+02:00,52888.0
2018-05-20 19:00:00+02:00,53901.0
2018-05-20 20:00:00+02:00,53546.0
2018-05-20 21:00:00+02:00,53322.0
2018-05-20 22:00:00+02:00,54549.0
2018-05-20 23:00:00+02:00,55570.0
2018-05-21 00:00:00+02:00,51254.0
2018-05-21 01:00:00+02:00,49789.0
2018-05-21 02:00:00+02:00,48411.0
2018-05-21 03:00:00+02:00,46743.0
2018-05-21 04:00:00+02:00,45854.0
2018-05-21 05:00:00+02:00,45824.0
2018-05-21 06:00:00+02:00,47391.0
2018-05-21 07:00:00+02:00,49563.0
2018-05-21 08:00:00+02:00,51210.0
2018-05-21 09:00:00+02:00,53626.0
2018-05-21 10:00:00+02:00,53757.0
2018-05-21 11:00:00+02:00,54055.0
2018-05-21 12:00:00+02:00,53432.0
2018-05-21 13:00:00+02:00,50437.0
2018-05-21 14:00:00+02:00,48558.0
2018-05-21 15:00:00+02:00,48726.0
2018-05-21 16:00:00+02:00,49893.0
2018-05-21 17:00:00+02:00,54738.0
2018-05-21 18:00:00+02:00,56753.0
2018-05-21 19:00:00+02:00,58061.0
2018-05-21 20:00:00+02:00,58140.0
2018-05-21 21:00:00+02:00,58124.0
2018-05-21 22:00:00+02:00,59384.0
2018-05-21 23:00:00+02:00,59277.0
2018-05-22 00:00:00+02:00,57195.0
2018-05-22 01:00:00+02:00,55188.0
2018-05-22 02:00:00+02:00,53913.0
2018-05-22 03:00:00+02:00,52574.0
2018-05-22 04:00:00+02:00,52054.0
2018-05-22 05:00:00+02:00,54164.0
2018-05-22 06:00:00+02:00,59062.0
2018-05-22 07:00:00+02:00,61588.0
2018-05-22 08:00:00+02:00,62952.0
2018-05-22 09:00:00+02:00,64460.0
2018-05-22 10:00:00+02:00,65162.0
2018-05-22 11:00:00+02:00,65403.0
2018-05-22 12:00:00+02:00,65154.0
2018-05-22 13:00:00+02:00,64719.0
2018-05-22 14:00:00+02:00,64777.0
2018-05-22 15:00:00+02:00,64319.0
2018-05-22 16:00:00+02:00,64078.0
2018-05-22 17:00:00+02:00,64970.0
2018-05-22 18:00:00+02:00,65682.0
2018-05-22 19:00:00+02:00,65492.0
2018-05-22 20:00:00+02:00,64092.0
2018-05-22 21:00:00+02:00,62811.0
2018-05-22 22:00:00+02:00,62744.0
2018-05-22 23:00:00+02:00,61271.0
2018-05-23 00:00:00+02:00,57014.0
2018-05-23 01:00:00+02:00,55335.0
2018-05-23 02:00:00+02:00,54325.0
2018-05-23 03:00:00+02:00,53480.0
2018-05-23 04:00:00+02:00,53548.0
2018-05-23 05:00:00+02:00,54347.0
2018-05-23 06:00:00+02:00,58567.0
2018-05-23 07:00:00+02:00,62042.0
2018-05-23 08:00:00+02:00,63197.0
2018-05-23 09:00:00+02:00,64721.0
2018-05-23 10:00:00+02:00,66315.0
2018-05-23 11:00:00+02:00,67451.0
2018-05-23 12:00:00+02:00,67552.0
2018-05-23 13:00:00+02:00,66857.0
2018-05-23 14:00:00+02:00,65948.0
2018-05-23 15:00:00+02:00,65091.0
2018-05-23 16:00:00+02:00,64239.0
2018-05-23 17:00:00+02:00,64250.0
2018-05-23 18:00:00+02:00,64625.0
2018-05-23 19:00:00+02:00,64806.0
2018-05-23 20:00:00+02:00,63712.0
2018-05-23 21:00:00+02:00,62051.0
2018-05-23 22:00:00+02:00,62191.0
2018-05-23 23:00:00+02:00,62274.0
2018-05-24 00:00:00+02:00,55281.0
2018-05-24 01:00:00+02:00,53315.0
2018-05-24 02:00:00+02:00,52738.0
2018-05-24 03:00:00+02:00,52194.0
2018-05-24 04:00:00+02:00,51799.0
2018-05-24 05:00:00+02:00,52686.0
2018-05-24 06:00:00+02:00,56411.0
2018-05-24 07:00:00+02:00,59875.0
2018-05-24 08:00:00+02:00,61830.0
2018-05-24 09:00:00+02:00,62686.0
2018-05-24 10:00:00+02:00,63280.0
2018-05-24 11:00:00+02:00,63850.0
2018-05-24 12:00:00+02:00,63792.0
2018-05-24 13:00:00+02:00,63610.0
2018-05-24 14:00:00+02:00,62836.0
2018-05-24 15:00:00+02:00,62711.0
2018-05-24 16:00:00+02:00,62272.0
2018-05-24 17:00:00+02:00,61838.0
2018-05-24 18:00:00+02:00,62024.0
2018-05-24 19:00:00+02:00,61265.0
2018-05-24 20:00:00+02:00,60060.0
2018-05-24 21:00:00+02:00,59252.0
2018-05-24 22:00:00+02:00,59347.0
2018-05-24 23:00:00+02:00,58402.0
2018-05-25 00:00:00+02:00,55930.0
2018-05-25 01:00:00+02:00,53801.0
2018-05-25 02:00:00+02:00,53614.0
2018-05-25 03:00:00+02:00,51773.0
2018-05-25 04:00:00+02:00,51801.0
2018-05-25 05:00:00+02:00,52983.0
2018-05-25 06:00:00+02:00,56741.0
2018-05-25 07:00:00+02:00,61432.0
2018-05-25 08:00:00+02:00,63646.0
2018-05-25 09:00:00+02:00,65074.0
2018-05-25 10:00:00+02:00,66236.0
2018-05-25 11:00:00+02:00,66179.0
2018-05-25 12:00:00+02:00,64971.0
2018-05-25 13:00:00+02:00,64843.0
2018-05-25 14:00:00+02:00,63768.0
2018-05-25 15:00:00+02:00,62453.0
2018-05-25 16:00:00+02:00,61656.0
2018-05-25 17:00:00+02:00,62823.0
2018-05-25 18:00:00+02:00,63137.0
2018-05-25 19:00:00+02:00,62552.0
2018-05-25 20:00:00+02:00,61832.0
2018-05-25 21:00:00+02:00,61738.0
2018-05-25 22:00:00+02:00,62363.0
2018-05-25 23:00:00+02:00,60621.0
2018-05-26 00:00:00+02:00,55496.0
2018-05-26 01:00:00+02:00,53023.0
2018-05-26 02:00:00+02:00,51671.0
2018-05-26 03:00:00+02:00,49341.0
2018-05-26 04:00:00+02:00,48133.0
2018-05-26 05:00:00+02:00,48458.0
2018-05-26 06:00:00+02:00,49158.0
2018-05-26 07:00:00+02:00,50840.0
2018-05-26 08:00:00+02:00,53730.0
2018-05-26 09:00:00+02:00,55837.0
2018-05-26 10:00:00+02:00,56951.0
2018-05-26 11:00:00+02:00,57113.0
2018-05-26 12:00:00+02:00,56844.0
2018-05-26 13:00:00+02:00,55525.0
2018-05-26 14:00:00+02:00,54583.0
2018-05-26 15:00:00+02:00,54403.0
2018-05-26 16:00:00+02:00,54268.0
2018-05-26 17:00:00+02:00,54404.0
2018-05-26 18:00:00+02:00,55429.0
2018-05-26 19:00:00+02:00,55215.0
2018-05-26 20:00:00+02:00,54555.0
2018-05-26 21:00:00+02:00,54425.0
2018-05-26 22:00:00+02:00,55216.0
2018-05-26 23:00:00+02:00,55158.0
2018-05-27 00:00:00+02:00,51950.0
2018-05-27 01:00:00+02:00,49950.0
2018-05-27 02:00:00+02:00,49114.0
2018-05-27 03:00:00+02:00,47818.0
2018-05-27 04:00:00+02:00,46405.0
2018-05-27 05:00:00+02:00,45234.0
2018-05-27 06:00:00+02:00,44864.0
2018-05-27 07:00:00+02:00,45759.0
2018-05-27 08:00:00+02:00,47074.0
2018-05-27 09:00:00+02:00,49795.0
2018-05-27 10:00:00+02:00,51210.0
2018-05-27 11:00:00+02:00,51810.0
2018-05-27 12:00:00+02:00,52457.0
2018-05-27 13:00:00+02:00,52430.0
2018-05-27 14:00:00+02:00,51877.0
2018-05-27 15:00:00+02:00,50908.0
2018-05-27 16:00:00+02:00,50082.0
2018-05-27 17:00:00+02:00,52102.0
2018-05-27 18:00:00+02:00,54660.0
2018-05-27 19:00:00+02:00,55832.0
2018-05-27 20:00:00+02:00,54513.0
2018-05-27 21:00:00+02:00,54017.0
2018-05-27 22:00:00+02:00,55638.0
2018-05-27 23:00:00+02:00,57231.0
2018-05-28 00:00:00+02:00,52979.0
2018-05-28 01:00:00+02:00,51305.0
2018-05-28 02:00:00+02:00,50587.0
2018-05-28 03:00:00+02:00,50348.0
2018-05-28 04:00:00+02:00,50452.0
2018-05-28 05:00:00+02:00,51835.0
2018-05-28 06:00:00+02:00,55411.0
2018-05-28 07:00:00+02:00,58823.0
2018-05-28 08:00:00+02:00,60783.0
2018-05-28 09:00:00+02:00,62402.0
2018-05-28 10:00:00+02:00,63928.0
2018-05-28 11:00:00+02:00,64766.0
2018-05-28 12:00:00+02:00,63895.0
2018-05-28 13:00:00+02:00,63862.0
2018-05-28 14:00:00+02:00,63341.0
2018-05-28 15:00:00+02:00,62595.0
2018-05-28 16:00:00+02:00,62182.0
2018-05-28 17:00:00+02:00,62213.0
2018-05-28 18:00:00+02:00,62863.0
2018-05-28 19:00:00+02:00,62603.0
2018-05-28 20:00:00+02:00,61069.0
2018-05-28 21:00:00+02:00,60071.0
2018-05-28 22:00:00+02:00,60278.0
2018-05-28 23:00:00+02:00,59993.0
2018-05-29 00:00:00+02:00,56736.0
2018-05-29 01:00:00+02:00,54685.0
2018-05-29 02:00:00+02:00,53507.0
2018-05-29 03:00:00+02:00,52587.0
2018-05-29 04:00:00+02:00,52435.0
2018-05-29 05:00:00+02:00,52684.0
2018-05-29 06:00:00+02:00,55926.0
2018-05-29 07:00:00+02:00,58151.0
2018-05-29 08:00:00+02:00,59782.0
2018-05-29 09:00:00+02:00,61289.0
2018-05-29 10:00:00+02:00,62207.0
2018-05-29 11:00:00+02:00,62892.0
2018-05-29 12:00:00+02:00,63124.0
2018-05-29 13:00:00+02:00,63192.0
2018-05-29 14:00:00+02:00,62474.0
2018-05-29 15:00:00+02:00,62013.0
2018-05-29 16:00:00+02:00,61348.0
2018-05-29 17:00:00+02:00,61464.0
2018-05-29 18:00:00+02:00,61629.0
2018-05-29 19:00:00+02:00,60637.0
2018-05-29 20:00:00+02:00,58672.0
2018-05-29 21:00:00+02:00,58021.0
2018-05-29 22:00:00+02:00,58871.0
2018-05-29 23:00:00+02:00,57765.0
2018-05-30 00:00:00+02:00,56514.0
2018-05-30 01:00:00+02:00,54213.0
2018-05-30 02:00:00+02:00,53418.0
2018-05-30 03:00:00+02:00,52650.0
2018-05-30 04:00:00+02:00,52496.0
2018-05-30 05:00:00+02:00,52900.0
2018-05-30 06:00:00+02:00,55998.0
2018-05-30 07:00:00+02:00,59225.0
2018-05-30 08:00:00+02:00,61900.0
2018-05-30 09:00:00+02:00,62865.0
2018-05-30 10:00:00+02:00,64137.0
2018-05-30 11:00:00+02:00,64466.0
2018-05-30 12:00:00+02:00,63834.0
2018-05-30 13:00:00+02:00,63883.0
2018-05-30 14:00:00+02:00,63422.0
2018-05-30 15:00:00+02:00,62670.0
2018-05-30 16:00:00+02:00,62329.0
2018-05-30 17:00:00+02:00,61992.0
2018-05-30 18:00:00+02:00,61972.0
2018-05-30 19:00:00+02:00,61752.0
2018-05-30 20:00:00+02:00,60247.0
2018-05-30 21:00:00+02:00,59699.0
2018-05-30 22:00:00+02:00,60673.0
2018-05-30 23:00:00+02:00,58932.0
2018-05-31 00:00:00+02:00,57248.0
2018-05-31 01:00:00+02:00,55668.0
2018-05-31 02:00:00+02:00,54633.0
2018-05-31 03:00:00+02:00,52424.0
2018-05-31 04:00:00+02:00,52111.0
2018-05-31 05:00:00+02:00,52357.0
2018-05-31 06:00:00+02:00,53832.0
2018-05-31 07:00:00+02:00,57274.0
2018-05-31 08:00:00+02:00,59620.0
2018-05-31 09:00:00+02:00,61776.0
2018-05-31 10:00:00+02:00,62905.0
2018-05-31 11:00:00+02:00,63951.0
2018-05-31 12:00:00+02:00,64095.0
2018-05-31 13:00:00+02:00,63683.0
2018-05-31 14:00:00+02:00,63384.0
2018-05-31 15:00:00+02:00,62811.0
2018-05-31 16:00:00+02:00,61500.0
2018-05-31 17:00:00+02:00,60607.0
2018-05-31 18:00:00+02:00,61336.0
2018-05-31 19:00:00+02:00,60681.0
2018-05-31 20:00:00+02:00,59265.0
2018-05-31 21:00:00+02:00,58770.0
2018-05-31 22:00:00+02:00,59476.0
2018-05-31 23:00:00+02:00,58097.0
2018-06-01 00:00:00+02:00,56385.0
2018-06-01 01:00:00+02:00,54696.0
2018-06-01 02:00:00+02:00,53437.0
2018-06-01 03:00:00+02:00,51114.0
2018-06-01 04:00:00+02:00,50728.0
2018-06-01 05:00:00+02:00,51074.0
2018-06-01 06:00:00+02:00,55105.0
2018-06-01 07:00:00+02:00,60180.0
2018-06-01 08:00:00+02:00,62415.0
2018-06-01 09:00:00+02:00,64017.0
2018-06-01 10:00:00+02:00,65038.0
2018-06-01 11:00:00+02:00,65664.0
2018-06-01 12:00:00+02:00,66022.0
2018-06-01 13:00:00+02:00,65152.0
2018-06-01 14:00:00+02:00,64657.0
2018-06-01 15:00:00+02:00,63627.0
2018-06-01 16:00:00+02:00,62571.0
2018-06-01 17:00:00+02:00,62045.0
2018-06-01 18:00:00+02:00,62043.0
2018-06-01 19:00:00+02:00,61374.0
2018-06-01 20:00:00+02:00,59363.0
2018-06-01 21:00:00+02:00,58436.0
2018-06-01 22:00:00+02:00,58536.0
2018-06-01 23:00:00+02:00,58058.0
2018-06-02 00:00:00+02:00,55672.0
2018-06-02 01:00:00+02:00,54056.0
2018-06-02 02:00:00+02:00,50099.0
2018-06-02 03:00:00+02:00,48708.0
2018-06-02 04:00:00+02:00,47374.0
2018-06-02 05:00:00+02:00,47333.0
2018-06-02 06:00:00+02:00,48001.0
2018-06-02 07:00:00+02:00,49640.0
2018-06-02 08:00:00+02:00,51952.0
2018-06-02 09:00:00+02:00,54291.0
2018-06-02 10:00:00+02:00,55589.0
2018-06-02 11:00:00+02:00,56760.0
2018-06-02 12:00:00+02:00,58482.0
2018-06-02 13:00:00+02:00,58076.0
2018-06-02 14:00:00+02:00,56276.0
2018-06-02 15:00:00+02:00,54920.0
2018-06-02 16:00:00+02:00,54009.0
2018-06-02 17:00:00+02:00,53720.0
2018-06-02 18:00:00+02:00,54334.0
2018-06-02 19:00:00+02:00,54310.0
2018-06-02 20:00:00+02:00,52803.0
2018-06-02 21:00:00+02:00,53239.0
2018-06-02 22:00:00+02:00,56923.0
2018-06-02 23:00:00+02:00,57300.0
2018-06-03 00:00:00+02:00,54480.0
2018-06-03 01:00:00+02:00,51388.0
2018-06-03 02:00:00+02:00,49776.0
2018-06-03 03:00:00+02:00,46630.0
2018-06-03 04:00:00+02:00,45397.0
2018-06-03 05:00:00+02:00,45035.0
2018-06-03 06:00:00+02:00,45416.0
2018-06-03 07:00:00+02:00,46256.0
2018-06-03 08:00:00+02:00,47911.0
2018-06-03 09:00:00+02:00,50146.0
2018-06-03 10:00:00+02:00,51329.0
2018-06-03 11:00:00+02:00,53036.0
2018-06-03 12:00:00+02:00,54072.0
2018-06-03 13:00:00+02:00,53483.0
2018-06-03 14:00:00+02:00,53162.0
2018-06-03 15:00:00+02:00,52321.0
2018-06-03 16:00:00+02:00,51577.0
2018-06-03 17:00:00+02:00,51653.0
2018-06-03 18:00:00+02:00,53643.0
2018-06-03 19:00:00+02:00,54124.0
2018-06-03 20:00:00+02:00,54093.0
2018-06-03 21:00:00+02:00,54183.0
2018-06-03 22:00:00+02:00,57256.0
2018-06-03 23:00:00+02:00,57320.0
2018-06-04 00:00:00+02:00,55554.0
2018-06-04 01:00:00+02:00,52764.0
2018-06-04 02:00:00+02:00,49670.0
2018-06-04 03:00:00+02:00,48750.0
2018-06-04 04:00:00+02:00,48652.0
2018-06-04 05:00:00+02:00,51292.0
2018-06-04 06:00:00+02:00,55305.0
2018-06-04 07:00:00+02:00,58566.0
2018-06-04 08:00:00+02:00,60137.0
2018-06-04 09:00:00+02:00,61584.0
2018-06-04 10:00:00+02:00,62223.0
2018-06-04 11:00:00+02:00,62568.0
2018-06-04 12:00:00+02:00,62840.0
2018-06-04 13:00:00+02:00,62883.0
2018-06-04 14:00:00+02:00,62084.0
2018-06-04 15:00:00+02:00,61487.0
2018-06-04 16:00:00+02:00,61369.0
2018-06-04 17:00:00+02:00,61939.0
2018-06-04 18:00:00+02:00,61844.0
2018-06-04 19:00:00+02:00,61562.0
2018-06-04 20:00:00+02:00,60599.0
2018-06-04 21:00:00+02:00,59761.0
2018-06-04 22:00:00+02:00,59690.0
2018-06-04 23:00:00+02:00,59082.0
2018-06-05 00:00:00+02:00,55400.0
2018-06-05 01:00:00+02:00,54547.0
2018-06-05 02:00:00+02:00,53065.0
2018-06-05 03:00:00+02:00,52231.0
2018-06-05 04:00:00+02:00,52010.0
2018-06-05 05:00:00+02:00,53129.0
2018-06-05 06:00:00+02:00,55695.0
2018-06-05 07:00:00+02:00,59236.0
2018-06-05 08:00:00+02:00,61007.0
2018-06-05 09:00:00+02:00,62022.0
2018-06-05 10:00:00+02:00,62290.0
2018-06-05 11:00:00+02:00,62548.0
2018-06-05 12:00:00+02:00,63128.0
2018-06-05 13:00:00+02:00,62800.0
2018-06-05 14:00:00+02:00,62031.0
2018-06-05 15:00:00+02:00,61248.0
2018-06-05 16:00:00+02:00,60727.0
2018-06-05 17:00:00+02:00,61329.0
2018-06-05 18:00:00+02:00,62410.0
2018-06-05 19:00:00+02:00,62080.0
2018-06-05 20:00:00+02:00,60882.0
2018-06-05 21:00:00+02:00,60069.0
2018-06-05 22:00:00+02:00,60148.0
2018-06-05 23:00:00+02:00,59114.0
2018-06-06 00:00:00+02:00,59051.0
2018-06-06 01:00:00+02:00,57773.0
2018-06-06 02:00:00+02:00,56306.0
2018-06-06 03:00:00+02:00,54914.0
2018-06-06 04:00:00+02:00,54633.0
2018-06-06 05:00:00+02:00,55263.0
2018-06-06 06:00:00+02:00,58876.0
2018-06-06 07:00:00+02:00,61269.0
2018-06-06 08:00:00+02:00,62197.0
2018-06-06 09:00:00+02:00,63264.0
2018-06-06 10:00:00+02:00,63409.0
2018-06-06 11:00:00+02:00,63231.0
2018-06-06 12:00:00+02:00,62957.0
2018-06-06 13:00:00+02:00,62364.0
2018-06-06 14:00:00+02:00,61726.0
2018-06-06 15:00:00+02:00,61160.0
2018-06-06 16:00:00+02:00,60583.0
2018-06-06 17:00:00+02:00,61463.0
2018-06-06 18:00:00+02:00,62505.0
2018-06-06 19:00:00+02:00,62064.0
2018-06-06 20:00:00+02:00,60931.0
2018-06-06 21:00:00+02:00,59396.0
2018-06-06 22:00:00+02:00,59551.0
2018-06-06 23:00:00+02:00,59009.0
2018-06-07 00:00:00+02:00,56013.0
2018-06-07 01:00:00+02:00,54251.0
2018-06-07 02:00:00+02:00,53101.0
2018-06-07 03:00:00+02:00,51957.0
2018-06-07 04:00:00+02:00,52150.0
2018-06-07 05:00:00+02:00,53805.0
2018-06-07 06:00:00+02:00,56977.0
2018-06-07 07:00:00+02:00,60025.0
2018-06-07 08:00:00+02:00,61490.0
2018-06-07 09:00:00+02:00,63017.0
2018-06-07 10:00:00+02:00,63853.0
2018-06-07 11:00:00+02:00,63840.0
2018-06-07 12:00:00+02:00,63862.0
2018-06-07 13:00:00+02:00,63835.0
2018-06-07 14:00:00+02:00,63305.0
2018-06-07 15:00:00+02:00,62802.0
2018-06-07 16:00:00+02:00,62425.0
2018-06-07 17:00:00+02:00,63316.0
2018-06-07 18:00:00+02:00,64009.0
2018-06-07 19:00:00+02:00,63150.0
2018-06-07 20:00:00+02:00,61835.0
2018-06-07 21:00:00+02:00,60987.0
2018-06-07 22:00:00+02:00,60000.0
2018-06-07 23:00:00+02:00,58666.0
2018-06-08 00:00:00+02:00,56559.0
2018-06-08 01:00:00+02:00,54627.0
2018-06-08 02:00:00+02:00,53452.0
2018-06-08 03:00:00+02:00,51928.0
2018-06-08 04:00:00+02:00,51661.0
2018-06-08 05:00:00+02:00,53150.0
2018-06-08 06:00:00+02:00,56688.0
2018-06-08 07:00:00+02:00,60891.0
2018-06-08 08:00:00+02:00,62288.0
2018-06-08 09:00:00+02:00,64020.0
2018-06-08 10:00:00+02:00,64802.0
2018-06-08 11:00:00+02:00,65460.0
2018-06-08 12:00:00+02:00,65482.0
2018-06-08 13:00:00+02:00,64988.0
2018-06-08 14:00:00+02:00,63683.0
2018-06-08 15:00:00+02:00,62970.0
2018-06-08 16:00:00+02:00,62773.0
2018-06-08 17:00:00+02:00,64024.0
2018-06-08 18:00:00+02:00,63232.0
2018-06-08 19:00:00+02:00,62790.0
2018-06-08 20:00:00+02:00,61148.0
2018-06-08 21:00:00+02:00,60310.0
2018-06-08 22:00:00+02:00,60628.0
2018-06-08 23:00:00+02:00,60509.0
2018-06-09 00:00:00+02:00,56302.0
2018-06-09 01:00:00+02:00,54431.0
2018-06-09 02:00:00+02:00,51489.0
2018-06-09 03:00:00+02:00,49659.0
2018-06-09 04:00:00+02:00,48926.0
2018-06-09 05:00:00+02:00,48984.0
2018-06-09 06:00:00+02:00,49805.0
2018-06-09 07:00:00+02:00,51389.0
2018-06-09 08:00:00+02:00,54575.0
2018-06-09 09:00:00+02:00,56283.0
2018-06-09 10:00:00+02:00,57793.0
2018-06-09 11:00:00+02:00,58467.0
2018-06-09 12:00:00+02:00,58665.0
2018-06-09 13:00:00+02:00,57473.0
2018-06-09 14:00:00+02:00,57127.0
2018-06-09 15:00:00+02:00,56456.0
2018-06-09 16:00:00+02:00,56450.0
2018-06-09 17:00:00+02:00,56290.0
2018-06-09 18:00:00+02:00,57576.0
2018-06-09 19:00:00+02:00,56839.0
2018-06-09 20:00:00+02:00,55590.0
2018-06-09 21:00:00+02:00,55601.0
2018-06-09 22:00:00+02:00,56788.0
2018-06-09 23:00:00+02:00,57412.0
2018-06-10 00:00:00+02:00,54089.0
2018-06-10 01:00:00+02:00,51150.0
2018-06-10 02:00:00+02:00,50186.0
2018-06-10 03:00:00+02:00,48842.0
2018-06-10 04:00:00+02:00,47876.0
2018-06-10 05:00:00+02:00,47724.0
2018-06-10 06:00:00+02:00,47877.0
2018-06-10 07:00:00+02:00,48878.0
2018-06-10 08:00:00+02:00,50432.0
2018-06-10 09:00:00+02:00,52708.0
2018-06-10 10:00:00+02:00,54650.0
2018-06-10 11:00:00+02:00,55957.0
2018-06-10 12:00:00+02:00,56562.0
2018-06-10 13:00:00+02:00,55653.0
2018-06-10 14:00:00+02:00,54482.0
2018-06-10 15:00:00+02:00,53500.0
2018-06-10 16:00:00+02:00,53027.0
2018-06-10 17:00:00+02:00,53723.0
2018-06-10 18:00:00+02:00,55056.0
2018-06-10 19:00:00+02:00,56275.0
2018-06-10 20:00:00+02:00,55664.0
2018-06-10 21:00:00+02:00,55969.0
2018-06-10 22:00:00+02:00,58200.0
2018-06-10 23:00:00+02:00,57516.0
2018-06-11 00:00:00+02:00,54717.0
2018-06-11 01:00:00+02:00,52403.0
2018-06-11 02:00:00+02:00,50678.0
2018-06-11 03:00:00+02:00,50110.0
2018-06-11 04:00:00+02:00,50280.0
2018-06-11 05:00:00+02:00,50927.0
2018-06-11 06:00:00+02:00,54734.0
2018-06-11 07:00:00+02:00,58460.0
2018-06-11 08:00:00+02:00,61079.0
2018-06-11 09:00:00+02:00,62379.0
2018-06-11 10:00:00+02:00,63120.0
2018-06-11 11:00:00+02:00,63484.0
2018-06-11 12:00:00+02:00,63583.0
2018-06-11 13:00:00+02:00,63361.0
2018-06-11 14:00:00+02:00,62911.0
2018-06-11 15:00:00+02:00,62429.0
2018-06-11 16:00:00+02:00,61990.0
2018-06-11 17:00:00+02:00,62534.0
2018-06-11 18:00:00+02:00,62635.0
2018-06-11 19:00:00+02:00,62371.0
2018-06-11 20:00:00+02:00,60733.0
2018-06-11 21:00:00+02:00,59675.0
2018-06-11 22:00:00+02:00,59719.0
2018-06-11 23:00:00+02:00,58178.0
2018-06-12 00:00:00+02:00,56772.0
2018-06-12 01:00:00+02:00,55561.0
2018-06-12 02:00:00+02:00,54170.0
2018-06-12 03:00:00+02:00,53581.0
2018-06-12 04:00:00+02:00,53946.0
2018-06-12 05:00:00+02:00,54856.0
2018-06-12 06:00:00+02:00,57773.0
2018-06-12 07:00:00+02:00,60494.0
2018-06-12 08:00:00+02:00,62545.0
2018-06-12 09:00:00+02:00,63932.0
2018-06-12 10:00:00+02:00,64828.0
2018-06-12 11:00:00+02:00,65160.0
2018-06-12 12:00:00+02:00,65542.0
2018-06-12 13:00:00+02:00,64950.0
2018-06-12 14:00:00+02:00,64054.0
2018-06-12 15:00:00+02:00,63580.0
2018-06-12 16:00:00+02:00,63265.0
2018-06-12 17:00:00+02:00,63289.0
2018-06-12 18:00:00+02:00,62850.0
2018-06-12 19:00:00+02:00,62218.0
2018-06-12 20:00:00+02:00,60851.0
2018-06-12 21:00:00+02:00,60410.0
2018-06-12 22:00:00+02:00,60162.0
2018-06-12 23:00:00+02:00,59271.0
2018-06-13 00:00:00+02:00,57409.0
2018-06-13 01:00:00+02:00,55866.0
2018-06-13 02:00:00+02:00,54971.0
2018-06-13 03:00:00+02:00,53339.0
2018-06-13 04:00:00+02:00,52987.0
2018-06-13 05:00:00+02:00,53392.0
2018-06-13 06:00:00+02:00,55909.0
2018-06-13 07:00:00+02:00,59398.0
2018-06-13 08:00:00+02:00,60715.0
2018-06-13 09:00:00+02:00,62384.0
2018-06-13 10:00:00+02:00,63536.0
2018-06-13 11:00:00+02:00,64542.0
2018-06-13 12:00:00+02:00,64630.0
2018-06-13 13:00:00+02:00,64481.0
2018-06-13 14:00:00+02:00,63829.0
2018-06-13 15:00:00+02:00,63051.0
2018-06-13 16:00:00+02:00,62364.0
2018-06-13 17:00:00+02:00,62007.0
2018-06-13 18:00:00+02:00,61698.0
2018-06-13 19:00:00+02:00,60644.0
2018-06-13 20:00:00+02:00,59222.0
2018-06-13 21:00:00+02:00,58162.0
2018-06-13 22:00:00+02:00,58877.0
2018-06-13 23:00:00+02:00,58542.0
2018-06-14 00:00:00+02:00,56243.0
2018-06-14 01:00:00+02:00,54217.0
2018-06-14 02:00:00+02:00,52664.0
2018-06-14 03:00:00+02:00,50398.0
2018-06-14 04:00:00+02:00,50230.0
2018-06-14 05:00:00+02:00,50716.0
2018-06-14 06:00:00+02:00,54530.0
2018-06-14 07:00:00+02:00,57826.0
2018-06-14 08:00:00+02:00,59336.0
2018-06-14 09:00:00+02:00,60753.0
2018-06-14 10:00:00+02:00,61657.0
2018-06-14 11:00:00+02:00,62018.0
2018-06-14 12:00:00+02:00,62249.0
2018-06-14 13:00:00+02:00,62453.0
2018-06-14 14:00:00+02:00,62268.0
2018-06-14 15:00:00+02:00,61635.0
2018-06-14 16:00:00+02:00,60913.0
2018-06-14 17:00:00+02:00,60337.0
2018-06-14 18:00:00+02:00,59944.0
2018-06-14 19:00:00+02:00,59485.0
2018-06-14 20:00:00+02:00,58577.0
2018-06-14 21:00:00+02:00,57685.0
2018-06-14 22:00:00+02:00,58399.0
2018-06-14 23:00:00+02:00,57797.0
2018-06-15 00:00:00+02:00,55698.0
2018-06-15 01:00:00+02:00,53954.0
2018-06-15 02:00:00+02:00,52884.0
2018-06-15 03:00:00+02:00,51733.0
2018-06-15 04:00:00+02:00,50952.0
2018-06-15 05:00:00+02:00,51260.0
2018-06-15 06:00:00+02:00,55057.0
2018-06-15 07:00:00+02:00,58282.0
2018-06-15 08:00:00+02:00,59401.0
2018-06-15 09:00:00+02:00,60400.0
2018-06-15 10:00:00+02:00,61607.0
2018-06-15 11:00:00+02:00,62104.0
2018-06-15 12:00:00+02:00,62273.0
2018-06-15 13:00:00+02:00,62120.0
2018-06-15 14:00:00+02:00,61744.0
2018-06-15 15:00:00+02:00,60870.0
2018-06-15 16:00:00+02:00,60763.0
2018-06-15 17:00:00+02:00,60934.0
2018-06-15 18:00:00+02:00,61296.0
2018-06-15 19:00:00+02:00,60486.0
2018-06-15 20:00:00+02:00,59062.0
2018-06-15 21:00:00+02:00,58404.0
2018-06-15 22:00:00+02:00,59249.0
2018-06-15 23:00:00+02:00,58620.0
2018-06-16 00:00:00+02:00,55009.0
2018-06-16 01:00:00+02:00,53338.0
2018-06-16 02:00:00+02:00,51169.0
2018-06-16 03:00:00+02:00,48516.0
2018-06-16 04:00:00+02:00,48378.0
2018-06-16 05:00:00+02:00,48371.0
2018-06-16 06:00:00+02:00,48727.0
2018-06-16 07:00:00+02:00,50564.0
2018-06-16 08:00:00+02:00,54307.0
2018-06-16 09:00:00+02:00,56356.0
2018-06-16 10:00:00+02:00,57392.0
2018-06-16 11:00:00+02:00,57939.0
2018-06-16 12:00:00+02:00,58521.0
2018-06-16 13:00:00+02:00,58823.0
2018-06-16 14:00:00+02:00,58019.0
2018-06-16 15:00:00+02:00,56914.0
2018-06-16 16:00:00+02:00,56411.0
2018-06-16 17:00:00+02:00,57491.0
2018-06-16 18:00:00+02:00,58268.0
2018-06-16 19:00:00+02:00,57568.0
2018-06-16 20:00:00+02:00,57068.0
2018-06-16 21:00:00+02:00,56567.0
2018-06-16 22:00:00+02:00,56929.0
2018-06-16 23:00:00+02:00,56889.0
2018-06-17 00:00:00+02:00,53081.0
2018-06-17 01:00:00+02:00,51106.0
2018-06-17 02:00:00+02:00,49772.0
2018-06-17 03:00:00+02:00,47892.0
2018-06-17 04:00:00+02:00,46631.0
2018-06-17 05:00:00+02:00,45780.0
2018-06-17 06:00:00+02:00,45890.0
2018-06-17 07:00:00+02:00,46819.0
2018-06-17 08:00:00+02:00,48319.0
2018-06-17 09:00:00+02:00,50242.0
2018-06-17 10:00:00+02:00,51365.0
2018-06-17 11:00:00+02:00,52626.0
2018-06-17 12:00:00+02:00,53972.0
2018-06-17 13:00:00+02:00,53703.0
2018-06-17 14:00:00+02:00,51923.0
2018-06-17 15:00:00+02:00,52006.0
2018-06-17 16:00:00+02:00,51948.0
2018-06-17 17:00:00+02:00,53668.0
2018-06-17 18:00:00+02:00,56204.0
2018-06-17 19:00:00+02:00,57677.0
2018-06-17 20:00:00+02:00,57330.0
2018-06-17 21:00:00+02:00,57029.0
2018-06-17 22:00:00+02:00,59216.0
2018-06-17 23:00:00+02:00,59696.0
2018-06-18 00:00:00+02:00,56167.0
2018-06-18 01:00:00+02:00,54587.0
2018-06-18 02:00:00+02:00,52834.0
2018-06-18 03:00:00+02:00,51919.0
2018-06-18 04:00:00+02:00,51733.0
2018-06-18 05:00:00+02:00,53416.0
2018-06-18 06:00:00+02:00,57049.0
2018-06-18 07:00:00+02:00,59455.0
2018-06-18 08:00:00+02:00,61110.0
2018-06-18 09:00:00+02:00,63128.0
2018-06-18 10:00:00+02:00,63975.0
2018-06-18 11:00:00+02:00,64502.0
2018-06-18 12:00:00+02:00,64853.0
2018-06-18 13:00:00+02:00,64450.0
2018-06-18 14:00:00+02:00,63573.0
2018-06-18 15:00:00+02:00,62867.0
2018-06-18 16:00:00+02:00,62304.0
2018-06-18 17:00:00+02:00,62177.0
2018-06-18 18:00:00+02:00,62237.0
2018-06-18 19:00:00+02:00,61481.0
2018-06-18 20:00:00+02:00,60274.0
2018-06-18 21:00:00+02:00,59589.0
2018-06-18 22:00:00+02:00,60257.0
2018-06-18 23:00:00+02:00,59081.0
2018-06-19 00:00:00+02:00,55897.0
2018-06-19 01:00:00+02:00,53811.0
2018-06-19 02:00:00+02:00,52289.0
2018-06-19 03:00:00+02:00,51243.0
2018-06-19 04:00:00+02:00,50425.0
2018-06-19 05:00:00+02:00,52867.0
2018-06-19 06:00:00+02:00,55445.0
2018-06-19 07:00:00+02:00,58242.0
2018-06-19 08:00:00+02:00,60440.0
2018-06-19 09:00:00+02:00,62379.0
2018-06-19 10:00:00+02:00,64114.0
2018-06-19 11:00:00+02:00,64755.0
2018-06-19 12:00:00+02:00,65213.0
2018-06-19 13:00:00+02:00,65152.0
2018-06-19 14:00:00+02:00,64509.0
2018-06-19 15:00:00+02:00,63842.0
2018-06-19 16:00:00+02:00,62939.0
2018-06-19 17:00:00+02:00,62493.0
2018-06-19 18:00:00+02:00,61397.0
2018-06-19 19:00:00+02:00,60707.0
2018-06-19 20:00:00+02:00,59564.0
2018-06-19 21:00:00+02:00,58585.0
2018-06-19 22:00:00+02:00,59302.0
2018-06-19 23:00:00+02:00,59413.0
2018-06-20 00:00:00+02:00,56604.0
2018-06-20 01:00:00+02:00,54370.0
2018-06-20 02:00:00+02:00,52740.0
2018-06-20 03:00:00+02:00,51653.0
2018-06-20 04:00:00+02:00,52010.0
2018-06-20 05:00:00+02:00,52640.0
2018-06-20 06:00:00+02:00,54982.0
2018-06-20 07:00:00+02:00,58925.0
2018-06-20 08:00:00+02:00,60541.0
2018-06-20 09:00:00+02:00,61896.0
2018-06-20 10:00:00+02:00,62758.0
2018-06-20 11:00:00+02:00,63226.0
2018-06-20 12:00:00+02:00,62726.0
2018-06-20 13:00:00+02:00,62261.0
2018-06-20 14:00:00+02:00,61802.0
2018-06-20 15:00:00+02:00,61878.0
2018-06-20 16:00:00+02:00,61513.0
2018-06-20 17:00:00+02:00,61358.0
2018-06-20 18:00:00+02:00,61144.0
2018-06-20 19:00:00+02:00,60282.0
2018-06-20 20:00:00+02:00,59516.0
2018-06-20 21:00:00+02:00,59187.0
2018-06-20 22:00:00+02:00,59350.0
2018-06-20 23:00:00+02:00,58807.0
2018-06-21 00:00:00+02:00,56152.0
2018-06-21 01:00:00+02:00,54534.0
2018-06-21 02:00:00+02:00,53728.0
2018-06-21 03:00:00+02:00,51613.0
2018-06-21 04:00:00+02:00,51749.0
2018-06-21 05:00:00+02:00,53065.0
2018-06-21 06:00:00+02:00,57577.0
2018-06-21 07:00:00+02:00,59005.0
2018-06-21 08:00:00+02:00,60205.0
2018-06-21 09:00:00+02:00,63272.0
2018-06-21 10:00:00+02:00,64782.0
2018-06-21 11:00:00+02:00,65496.0
2018-06-21 12:00:00+02:00,65138.0
2018-06-21 13:00:00+02:00,64528.0
2018-06-21 14:00:00+02:00,62931.0
2018-06-21 15:00:00+02:00,62631.0
2018-06-21 16:00:00+02:00,62370.0
2018-06-21 17:00:00+02:00,62647.0
2018-06-21 18:00:00+02:00,62527.0
2018-06-21 19:00:00+02:00,62188.0
2018-06-21 20:00:00+02:00,60839.0
2018-06-21 21:00:00+02:00,59599.0
2018-06-21 22:00:00+02:00,60518.0
2018-06-21 23:00:00+02:00,60362.0
2018-06-22 00:00:00+02:00,56392.0
2018-06-22 01:00:00+02:00,52982.0
2018-06-22 02:00:00+02:00,51309.0
2018-06-22 03:00:00+02:00,50191.0
2018-06-22 04:00:00+02:00,50001.0
2018-06-22 05:00:00+02:00,51628.0
2018-06-22 06:00:00+02:00,54218.0
2018-06-22 07:00:00+02:00,57735.0
2018-06-22 08:00:00+02:00,60234.0
2018-06-22 09:00:00+02:00,62506.0
2018-06-22 10:00:00+02:00,63718.0
2018-06-22 11:00:00+02:00,64793.0
2018-06-22 12:00:00+02:00,64838.0
2018-06-22 13:00:00+02:00,64457.0
2018-06-22 14:00:00+02:00,63965.0
2018-06-22 15:00:00+02:00,62668.0
2018-06-22 16:00:00+02:00,61361.0
2018-06-22 17:00:00+02:00,61974.0
2018-06-22 18:00:00+02:00,61138.0
2018-06-22 19:00:00+02:00,59779.0
2018-06-22 20:00:00+02:00,58845.0
2018-06-22 21:00:00+02:00,58197.0
2018-06-22 22:00:00+02:00,59033.0
2018-06-22 23:00:00+02:00,59181.0
2018-06-23 00:00:00+02:00,52301.0
2018-06-23 01:00:00+02:00,49979.0
2018-06-23 02:00:00+02:00,47934.0
2018-06-23 03:00:00+02:00,46487.0
2018-06-23 04:00:00+02:00,45837.0
2018-06-23 05:00:00+02:00,45036.0
2018-06-23 06:00:00+02:00,46402.0
2018-06-23 07:00:00+02:00,47888.0
2018-06-23 08:00:00+02:00,50676.0
2018-06-23 09:00:00+02:00,53017.0
2018-06-23 10:00:00+02:00,53946.0
2018-06-23 11:00:00+02:00,54846.0
2018-06-23 12:00:00+02:00,55341.0
2018-06-23 13:00:00+02:00,54621.0
2018-06-23 14:00:00+02:00,53089.0
2018-06-23 15:00:00+02:00,53353.0
2018-06-23 16:00:00+02:00,53340.0
2018-06-23 17:00:00+02:00,53794.0
2018-06-23 18:00:00+02:00,53539.0
2018-06-23 19:00:00+02:00,53583.0
2018-06-23 20:00:00+02:00,52859.0
2018-06-23 21:00:00+02:00,53449.0
2018-06-23 22:00:00+02:00,55110.0
2018-06-23 23:00:00+02:00,55289.0
2018-06-24 00:00:00+02:00,52192.0
2018-06-24 01:00:00+02:00,50259.0
2018-06-24 02:00:00+02:00,48745.0
2018-06-24 03:00:00+02:00,47684.0
2018-06-24 04:00:00+02:00,46328.0
2018-06-24 05:00:00+02:00,45786.0
2018-06-24 06:00:00+02:00,45971.0
2018-06-24 07:00:00+02:00,47223.0
2018-06-24 08:00:00+02:00,49218.0
2018-06-24 09:00:00+02:00,51182.0
2018-06-24 10:00:00+02:00,52570.0
2018-06-24 11:00:00+02:00,54606.0
2018-06-24 12:00:00+02:00,55299.0
2018-06-24 13:00:00+02:00,54118.0
2018-06-24 14:00:00+02:00,53421.0
2018-06-24 15:00:00+02:00,53161.0
2018-06-24 16:00:00+02:00,52632.0
2018-06-24 17:00:00+02:00,53644.0
2018-06-24 18:00:00+02:00,56360.0
2018-06-24 19:00:00+02:00,57468.0
2018-06-24 20:00:00+02:00,57245.0
2018-06-24 21:00:00+02:00,56189.0
2018-06-24 22:00:00+02:00,58023.0
2018-06-24 23:00:00+02:00,58673.0
2018-06-25 00:00:00+02:00,55536.0
2018-06-25 01:00:00+02:00,52828.0
2018-06-25 02:00:00+02:00,51146.0
2018-06-25 03:00:00+02:00,50545.0
2018-06-25 04:00:00+02:00,50605.0
2018-06-25 05:00:00+02:00,51512.0
2018-06-25 06:00:00+02:00,55414.0
2018-06-25 07:00:00+02:00,58334.0
2018-06-25 08:00:00+02:00,60088.0
2018-06-25 09:00:00+02:00,62048.0
2018-06-25 10:00:00+02:00,62852.0
2018-06-25 11:00:00+02:00,63565.0
2018-06-25 12:00:00+02:00,63704.0
2018-06-25 13:00:00+02:00,63187.0
2018-06-25 14:00:00+02:00,62650.0
2018-06-25 15:00:00+02:00,62421.0
2018-06-25 16:00:00+02:00,62038.0
2018-06-25 17:00:00+02:00,61719.0
2018-06-25 18:00:00+02:00,62298.0
2018-06-25 19:00:00+02:00,61862.0
2018-06-25 20:00:00+02:00,60871.0
2018-06-25 21:00:00+02:00,60706.0
2018-06-25 22:00:00+02:00,61342.0
2018-06-25 23:00:00+02:00,60499.0
2018-06-26 00:00:00+02:00,55408.0
2018-06-26 01:00:00+02:00,53025.0
2018-06-26 02:00:00+02:00,51440.0
2018-06-26 03:00:00+02:00,50356.0
2018-06-26 04:00:00+02:00,50204.0
2018-06-26 05:00:00+02:00,52259.0
2018-06-26 06:00:00+02:00,54874.0
2018-06-26 07:00:00+02:00,58066.0
2018-06-26 08:00:00+02:00,60219.0
2018-06-26 09:00:00+02:00,61297.0
2018-06-26 10:00:00+02:00,62881.0
2018-06-26 11:00:00+02:00,64036.0
2018-06-26 12:00:00+02:00,64313.0
2018-06-26 13:00:00+02:00,64409.0
2018-06-26 14:00:00+02:00,63910.0
2018-06-26 15:00:00+02:00,62972.0
2018-06-26 16:00:00+02:00,62242.0
2018-06-26 17:00:00+02:00,61713.0
2018-06-26 18:00:00+02:00,61674.0
2018-06-26 19:00:00+02:00,60659.0
2018-06-26 20:00:00+02:00,59608.0
2018-06-26 21:00:00+02:00,59424.0
2018-06-26 22:00:00+02:00,60593.0
2018-06-26 23:00:00+02:00,60853.0
2018-06-27 00:00:00+02:00,56195.0
2018-06-27 01:00:00+02:00,53681.0
2018-06-27 02:00:00+02:00,52163.0
2018-06-27 03:00:00+02:00,50748.0
2018-06-27 04:00:00+02:00,50366.0
2018-06-27 05:00:00+02:00,50950.0
2018-06-27 06:00:00+02:00,54916.0
2018-06-27 07:00:00+02:00,58285.0
2018-06-27 08:00:00+02:00,60360.0
2018-06-27 09:00:00+02:00,61977.0
2018-06-27 10:00:00+02:00,63175.0
2018-06-27 11:00:00+02:00,63467.0
2018-06-27 12:00:00+02:00,63485.0
2018-06-27 13:00:00+02:00,63285.0
2018-06-27 14:00:00+02:00,62536.0
2018-06-27 15:00:00+02:00,62551.0
2018-06-27 16:00:00+02:00,62280.0
2018-06-27 17:00:00+02:00,62219.0
2018-06-27 18:00:00+02:00,62164.0
2018-06-27 19:00:00+02:00,61196.0
2018-06-27 20:00:00+02:00,59953.0
2018-06-27 21:00:00+02:00,60119.0
2018-06-27 22:00:00+02:00,61181.0
2018-06-27 23:00:00+02:00,60918.0
2018-06-28 00:00:00+02:00,57206.0
2018-06-28 01:00:00+02:00,55105.0
2018-06-28 02:00:00+02:00,53394.0
2018-06-28 03:00:00+02:00,52868.0
2018-06-28 04:00:00+02:00,53542.0
2018-06-28 05:00:00+02:00,55015.0
2018-06-28 06:00:00+02:00,57043.0
2018-06-28 07:00:00+02:00,61143.0
2018-06-28 08:00:00+02:00,62842.0
2018-06-28 09:00:00+02:00,65495.0
2018-06-28 10:00:00+02:00,66816.0
2018-06-28 11:00:00+02:00,67499.0
2018-06-28 12:00:00+02:00,67193.0
2018-06-28 13:00:00+02:00,67004.0
2018-06-28 14:00:00+02:00,67035.0
2018-06-28 15:00:00+02:00,66731.0
2018-06-28 16:00:00+02:00,66200.0
2018-06-28 17:00:00+02:00,65814.0
2018-06-28 18:00:00+02:00,65638.0
2018-06-28 19:00:00+02:00,64527.0
2018-06-28 20:00:00+02:00,62452.0
2018-06-28 21:00:00+02:00,61540.0
2018-06-28 22:00:00+02:00,61891.0
2018-06-28 23:00:00+02:00,61175.0
2018-06-29 00:00:00+02:00,55628.0
2018-06-29 01:00:00+02:00,52955.0
2018-06-29 02:00:00+02:00,52330.0
2018-06-29 03:00:00+02:00,52182.0
2018-06-29 04:00:00+02:00,52167.0
2018-06-29 05:00:00+02:00,52851.0
2018-06-29 06:00:00+02:00,56421.0
2018-06-29 07:00:00+02:00,58709.0
2018-06-29 08:00:00+02:00,60613.0
2018-06-29 09:00:00+02:00,62660.0
2018-06-29 10:00:00+02:00,64047.0
2018-06-29 11:00:00+02:00,64634.0
2018-06-29 12:00:00+02:00,64553.0
2018-06-29 13:00:00+02:00,64445.0
2018-06-29 14:00:00+02:00,63892.0
2018-06-29 15:00:00+02:00,63048.0
2018-06-29 16:00:00+02:00,62691.0
2018-06-29 17:00:00+02:00,62502.0
2018-06-29 18:00:00+02:00,61760.0
2018-06-29 19:00:00+02:00,59684.0
2018-06-29 20:00:00+02:00,58492.0
2018-06-29 21:00:00+02:00,57809.0
2018-06-29 22:00:00+02:00,56993.0
2018-06-29 23:00:00+02:00,56239.0
2018-06-30 00:00:00+02:00,52854.0
2018-06-30 01:00:00+02:00,50545.0
2018-06-30 02:00:00+02:00,48464.0
2018-06-30 03:00:00+02:00,47582.0
2018-06-30 04:00:00+02:00,48010.0
2018-06-30 05:00:00+02:00,47665.0
2018-06-30 06:00:00+02:00,47765.0
2018-06-30 07:00:00+02:00,50386.0
2018-06-30 08:00:00+02:00,52177.0
2018-06-30 09:00:00+02:00,53858.0
2018-06-30 10:00:00+02:00,54288.0
2018-06-30 11:00:00+02:00,54927.0
2018-06-30 12:00:00+02:00,55647.0
2018-06-30 13:00:00+02:00,54596.0
2018-06-30 14:00:00+02:00,53307.0
2018-06-30 15:00:00+02:00,52759.0
2018-06-30 16:00:00+02:00,51913.0
2018-06-30 17:00:00+02:00,53018.0
2018-06-30 18:00:00+02:00,53426.0
2018-06-30 19:00:00+02:00,52524.0
2018-06-30 20:00:00+02:00,51906.0
2018-06-30 21:00:00+02:00,51870.0
2018-06-30 22:00:00+02:00,52497.0
2018-06-30 23:00:00+02:00,52444.0
2018-07-01 00:00:00+02:00,48814.0
2018-07-01 01:00:00+02:00,47183.0
2018-07-01 02:00:00+02:00,46304.0
2018-07-01 03:00:00+02:00,44801.0
2018-07-01 04:00:00+02:00,44359.0
2018-07-01 05:00:00+02:00,43963.0
2018-07-01 06:00:00+02:00,44691.0
2018-07-01 07:00:00+02:00,46231.0
2018-07-01 08:00:00+02:00,47042.0
2018-07-01 09:00:00+02:00,47368.0
2018-07-01 10:00:00+02:00,48611.0
2018-07-01 11:00:00+02:00,49762.0
2018-07-01 12:00:00+02:00,51109.0
2018-07-01 13:00:00+02:00,51099.0
2018-07-01 14:00:00+02:00,50339.0
2018-07-01 15:00:00+02:00,49534.0
2018-07-01 16:00:00+02:00,48888.0
2018-07-01 17:00:00+02:00,49620.0
2018-07-01 18:00:00+02:00,51359.0
2018-07-01 19:00:00+02:00,52831.0
2018-07-01 20:00:00+02:00,52737.0
2018-07-01 21:00:00+02:00,53560.0
2018-07-01 22:00:00+02:00,54691.0
2018-07-01 23:00:00+02:00,53777.0
2018-07-02 00:00:00+02:00,51465.0
2018-07-02 01:00:00+02:00,49082.0
2018-07-02 02:00:00+02:00,48196.0
2018-07-02 03:00:00+02:00,47875.0
2018-07-02 04:00:00+02:00,48090.0
2018-07-02 05:00:00+02:00,49356.0
2018-07-02 06:00:00+02:00,53065.0
2018-07-02 07:00:00+02:00,55561.0
2018-07-02 08:00:00+02:00,57105.0
2018-07-02 09:00:00+02:00,58860.0
2018-07-02 10:00:00+02:00,59815.0
2018-07-02 11:00:00+02:00,59820.0
2018-07-02 12:00:00+02:00,60379.0
2018-07-02 13:00:00+02:00,60121.0
2018-07-02 14:00:00+02:00,59805.0
2018-07-02 15:00:00+02:00,59748.0
2018-07-02 16:00:00+02:00,59156.0
2018-07-02 17:00:00+02:00,59196.0
2018-07-02 18:00:00+02:00,59012.0
2018-07-02 19:00:00+02:00,58451.0
2018-07-02 20:00:00+02:00,57587.0
2018-07-02 21:00:00+02:00,56646.0
2018-07-02 22:00:00+02:00,57255.0
2018-07-02 23:00:00+02:00,56466.0
2018-07-03 00:00:00+02:00,53507.0
2018-07-03 01:00:00+02:00,51622.0
2018-07-03 02:00:00+02:00,50829.0
2018-07-03 03:00:00+02:00,49627.0
2018-07-03 04:00:00+02:00,49524.0
2018-07-03 05:00:00+02:00,50280.0
2018-07-03 06:00:00+02:00,54130.0
2018-07-03 07:00:00+02:00,56311.0
2018-07-03 08:00:00+02:00,57664.0
2018-07-03 09:00:00+02:00,59715.0
2018-07-03 10:00:00+02:00,60730.0
2018-07-03 11:00:00+02:00,61662.0
2018-07-03 12:00:00+02:00,61520.0
2018-07-03 13:00:00+02:00,61687.0
2018-07-03 14:00:00+02:00,61171.0
2018-07-03 15:00:00+02:00,61081.0
2018-07-03 16:00:00+02:00,60094.0
2018-07-03 17:00:00+02:00,59586.0
2018-07-03 18:00:00+02:00,59796.0
2018-07-03 19:00:00+02:00,59127.0
2018-07-03 20:00:00+02:00,57285.0
2018-07-03 21:00:00+02:00,55843.0
2018-07-03 22:00:00+02:00,55706.0
2018-07-03 23:00:00+02:00,55828.0
2018-07-04 00:00:00+02:00,54330.0
2018-07-04 01:00:00+02:00,53016.0
2018-07-04 02:00:00+02:00,51952.0
2018-07-04 03:00:00+02:00,51457.0
2018-07-04 04:00:00+02:00,51212.0
2018-07-04 05:00:00+02:00,52073.0
2018-07-04 06:00:00+02:00,54699.0
2018-07-04 07:00:00+02:00,56702.0
2018-07-04 08:00:00+02:00,58913.0
2018-07-04 09:00:00+02:00,61325.0
2018-07-04 10:00:00+02:00,62775.0
2018-07-04 11:00:00+02:00,63121.0
2018-07-04 12:00:00+02:00,63730.0
2018-07-04 13:00:00+02:00,63616.0
2018-07-04 14:00:00+02:00,63372.0
2018-07-04 15:00:00+02:00,63071.0
2018-07-04 16:00:00+02:00,61750.0
2018-07-04 17:00:00+02:00,60962.0
2018-07-04 18:00:00+02:00,60806.0
2018-07-04 19:00:00+02:00,59514.0
2018-07-04 20:00:00+02:00,58287.0
2018-07-04 21:00:00+02:00,57338.0
2018-07-04 22:00:00+02:00,57927.0
2018-07-04 23:00:00+02:00,58328.0
2018-07-05 00:00:00+02:00,56010.0
2018-07-05 01:00:00+02:00,54331.0
2018-07-05 02:00:00+02:00,54144.0
2018-07-05 03:00:00+02:00,53428.0
2018-07-05 04:00:00+02:00,53905.0
2018-07-05 05:00:00+02:00,54922.0
2018-07-05 06:00:00+02:00,57170.0
2018-07-05 07:00:00+02:00,59236.0
2018-07-05 08:00:00+02:00,61155.0
2018-07-05 09:00:00+02:00,62862.0
2018-07-05 10:00:00+02:00,64299.0
2018-07-05 11:00:00+02:00,65084.0
2018-07-05 12:00:00+02:00,65495.0
2018-07-05 13:00:00+02:00,65421.0
2018-07-05 14:00:00+02:00,64806.0
2018-07-05 15:00:00+02:00,64457.0
2018-07-05 16:00:00+02:00,63766.0
2018-07-05 17:00:00+02:00,63195.0
2018-07-05 18:00:00+02:00,63448.0
2018-07-05 19:00:00+02:00,62263.0
2018-07-05 20:00:00+02:00,60637.0
2018-07-05 21:00:00+02:00,59592.0
2018-07-05 22:00:00+02:00,60814.0
2018-07-05 23:00:00+02:00,59946.0
2018-07-06 00:00:00+02:00,56611.0
2018-07-06 01:00:00+02:00,54415.0
2018-07-06 02:00:00+02:00,52899.0
2018-07-06 03:00:00+02:00,51842.0
2018-07-06 04:00:00+02:00,52009.0
2018-07-06 05:00:00+02:00,53644.0
2018-07-06 06:00:00+02:00,56566.0
2018-07-06 07:00:00+02:00,59013.0
2018-07-06 08:00:00+02:00,60810.0
2018-07-06 09:00:00+02:00,62690.0
2018-07-06 10:00:00+02:00,63970.0
2018-07-06 11:00:00+02:00,64751.0
2018-07-06 12:00:00+02:00,64679.0
2018-07-06 13:00:00+02:00,64042.0
2018-07-06 14:00:00+02:00,62981.0
2018-07-06 15:00:00+02:00,62511.0
2018-07-06 16:00:00+02:00,61877.0
2018-07-06 17:00:00+02:00,61609.0
2018-07-06 18:00:00+02:00,61693.0
2018-07-06 19:00:00+02:00,60719.0
2018-07-06 20:00:00+02:00,58924.0
2018-07-06 21:00:00+02:00,58095.0
2018-07-06 22:00:00+02:00,59033.0
2018-07-06 23:00:00+02:00,59055.0
2018-07-07 00:00:00+02:00,52269.0
2018-07-07 01:00:00+02:00,49607.0
2018-07-07 02:00:00+02:00,47880.0
2018-07-07 03:00:00+02:00,45583.0
2018-07-07 04:00:00+02:00,44040.0
2018-07-07 05:00:00+02:00,44346.0
2018-07-07 06:00:00+02:00,45513.0
2018-07-07 07:00:00+02:00,47872.0
2018-07-07 08:00:00+02:00,49356.0
2018-07-07 09:00:00+02:00,51358.0
2018-07-07 10:00:00+02:00,52773.0
2018-07-07 11:00:00+02:00,53828.0
2018-07-07 12:00:00+02:00,54358.0
2018-07-07 13:00:00+02:00,53584.0
2018-07-07 14:00:00+02:00,52574.0
2018-07-07 15:00:00+02:00,52445.0
2018-07-07 16:00:00+02:00,51874.0
2018-07-07 17:00:00+02:00,52769.0
2018-07-07 18:00:00+02:00,53537.0
2018-07-07 19:00:00+02:00,53032.0
2018-07-07 20:00:00+02:00,51636.0
2018-07-07 21:00:00+02:00,51001.0
2018-07-07 22:00:00+02:00,53584.0
2018-07-07 23:00:00+02:00,52789.0
2018-07-08 00:00:00+02:00,49366.0
2018-07-08 01:00:00+02:00,48315.0
2018-07-08 02:00:00+02:00,46854.0
2018-07-08 03:00:00+02:00,46043.0
2018-07-08 04:00:00+02:00,45246.0
2018-07-08 05:00:00+02:00,44962.0
2018-07-08 06:00:00+02:00,44988.0
2018-07-08 07:00:00+02:00,45503.0
2018-07-08 08:00:00+02:00,47152.0
2018-07-08 09:00:00+02:00,48819.0
2018-07-08 10:00:00+02:00,50278.0
2018-07-08 11:00:00+02:00,50910.0
2018-07-08 12:00:00+02:00,51228.0
2018-07-08 13:00:00+02:00,51235.0
2018-07-08 14:00:00+02:00,50715.0
2018-07-08 15:00:00+02:00,50611.0
2018-07-08 16:00:00+02:00,50097.0
2018-07-08 17:00:00+02:00,52887.0
2018-07-08 18:00:00+02:00,54964.0
2018-07-08 19:00:00+02:00,54722.0
2018-07-08 20:00:00+02:00,53711.0
2018-07-08 21:00:00+02:00,53523.0
2018-07-08 22:00:00+02:00,54651.0
2018-07-08 23:00:00+02:00,54249.0
2018-07-09 00:00:00+02:00,52288.0
2018-07-09 01:00:00+02:00,50915.0
2018-07-09 02:00:00+02:00,50387.0
2018-07-09 03:00:00+02:00,50082.0
2018-07-09 04:00:00+02:00,50178.0
2018-07-09 05:00:00+02:00,51193.0
2018-07-09 06:00:00+02:00,55294.0
2018-07-09 07:00:00+02:00,57627.0
2018-07-09 08:00:00+02:00,60086.0
2018-07-09 09:00:00+02:00,62108.0
2018-07-09 10:00:00+02:00,63494.0
2018-07-09 11:00:00+02:00,64866.0
2018-07-09 12:00:00+02:00,65636.0
2018-07-09 13:00:00+02:00,65269.0
2018-07-09 14:00:00+02:00,64449.0
2018-07-09 15:00:00+02:00,64054.0
2018-07-09 16:00:00+02:00,63426.0
2018-07-09 17:00:00+02:00,62893.0
2018-07-09 18:00:00+02:00,62469.0
2018-07-09 19:00:00+02:00,61213.0
2018-07-09 20:00:00+02:00,59653.0
2018-07-09 21:00:00+02:00,58939.0
2018-07-09 22:00:00+02:00,59390.0
2018-07-09 23:00:00+02:00,59080.0
2018-07-10 00:00:00+02:00,54557.0
2018-07-10 01:00:00+02:00,50969.0
2018-07-10 02:00:00+02:00,48849.0
2018-07-10 03:00:00+02:00,48251.0
2018-07-10 04:00:00+02:00,48717.0
2018-07-10 05:00:00+02:00,51521.0
2018-07-10 06:00:00+02:00,54368.0
2018-07-10 07:00:00+02:00,57459.0
2018-07-10 08:00:00+02:00,59795.0
2018-07-10 09:00:00+02:00,61888.0
2018-07-10 10:00:00+02:00,63631.0
2018-07-10 11:00:00+02:00,64620.0
2018-07-10 12:00:00+02:00,64655.0
2018-07-10 13:00:00+02:00,64117.0
2018-07-10 14:00:00+02:00,63289.0
2018-07-10 15:00:00+02:00,63270.0
2018-07-10 16:00:00+02:00,63182.0
2018-07-10 17:00:00+02:00,62752.0
2018-07-10 18:00:00+02:00,62558.0
2018-07-10 19:00:00+02:00,61632.0
2018-07-10 20:00:00+02:00,59957.0
2018-07-10 21:00:00+02:00,59093.0
2018-07-10 22:00:00+02:00,59088.0
2018-07-10 23:00:00+02:00,58752.0
2018-07-11 00:00:00+02:00,55282.0
2018-07-11 01:00:00+02:00,52699.0
2018-07-11 02:00:00+02:00,51024.0
2018-07-11 03:00:00+02:00,49905.0
2018-07-11 04:00:00+02:00,50063.0
2018-07-11 05:00:00+02:00,51392.0
2018-07-11 06:00:00+02:00,54784.0
2018-07-11 07:00:00+02:00,57419.0
2018-07-11 08:00:00+02:00,59672.0
2018-07-11 09:00:00+02:00,61467.0
2018-07-11 10:00:00+02:00,62716.0
2018-07-11 11:00:00+02:00,63685.0
2018-07-11 12:00:00+02:00,63908.0
2018-07-11 13:00:00+02:00,63409.0
2018-07-11 14:00:00+02:00,63611.0
2018-07-11 15:00:00+02:00,63642.0
2018-07-11 16:00:00+02:00,62917.0
2018-07-11 17:00:00+02:00,62275.0
2018-07-11 18:00:00+02:00,61556.0
2018-07-11 19:00:00+02:00,60612.0
2018-07-11 20:00:00+02:00,59210.0
2018-07-11 21:00:00+02:00,58961.0
2018-07-11 22:00:00+02:00,59187.0
2018-07-11 23:00:00+02:00,58842.0
2018-07-12 00:00:00+02:00,53788.0
2018-07-12 01:00:00+02:00,52382.0
2018-07-12 02:00:00+02:00,51836.0
2018-07-12 03:00:00+02:00,50970.0
2018-07-12 04:00:00+02:00,50535.0
2018-07-12 05:00:00+02:00,51858.0
2018-07-12 06:00:00+02:00,54426.0
2018-07-12 07:00:00+02:00,56841.0
2018-07-12 08:00:00+02:00,58859.0
2018-07-12 09:00:00+02:00,60394.0
2018-07-12 10:00:00+02:00,61760.0
2018-07-12 11:00:00+02:00,62430.0
2018-07-12 12:00:00+02:00,62333.0
2018-07-12 13:00:00+02:00,62578.0
2018-07-12 14:00:00+02:00,61964.0
2018-07-12 15:00:00+02:00,61546.0
2018-07-12 16:00:00+02:00,60772.0
2018-07-12 17:00:00+02:00,60421.0
2018-07-12 18:00:00+02:00,60250.0
2018-07-12 19:00:00+02:00,59768.0
2018-07-12 20:00:00+02:00,58148.0
2018-07-12 21:00:00+02:00,58014.0
2018-07-12 22:00:00+02:00,58914.0
2018-07-12 23:00:00+02:00,58215.0
2018-07-13 00:00:00+02:00,54478.0
2018-07-13 01:00:00+02:00,52398.0
2018-07-13 02:00:00+02:00,50874.0
2018-07-13 03:00:00+02:00,50089.0
2018-07-13 04:00:00+02:00,49392.0
2018-07-13 05:00:00+02:00,50816.0
2018-07-13 06:00:00+02:00,54486.0
2018-07-13 07:00:00+02:00,56975.0
2018-07-13 08:00:00+02:00,58511.0
2018-07-13 09:00:00+02:00,59830.0
2018-07-13 10:00:00+02:00,61024.0
2018-07-13 11:00:00+02:00,61521.0
2018-07-13 12:00:00+02:00,60979.0
2018-07-13 13:00:00+02:00,60699.0
2018-07-13 14:00:00+02:00,60314.0
2018-07-13 15:00:00+02:00,60179.0
2018-07-13 16:00:00+02:00,59414.0
2018-07-13 17:00:00+02:00,59383.0
2018-07-13 18:00:00+02:00,59462.0
2018-07-13 19:00:00+02:00,58821.0
2018-07-13 20:00:00+02:00,57795.0
2018-07-13 21:00:00+02:00,57118.0
2018-07-13 22:00:00+02:00,58062.0
2018-07-13 23:00:00+02:00,56709.0
2018-07-14 00:00:00+02:00,50465.0
2018-07-14 01:00:00+02:00,48739.0
2018-07-14 02:00:00+02:00,47540.0
2018-07-14 03:00:00+02:00,46645.0
2018-07-14 04:00:00+02:00,46241.0
2018-07-14 05:00:00+02:00,45650.0
2018-07-14 06:00:00+02:00,46164.0
2018-07-14 07:00:00+02:00,47281.0
2018-07-14 08:00:00+02:00,49001.0
2018-07-14 09:00:00+02:00,50730.0
2018-07-14 10:00:00+02:00,51946.0
2018-07-14 11:00:00+02:00,52278.0
2018-07-14 12:00:00+02:00,52953.0
2018-07-14 13:00:00+02:00,52278.0
2018-07-14 14:00:00+02:00,51400.0
2018-07-14 15:00:00+02:00,51062.0
2018-07-14 16:00:00+02:00,51363.0
2018-07-14 17:00:00+02:00,51541.0
2018-07-14 18:00:00+02:00,52130.0
2018-07-14 19:00:00+02:00,51528.0
2018-07-14 20:00:00+02:00,50789.0
2018-07-14 21:00:00+02:00,50558.0
2018-07-14 22:00:00+02:00,51983.0
2018-07-14 23:00:00+02:00,52781.0
2018-07-15 00:00:00+02:00,47681.0
2018-07-15 01:00:00+02:00,46895.0
2018-07-15 02:00:00+02:00,46847.0
2018-07-15 03:00:00+02:00,46540.0
2018-07-15 04:00:00+02:00,45341.0
2018-07-15 05:00:00+02:00,44468.0
2018-07-15 06:00:00+02:00,44298.0
2018-07-15 07:00:00+02:00,44815.0
2018-07-15 08:00:00+02:00,45922.0
2018-07-15 09:00:00+02:00,47920.0
2018-07-15 10:00:00+02:00,49682.0
2018-07-15 11:00:00+02:00,50851.0
2018-07-15 12:00:00+02:00,51881.0
2018-07-15 13:00:00+02:00,50666.0
2018-07-15 14:00:00+02:00,50117.0
2018-07-15 15:00:00+02:00,49867.0
2018-07-15 16:00:00+02:00,50179.0
2018-07-15 17:00:00+02:00,51938.0
2018-07-15 18:00:00+02:00,52928.0
2018-07-15 19:00:00+02:00,52927.0
2018-07-15 20:00:00+02:00,52376.0
2018-07-15 21:00:00+02:00,52153.0
2018-07-15 22:00:00+02:00,53920.0
2018-07-15 23:00:00+02:00,54191.0
2018-07-16 00:00:00+02:00,50538.0
2018-07-16 01:00:00+02:00,49931.0
2018-07-16 02:00:00+02:00,49350.0
2018-07-16 03:00:00+02:00,49464.0
2018-07-16 04:00:00+02:00,49533.0
2018-07-16 05:00:00+02:00,51651.0
2018-07-16 06:00:00+02:00,55204.0
2018-07-16 07:00:00+02:00,57929.0
2018-07-16 08:00:00+02:00,60319.0
2018-07-16 09:00:00+02:00,61588.0
2018-07-16 10:00:00+02:00,62562.0
2018-07-16 11:00:00+02:00,62845.0
2018-07-16 12:00:00+02:00,63225.0
2018-07-16 13:00:00+02:00,63445.0
2018-07-16 14:00:00+02:00,62883.0
2018-07-16 15:00:00+02:00,62875.0
2018-07-16 16:00:00+02:00,63457.0
2018-07-16 17:00:00+02:00,63674.0
2018-07-16 18:00:00+02:00,63509.0
2018-07-16 19:00:00+02:00,63134.0
2018-07-16 20:00:00+02:00,62145.0
2018-07-16 21:00:00+02:00,60924.0
2018-07-16 22:00:00+02:00,60986.0
2018-07-16 23:00:00+02:00,60428.0
2018-07-17 00:00:00+02:00,57278.0
2018-07-17 01:00:00+02:00,56106.0
2018-07-17 02:00:00+02:00,54862.0
2018-07-17 03:00:00+02:00,54086.0
2018-07-17 04:00:00+02:00,54088.0
2018-07-17 05:00:00+02:00,55308.0
2018-07-17 06:00:00+02:00,57813.0
2018-07-17 07:00:00+02:00,59882.0
2018-07-17 08:00:00+02:00,61535.0
2018-07-17 09:00:00+02:00,63228.0
2018-07-17 10:00:00+02:00,64636.0
2018-07-17 11:00:00+02:00,65098.0
2018-07-17 12:00:00+02:00,65378.0
2018-07-17 13:00:00+02:00,65111.0
2018-07-17 14:00:00+02:00,64757.0
2018-07-17 15:00:00+02:00,64786.0
2018-07-17 16:00:00+02:00,64844.0
2018-07-17 17:00:00+02:00,63744.0
2018-07-17 18:00:00+02:00,63157.0
2018-07-17 19:00:00+02:00,62161.0
2018-07-17 20:00:00+02:00,61299.0
2018-07-17 21:00:00+02:00,59984.0
2018-07-17 22:00:00+02:00,60133.0
2018-07-17 23:00:00+02:00,58535.0
2018-07-18 00:00:00+02:00,54519.0
2018-07-18 01:00:00+02:00,52580.0
2018-07-18 02:00:00+02:00,51478.0
2018-07-18 03:00:00+02:00,51108.0
2018-07-18 04:00:00+02:00,51174.0
2018-07-18 05:00:00+02:00,51836.0
2018-07-18 06:00:00+02:00,55716.0
2018-07-18 07:00:00+02:00,58555.0
2018-07-18 08:00:00+02:00,60168.0
2018-07-18 09:00:00+02:00,61292.0
2018-07-18 10:00:00+02:00,62524.0
2018-07-18 11:00:00+02:00,62707.0
2018-07-18 12:00:00+02:00,63024.0
2018-07-18 13:00:00+02:00,63245.0
2018-07-18 14:00:00+02:00,63037.0
2018-07-18 15:00:00+02:00,63114.0
2018-07-18 16:00:00+02:00,62788.0
2018-07-18 17:00:00+02:00,62462.0
2018-07-18 18:00:00+02:00,62089.0
2018-07-18 19:00:00+02:00,61367.0
2018-07-18 20:00:00+02:00,60438.0
2018-07-18 21:00:00+02:00,59523.0
2018-07-18 22:00:00+02:00,60046.0
2018-07-18 23:00:00+02:00,59802.0
2018-07-19 00:00:00+02:00,55108.0
2018-07-19 01:00:00+02:00,53390.0
2018-07-19 02:00:00+02:00,52972.0
2018-07-19 03:00:00+02:00,52378.0
2018-07-19 04:00:00+02:00,52576.0
2018-07-19 05:00:00+02:00,53049.0
2018-07-19 06:00:00+02:00,57251.0
2018-07-19 07:00:00+02:00,59367.0
2018-07-19 08:00:00+02:00,61171.0
2018-07-19 09:00:00+02:00,62678.0
2018-07-19 10:00:00+02:00,63489.0
2018-07-19 11:00:00+02:00,63943.0
2018-07-19 12:00:00+02:00,63901.0
2018-07-19 13:00:00+02:00,63840.0
2018-07-19 14:00:00+02:00,63348.0
2018-07-19 15:00:00+02:00,63044.0
2018-07-19 16:00:00+02:00,62970.0
2018-07-19 17:00:00+02:00,62641.0
2018-07-19 18:00:00+02:00,62307.0
2018-07-19 19:00:00+02:00,61770.0
2018-07-19 20:00:00+02:00,61236.0
2018-07-19 21:00:00+02:00,60618.0
2018-07-19 22:00:00+02:00,60650.0
2018-07-19 23:00:00+02:00,59965.0
2018-07-20 00:00:00+02:00,57585.0
2018-07-20 01:00:00+02:00,55130.0
2018-07-20 02:00:00+02:00,53976.0
2018-07-20 03:00:00+02:00,53319.0
2018-07-20 04:00:00+02:00,52578.0
2018-07-20 05:00:00+02:00,54128.0
2018-07-20 06:00:00+02:00,57343.0
2018-07-20 07:00:00+02:00,59268.0
2018-07-20 08:00:00+02:00,61449.0
2018-07-20 09:00:00+02:00,62008.0
2018-07-20 10:00:00+02:00,62632.0
2018-07-20 11:00:00+02:00,63164.0
2018-07-20 12:00:00+02:00,63068.0
2018-07-20 13:00:00+02:00,62888.0
2018-07-20 14:00:00+02:00,62193.0
2018-07-20 15:00:00+02:00,61327.0
2018-07-20 16:00:00+02:00,60860.0
2018-07-20 17:00:00+02:00,60842.0
2018-07-20 18:00:00+02:00,61039.0
2018-07-20 19:00:00+02:00,60696.0
2018-07-20 20:00:00+02:00,59351.0
2018-07-20 21:00:00+02:00,58493.0
2018-07-20 22:00:00+02:00,58838.0
2018-07-20 23:00:00+02:00,57610.0
2018-07-21 00:00:00+02:00,52195.0
2018-07-21 01:00:00+02:00,49251.0
2018-07-21 02:00:00+02:00,46962.0
2018-07-21 03:00:00+02:00,45153.0
2018-07-21 04:00:00+02:00,45189.0
2018-07-21 05:00:00+02:00,45156.0
2018-07-21 06:00:00+02:00,46144.0
2018-07-21 07:00:00+02:00,49013.0
2018-07-21 08:00:00+02:00,51072.0
2018-07-21 09:00:00+02:00,52613.0
2018-07-21 10:00:00+02:00,53815.0
2018-07-21 11:00:00+02:00,54386.0
2018-07-21 12:00:00+02:00,54446.0
2018-07-21 13:00:00+02:00,53561.0
2018-07-21 14:00:00+02:00,52578.0
2018-07-21 15:00:00+02:00,52345.0
2018-07-21 16:00:00+02:00,52983.0
2018-07-21 17:00:00+02:00,53284.0
2018-07-21 18:00:00+02:00,53208.0
2018-07-21 19:00:00+02:00,52573.0
2018-07-21 20:00:00+02:00,51894.0
2018-07-21 21:00:00+02:00,51560.0
2018-07-21 22:00:00+02:00,52328.0
2018-07-21 23:00:00+02:00,52426.0
2018-07-22 00:00:00+02:00,49922.0
2018-07-22 01:00:00+02:00,47560.0
2018-07-22 02:00:00+02:00,46827.0
2018-07-22 03:00:00+02:00,44720.0
2018-07-22 04:00:00+02:00,44609.0
2018-07-22 05:00:00+02:00,44507.0
2018-07-22 06:00:00+02:00,45205.0
2018-07-22 07:00:00+02:00,46245.0
2018-07-22 08:00:00+02:00,48163.0
2018-07-22 09:00:00+02:00,50792.0
2018-07-22 10:00:00+02:00,52646.0
2018-07-22 11:00:00+02:00,53428.0
2018-07-22 12:00:00+02:00,53614.0
2018-07-22 13:00:00+02:00,51741.0
2018-07-22 14:00:00+02:00,51045.0
2018-07-22 15:00:00+02:00,50545.0
2018-07-22 16:00:00+02:00,50320.0
2018-07-22 17:00:00+02:00,51152.0
2018-07-22 18:00:00+02:00,53195.0
2018-07-22 19:00:00+02:00,53921.0
2018-07-22 20:00:00+02:00,54323.0
2018-07-22 21:00:00+02:00,54325.0
2018-07-22 22:00:00+02:00,55684.0
2018-07-22 23:00:00+02:00,55378.0
2018-07-23 00:00:00+02:00,53134.0
2018-07-23 01:00:00+02:00,50990.0
2018-07-23 02:00:00+02:00,50535.0
2018-07-23 03:00:00+02:00,50053.0
2018-07-23 04:00:00+02:00,49830.0
2018-07-23 05:00:00+02:00,51205.0
2018-07-23 06:00:00+02:00,55215.0
2018-07-23 07:00:00+02:00,57828.0
2018-07-23 08:00:00+02:00,60223.0
2018-07-23 09:00:00+02:00,62055.0
2018-07-23 10:00:00+02:00,63181.0
2018-07-23 11:00:00+02:00,63854.0
2018-07-23 12:00:00+02:00,63798.0
2018-07-23 13:00:00+02:00,63711.0
2018-07-23 14:00:00+02:00,63322.0
2018-07-23 15:00:00+02:00,63511.0
2018-07-23 16:00:00+02:00,62874.0
2018-07-23 17:00:00+02:00,62035.0
2018-07-23 18:00:00+02:00,61999.0
2018-07-23 19:00:00+02:00,61378.0
2018-07-23 20:00:00+02:00,59852.0
2018-07-23 21:00:00+02:00,59468.0
2018-07-23 22:00:00+02:00,59422.0
2018-07-23 23:00:00+02:00,57911.0
2018-07-24 00:00:00+02:00,55411.0
2018-07-24 01:00:00+02:00,53193.0
2018-07-24 02:00:00+02:00,52550.0
2018-07-24 03:00:00+02:00,51878.0
2018-07-24 04:00:00+02:00,51742.0
2018-07-24 05:00:00+02:00,53061.0
2018-07-24 06:00:00+02:00,55258.0
2018-07-24 07:00:00+02:00,57604.0
2018-07-24 08:00:00+02:00,59480.0
2018-07-24 09:00:00+02:00,61306.0
2018-07-24 10:00:00+02:00,62453.0
2018-07-24 11:00:00+02:00,62643.0
2018-07-24 12:00:00+02:00,62090.0
2018-07-24 13:00:00+02:00,61999.0
2018-07-24 14:00:00+02:00,62207.0
2018-07-24 15:00:00+02:00,62352.0
2018-07-24 16:00:00+02:00,61865.0
2018-07-24 17:00:00+02:00,62404.0
2018-07-24 18:00:00+02:00,62476.0
2018-07-24 19:00:00+02:00,61903.0
2018-07-24 20:00:00+02:00,61023.0
2018-07-24 21:00:00+02:00,60384.0
2018-07-24 22:00:00+02:00,61322.0
2018-07-24 23:00:00+02:00,60297.0
2018-07-25 00:00:00+02:00,56595.0
2018-07-25 01:00:00+02:00,54821.0
2018-07-25 02:00:00+02:00,54539.0
2018-07-25 03:00:00+02:00,53817.0
2018-07-25 04:00:00+02:00,53630.0
2018-07-25 05:00:00+02:00,54742.0
2018-07-25 06:00:00+02:00,56706.0
2018-07-25 07:00:00+02:00,58868.0
2018-07-25 08:00:00+02:00,60477.0
2018-07-25 09:00:00+02:00,63367.0
2018-07-25 10:00:00+02:00,64793.0
2018-07-25 11:00:00+02:00,65309.0
2018-07-25 12:00:00+02:00,65397.0
2018-07-25 13:00:00+02:00,64977.0
2018-07-25 14:00:00+02:00,64404.0
2018-07-25 15:00:00+02:00,63925.0
2018-07-25 16:00:00+02:00,63546.0
2018-07-25 17:00:00+02:00,63695.0
2018-07-25 18:00:00+02:00,63112.0
2018-07-25 19:00:00+02:00,61838.0
2018-07-25 20:00:00+02:00,60492.0
2018-07-25 21:00:00+02:00,60064.0
2018-07-25 22:00:00+02:00,59619.0
2018-07-25 23:00:00+02:00,59053.0
2018-07-26 00:00:00+02:00,56101.0
2018-07-26 01:00:00+02:00,54459.0
2018-07-26 02:00:00+02:00,53252.0
2018-07-26 03:00:00+02:00,52984.0
2018-07-26 04:00:00+02:00,52880.0
2018-07-26 05:00:00+02:00,53817.0
2018-07-26 06:00:00+02:00,56837.0
2018-07-26 07:00:00+02:00,58676.0
2018-07-26 08:00:00+02:00,60784.0
2018-07-26 09:00:00+02:00,62921.0
2018-07-26 10:00:00+02:00,63722.0
2018-07-26 11:00:00+02:00,64344.0
2018-07-26 12:00:00+02:00,64527.0
2018-07-26 13:00:00+02:00,64427.0
2018-07-26 14:00:00+02:00,64471.0
2018-07-26 15:00:00+02:00,64295.0
2018-07-26 16:00:00+02:00,64175.0
2018-07-26 17:00:00+02:00,64323.0
2018-07-26 18:00:00+02:00,63616.0
2018-07-26 19:00:00+02:00,61934.0
2018-07-26 20:00:00+02:00,60747.0
2018-07-26 21:00:00+02:00,59771.0
2018-07-26 22:00:00+02:00,59632.0
2018-07-26 23:00:00+02:00,59040.0
2018-07-27 00:00:00+02:00,55713.0
2018-07-27 01:00:00+02:00,54210.0
2018-07-27 02:00:00+02:00,53019.0
2018-07-27 03:00:00+02:00,52611.0
2018-07-27 04:00:00+02:00,52511.0
2018-07-27 05:00:00+02:00,53261.0
2018-07-27 06:00:00+02:00,55946.0
2018-07-27 07:00:00+02:00,58292.0
2018-07-27 08:00:00+02:00,60390.0
2018-07-27 09:00:00+02:00,62415.0
2018-07-27 10:00:00+02:00,63259.0
2018-07-27 11:00:00+02:00,63870.0
2018-07-27 12:00:00+02:00,63772.0
2018-07-27 13:00:00+02:00,63467.0
2018-07-27 14:00:00+02:00,62991.0
2018-07-27 15:00:00+02:00,62409.0
2018-07-27 16:00:00+02:00,62252.0
2018-07-27 17:00:00+02:00,62086.0
2018-07-27 18:00:00+02:00,61395.0
2018-07-27 19:00:00+02:00,60543.0
2018-07-27 20:00:00+02:00,59494.0
2018-07-27 21:00:00+02:00,58778.0
2018-07-27 22:00:00+02:00,59464.0
2018-07-27 23:00:00+02:00,57699.0
2018-07-28 00:00:00+02:00,52347.0
2018-07-28 01:00:00+02:00,49888.0
2018-07-28 02:00:00+02:00,48718.0
2018-07-28 03:00:00+02:00,47522.0
2018-07-28 04:00:00+02:00,47756.0
2018-07-28 05:00:00+02:00,47752.0
2018-07-28 06:00:00+02:00,48440.0
2018-07-28 07:00:00+02:00,50043.0
2018-07-28 08:00:00+02:00,52348.0
2018-07-28 09:00:00+02:00,54507.0
2018-07-28 10:00:00+02:00,55623.0
2018-07-28 11:00:00+02:00,56176.0
2018-07-28 12:00:00+02:00,56291.0
2018-07-28 13:00:00+02:00,56098.0
2018-07-28 14:00:00+02:00,55869.0
2018-07-28 15:00:00+02:00,55045.0
2018-07-28 16:00:00+02:00,54188.0
2018-07-28 17:00:00+02:00,54459.0
2018-07-28 18:00:00+02:00,55893.0
2018-07-28 19:00:00+02:00,55237.0
2018-07-28 20:00:00+02:00,54215.0
2018-07-28 21:00:00+02:00,53303.0
2018-07-28 22:00:00+02:00,53276.0
2018-07-28 23:00:00+02:00,53088.0
2018-07-29 00:00:00+02:00,51007.0
2018-07-29 01:00:00+02:00,48902.0
2018-07-29 02:00:00+02:00,47196.0
2018-07-29 03:00:00+02:00,45468.0
2018-07-29 04:00:00+02:00,45327.0
2018-07-29 05:00:00+02:00,45368.0
2018-07-29 06:00:00+02:00,45415.0
2018-07-29 07:00:00+02:00,45488.0
2018-07-29 08:00:00+02:00,47362.0
2018-07-29 09:00:00+02:00,50077.0
2018-07-29 10:00:00+02:00,51928.0
2018-07-29 11:00:00+02:00,52913.0
2018-07-29 12:00:00+02:00,53139.0
2018-07-29 13:00:00+02:00,53049.0
2018-07-29 14:00:00+02:00,52865.0
2018-07-29 15:00:00+02:00,52409.0
2018-07-29 16:00:00+02:00,51933.0
2018-07-29 17:00:00+02:00,54105.0
2018-07-29 18:00:00+02:00,55103.0
2018-07-29 19:00:00+02:00,54257.0
2018-07-29 20:00:00+02:00,53959.0
2018-07-29 21:00:00+02:00,53694.0
2018-07-29 22:00:00+02:00,53894.0
2018-07-29 23:00:00+02:00,53370.0
2018-07-30 00:00:00+02:00,49517.0
2018-07-30 01:00:00+02:00,47669.0
2018-07-30 02:00:00+02:00,46576.0
2018-07-30 03:00:00+02:00,46385.0
2018-07-30 04:00:00+02:00,46907.0
2018-07-30 05:00:00+02:00,48487.0
2018-07-30 06:00:00+02:00,52311.0
2018-07-30 07:00:00+02:00,54283.0
2018-07-30 08:00:00+02:00,56272.0
2018-07-30 09:00:00+02:00,58039.0
2018-07-30 10:00:00+02:00,59673.0
2018-07-30 11:00:00+02:00,60626.0
2018-07-30 12:00:00+02:00,61779.0
2018-07-30 13:00:00+02:00,62029.0
2018-07-30 14:00:00+02:00,61826.0
2018-07-30 15:00:00+02:00,61474.0
2018-07-30 16:00:00+02:00,60322.0
2018-07-30 17:00:00+02:00,60029.0
2018-07-30 18:00:00+02:00,59684.0
2018-07-30 19:00:00+02:00,58795.0
2018-07-30 20:00:00+02:00,57906.0
2018-07-30 21:00:00+02:00,56659.0
2018-07-30 22:00:00+02:00,56148.0
2018-07-30 23:00:00+02:00,55079.0
2018-07-31 00:00:00+02:00,53018.0
2018-07-31 01:00:00+02:00,51470.0
2018-07-31 02:00:00+02:00,50906.0
2018-07-31 03:00:00+02:00,50730.0
2018-07-31 04:00:00+02:00,50777.0
2018-07-31 05:00:00+02:00,51268.0
2018-07-31 06:00:00+02:00,54110.0
2018-07-31 07:00:00+02:00,55940.0
2018-07-31 08:00:00+02:00,57619.0
2018-07-31 09:00:00+02:00,59139.0
2018-07-31 10:00:00+02:00,60318.0
2018-07-31 11:00:00+02:00,60868.0
2018-07-31 12:00:00+02:00,60431.0
2018-07-31 13:00:00+02:00,60239.0
2018-07-31 14:00:00+02:00,59943.0
2018-07-31 15:00:00+02:00,59602.0
2018-07-31 16:00:00+02:00,59126.0
2018-07-31 17:00:00+02:00,59803.0
2018-07-31 18:00:00+02:00,59493.0
2018-07-31 19:00:00+02:00,58546.0
2018-07-31 20:00:00+02:00,57984.0
2018-07-31 21:00:00+02:00,57548.0
2018-07-31 22:00:00+02:00,57399.0
2018-07-31 23:00:00+02:00,56338.0
2018-08-01 00:00:00+02:00,52605.0
2018-08-01 01:00:00+02:00,51192.0
2018-08-01 02:00:00+02:00,51144.0
2018-08-01 03:00:00+02:00,50310.0
2018-08-01 04:00:00+02:00,50989.0
2018-08-01 05:00:00+02:00,51201.0
2018-08-01 06:00:00+02:00,54489.0
2018-08-01 07:00:00+02:00,56506.0
2018-08-01 08:00:00+02:00,57937.0
2018-08-01 09:00:00+02:00,59598.0
2018-08-01 10:00:00+02:00,60650.0
2018-08-01 11:00:00+02:00,61237.0
2018-08-01 12:00:00+02:00,61143.0
2018-08-01 13:00:00+02:00,60992.0
2018-08-01 14:00:00+02:00,60704.0
2018-08-01 15:00:00+02:00,60555.0
2018-08-01 16:00:00+02:00,60481.0
2018-08-01 17:00:00+02:00,60480.0
2018-08-01 18:00:00+02:00,60149.0
2018-08-01 19:00:00+02:00,59134.0
2018-08-01 20:00:00+02:00,58587.0
2018-08-01 21:00:00+02:00,58499.0
2018-08-01 22:00:00+02:00,57663.0
2018-08-01 23:00:00+02:00,55851.0
2018-08-02 00:00:00+02:00,53089.0
2018-08-02 01:00:00+02:00,51104.0
2018-08-02 02:00:00+02:00,50722.0
2018-08-02 03:00:00+02:00,50094.0
2018-08-02 04:00:00+02:00,50221.0
2018-08-02 05:00:00+02:00,50696.0
2018-08-02 06:00:00+02:00,52762.0
2018-08-02 07:00:00+02:00,54969.0
2018-08-02 08:00:00+02:00,56317.0
2018-08-02 09:00:00+02:00,57899.0
2018-08-02 10:00:00+02:00,59541.0
2018-08-02 11:00:00+02:00,60163.0
2018-08-02 12:00:00+02:00,60215.0
2018-08-02 13:00:00+02:00,60046.0
2018-08-02 14:00:00+02:00,59937.0
2018-08-02 15:00:00+02:00,59716.0
2018-08-02 16:00:00+02:00,59859.0
2018-08-02 17:00:00+02:00,59808.0
2018-08-02 18:00:00+02:00,59575.0
2018-08-02 19:00:00+02:00,58527.0
2018-08-02 20:00:00+02:00,57695.0
2018-08-02 21:00:00+02:00,57271.0
2018-08-02 22:00:00+02:00,57122.0
2018-08-02 23:00:00+02:00,55806.0
2018-08-03 00:00:00+02:00,52922.0
2018-08-03 01:00:00+02:00,52082.0
2018-08-03 02:00:00+02:00,51245.0
2018-08-03 03:00:00+02:00,50675.0
2018-08-03 04:00:00+02:00,50393.0
2018-08-03 05:00:00+02:00,51315.0
2018-08-03 06:00:00+02:00,52848.0
2018-08-03 07:00:00+02:00,54269.0
2018-08-03 08:00:00+02:00,56072.0
2018-08-03 09:00:00+02:00,57839.0
2018-08-03 10:00:00+02:00,59106.0
2018-08-03 11:00:00+02:00,59557.0
2018-08-03 12:00:00+02:00,59330.0
2018-08-03 13:00:00+02:00,58858.0
2018-08-03 14:00:00+02:00,58467.0
2018-08-03 15:00:00+02:00,57817.0
2018-08-03 16:00:00+02:00,57187.0
2018-08-03 17:00:00+02:00,57467.0
2018-08-03 18:00:00+02:00,57074.0
2018-08-03 19:00:00+02:00,56319.0
2018-08-03 20:00:00+02:00,55154.0
2018-08-03 21:00:00+02:00,54630.0
2018-08-03 22:00:00+02:00,55474.0
2018-08-03 23:00:00+02:00,54147.0
2018-08-04 00:00:00+02:00,51177.0
2018-08-04 01:00:00+02:00,48841.0
2018-08-04 02:00:00+02:00,47724.0
2018-08-04 03:00:00+02:00,46091.0
2018-08-04 04:00:00+02:00,45966.0
2018-08-04 05:00:00+02:00,46139.0
2018-08-04 06:00:00+02:00,47349.0
2018-08-04 07:00:00+02:00,48963.0
2018-08-04 08:00:00+02:00,51227.0
2018-08-04 09:00:00+02:00,53232.0
2018-08-04 10:00:00+02:00,54244.0
2018-08-04 11:00:00+02:00,54585.0
2018-08-04 12:00:00+02:00,54465.0
2018-08-04 13:00:00+02:00,53117.0
2018-08-04 14:00:00+02:00,52120.0
2018-08-04 15:00:00+02:00,51890.0
2018-08-04 16:00:00+02:00,52685.0
2018-08-04 17:00:00+02:00,52923.0
2018-08-04 18:00:00+02:00,54507.0
2018-08-04 19:00:00+02:00,53771.0
2018-08-04 20:00:00+02:00,53196.0
2018-08-04 21:00:00+02:00,53092.0
2018-08-04 22:00:00+02:00,53866.0
2018-08-04 23:00:00+02:00,53532.0
2018-08-05 00:00:00+02:00,49413.0
2018-08-05 01:00:00+02:00,47591.0
2018-08-05 02:00:00+02:00,45202.0
2018-08-05 03:00:00+02:00,44169.0
2018-08-05 04:00:00+02:00,43575.0
2018-08-05 05:00:00+02:00,43203.0
2018-08-05 06:00:00+02:00,43234.0
2018-08-05 07:00:00+02:00,43868.0
2018-08-05 08:00:00+02:00,44972.0
2018-08-05 09:00:00+02:00,46691.0
2018-08-05 10:00:00+02:00,48116.0
2018-08-05 11:00:00+02:00,49862.0
2018-08-05 12:00:00+02:00,50873.0
2018-08-05 13:00:00+02:00,50467.0
2018-08-05 14:00:00+02:00,48405.0
2018-08-05 15:00:00+02:00,47906.0
2018-08-05 16:00:00+02:00,47490.0
2018-08-05 17:00:00+02:00,48423.0
2018-08-05 18:00:00+02:00,50152.0
2018-08-05 19:00:00+02:00,50106.0
2018-08-05 20:00:00+02:00,50200.0
2018-08-05 21:00:00+02:00,50394.0
2018-08-05 22:00:00+02:00,50906.0
2018-08-05 23:00:00+02:00,50251.0
2018-08-06 00:00:00+02:00,48251.0
2018-08-06 01:00:00+02:00,46857.0
2018-08-06 02:00:00+02:00,46154.0
2018-08-06 03:00:00+02:00,45614.0
2018-08-06 04:00:00+02:00,45757.0
2018-08-06 05:00:00+02:00,46115.0
2018-08-06 06:00:00+02:00,48614.0
2018-08-06 07:00:00+02:00,49961.0
2018-08-06 08:00:00+02:00,51988.0
2018-08-06 09:00:00+02:00,53811.0
2018-08-06 10:00:00+02:00,55082.0
2018-08-06 11:00:00+02:00,55970.0
2018-08-06 12:00:00+02:00,56480.0
2018-08-06 13:00:00+02:00,56513.0
2018-08-06 14:00:00+02:00,56252.0
2018-08-06 15:00:00+02:00,56353.0
2018-08-06 16:00:00+02:00,56553.0
2018-08-06 17:00:00+02:00,56387.0
2018-08-06 18:00:00+02:00,56460.0
2018-08-06 19:00:00+02:00,56312.0
2018-08-06 20:00:00+02:00,55187.0
2018-08-06 21:00:00+02:00,54602.0
2018-08-06 22:00:00+02:00,53779.0
2018-08-06 23:00:00+02:00,52523.0
2018-08-07 00:00:00+02:00,49823.0
2018-08-07 01:00:00+02:00,48505.0
2018-08-07 02:00:00+02:00,48170.0
2018-08-07 03:00:00+02:00,47910.0
2018-08-07 04:00:00+02:00,47968.0
2018-08-07 05:00:00+02:00,48667.0
2018-08-07 06:00:00+02:00,51057.0
2018-08-07 07:00:00+02:00,53603.0
2018-08-07 08:00:00+02:00,55134.0
2018-08-07 09:00:00+02:00,56502.0
2018-08-07 10:00:00+02:00,57673.0
2018-08-07 11:00:00+02:00,58143.0
2018-08-07 12:00:00+02:00,59258.0
2018-08-07 13:00:00+02:00,59711.0
2018-08-07 14:00:00+02:00,59114.0
2018-08-07 15:00:00+02:00,58708.0
2018-08-07 16:00:00+02:00,58744.0
2018-08-07 17:00:00+02:00,59000.0
2018-08-07 18:00:00+02:00,58821.0
2018-08-07 19:00:00+02:00,58441.0
2018-08-07 20:00:00+02:00,57292.0
2018-08-07 21:00:00+02:00,56945.0
2018-08-07 22:00:00+02:00,56450.0
2018-08-07 23:00:00+02:00,55125.0
2018-08-08 00:00:00+02:00,51919.0
2018-08-08 01:00:00+02:00,49775.0
2018-08-08 02:00:00+02:00,49202.0
2018-08-08 03:00:00+02:00,48521.0
2018-08-08 04:00:00+02:00,48092.0
2018-08-08 05:00:00+02:00,48107.0
2018-08-08 06:00:00+02:00,50914.0
2018-08-08 07:00:00+02:00,53104.0
2018-08-08 08:00:00+02:00,54383.0
2018-08-08 09:00:00+02:00,55564.0
2018-08-08 10:00:00+02:00,56519.0
2018-08-08 11:00:00+02:00,57052.0
2018-08-08 12:00:00+02:00,57930.0
2018-08-08 13:00:00+02:00,58284.0
2018-08-08 14:00:00+02:00,57797.0
2018-08-08 15:00:00+02:00,57201.0
2018-08-08 16:00:00+02:00,56228.0
2018-08-08 17:00:00+02:00,56392.0
2018-08-08 18:00:00+02:00,57788.0
2018-08-08 19:00:00+02:00,57858.0
2018-08-08 20:00:00+02:00,56512.0
2018-08-08 21:00:00+02:00,56384.0
2018-08-08 22:00:00+02:00,56849.0
2018-08-08 23:00:00+02:00,55092.0
2018-08-09 00:00:00+02:00,52967.0
2018-08-09 01:00:00+02:00,51649.0
2018-08-09 02:00:00+02:00,51571.0
2018-08-09 03:00:00+02:00,51377.0
2018-08-09 04:00:00+02:00,51348.0
2018-08-09 05:00:00+02:00,51629.0
2018-08-09 06:00:00+02:00,53801.0
2018-08-09 07:00:00+02:00,55856.0
2018-08-09 08:00:00+02:00,57708.0
2018-08-09 09:00:00+02:00,59009.0
2018-08-09 10:00:00+02:00,60386.0
2018-08-09 11:00:00+02:00,60840.0
2018-08-09 12:00:00+02:00,61571.0
2018-08-09 13:00:00+02:00,61973.0
2018-08-09 14:00:00+02:00,61757.0
2018-08-09 15:00:00+02:00,61508.0
2018-08-09 16:00:00+02:00,61511.0
2018-08-09 17:00:00+02:00,61568.0
2018-08-09 18:00:00+02:00,61410.0
2018-08-09 19:00:00+02:00,59630.0
2018-08-09 20:00:00+02:00,58251.0
2018-08-09 21:00:00+02:00,56566.0
2018-08-09 22:00:00+02:00,55910.0
2018-08-09 23:00:00+02:00,54786.0
2018-08-10 00:00:00+02:00,49382.0
2018-08-10 01:00:00+02:00,47748.0
2018-08-10 02:00:00+02:00,46816.0
2018-08-10 03:00:00+02:00,46246.0
2018-08-10 04:00:00+02:00,46148.0
2018-08-10 05:00:00+02:00,47535.0
2018-08-10 06:00:00+02:00,49198.0
2018-08-10 07:00:00+02:00,51865.0
2018-08-10 08:00:00+02:00,53628.0
2018-08-10 09:00:00+02:00,55452.0
2018-08-10 10:00:00+02:00,56929.0
2018-08-10 11:00:00+02:00,57823.0
2018-08-10 12:00:00+02:00,58541.0
2018-08-10 13:00:00+02:00,58886.0
2018-08-10 14:00:00+02:00,58752.0
2018-08-10 15:00:00+02:00,58462.0
2018-08-10 16:00:00+02:00,57705.0
2018-08-10 17:00:00+02:00,57993.0
2018-08-10 18:00:00+02:00,57720.0
2018-08-10 19:00:00+02:00,57594.0
2018-08-10 20:00:00+02:00,56671.0
2018-08-10 21:00:00+02:00,56316.0
2018-08-10 22:00:00+02:00,56380.0
2018-08-10 23:00:00+02:00,55285.0
2018-08-11 00:00:00+02:00,48649.0
2018-08-11 01:00:00+02:00,45312.0
2018-08-11 02:00:00+02:00,42600.0
2018-08-11 03:00:00+02:00,41074.0
2018-08-11 04:00:00+02:00,40726.0
2018-08-11 05:00:00+02:00,40638.0
2018-08-11 06:00:00+02:00,41078.0
2018-08-11 07:00:00+02:00,43311.0
2018-08-11 08:00:00+02:00,44842.0
2018-08-11 09:00:00+02:00,46397.0
2018-08-11 10:00:00+02:00,46197.0
2018-08-11 11:00:00+02:00,45760.0
2018-08-11 12:00:00+02:00,46394.0
2018-08-11 13:00:00+02:00,46215.0
2018-08-11 14:00:00+02:00,45875.0
2018-08-11 15:00:00+02:00,45355.0
2018-08-11 16:00:00+02:00,44599.0
2018-08-11 17:00:00+02:00,46576.0
2018-08-11 18:00:00+02:00,47539.0
2018-08-11 19:00:00+02:00,46838.0
2018-08-11 20:00:00+02:00,46717.0
2018-08-11 21:00:00+02:00,47078.0
2018-08-11 22:00:00+02:00,47728.0
2018-08-11 23:00:00+02:00,46689.0
2018-08-12 00:00:00+02:00,45872.0
2018-08-12 01:00:00+02:00,44076.0
2018-08-12 02:00:00+02:00,43229.0
2018-08-12 03:00:00+02:00,41310.0
2018-08-12 04:00:00+02:00,40936.0
2018-08-12 05:00:00+02:00,41064.0
2018-08-12 06:00:00+02:00,41521.0
2018-08-12 07:00:00+02:00,42890.0
2018-08-12 08:00:00+02:00,44866.0
2018-08-12 09:00:00+02:00,46659.0
2018-08-12 10:00:00+02:00,47302.0
2018-08-12 11:00:00+02:00,47968.0
2018-08-12 12:00:00+02:00,48646.0
2018-08-12 13:00:00+02:00,48553.0
2018-08-12 14:00:00+02:00,48261.0
2018-08-12 15:00:00+02:00,47872.0
2018-08-12 16:00:00+02:00,47274.0
2018-08-12 17:00:00+02:00,49401.0
2018-08-12 18:00:00+02:00,49818.0
2018-08-12 19:00:00+02:00,50077.0
2018-08-12 20:00:00+02:00,50011.0
2018-08-12 21:00:00+02:00,50132.0
2018-08-12 22:00:00+02:00,51086.0
2018-08-12 23:00:00+02:00,52737.0
2018-08-13 00:00:00+02:00,50458.0
2018-08-13 01:00:00+02:00,49076.0
2018-08-13 02:00:00+02:00,48184.0
2018-08-13 03:00:00+02:00,46927.0
2018-08-13 04:00:00+02:00,47549.0
2018-08-13 05:00:00+02:00,48460.0
2018-08-13 06:00:00+02:00,51327.0
2018-08-13 07:00:00+02:00,53403.0
2018-08-13 08:00:00+02:00,54756.0
2018-08-13 09:00:00+02:00,56338.0
2018-08-13 10:00:00+02:00,57364.0
2018-08-13 11:00:00+02:00,57776.0
2018-08-13 12:00:00+02:00,58855.0
2018-08-13 13:00:00+02:00,58870.0
2018-08-13 14:00:00+02:00,59024.0
2018-08-13 15:00:00+02:00,58956.0
2018-08-13 16:00:00+02:00,58996.0
2018-08-13 17:00:00+02:00,59471.0
2018-08-13 18:00:00+02:00,59304.0
2018-08-13 19:00:00+02:00,58712.0
2018-08-13 20:00:00+02:00,57489.0
2018-08-13 21:00:00+02:00,56714.0
2018-08-13 22:00:00+02:00,55769.0
2018-08-13 23:00:00+02:00,54017.0
2018-08-14 00:00:00+02:00,49790.0
2018-08-14 01:00:00+02:00,47939.0
2018-08-14 02:00:00+02:00,47399.0
2018-08-14 03:00:00+02:00,47011.0
2018-08-14 04:00:00+02:00,46815.0
2018-08-14 05:00:00+02:00,47324.0
2018-08-14 06:00:00+02:00,50154.0
2018-08-14 07:00:00+02:00,52139.0
2018-08-14 08:00:00+02:00,52948.0
2018-08-14 09:00:00+02:00,54921.0
2018-08-14 10:00:00+02:00,56527.0
2018-08-14 11:00:00+02:00,57264.0
2018-08-14 12:00:00+02:00,58248.0
2018-08-14 13:00:00+02:00,58250.0
2018-08-14 14:00:00+02:00,57877.0
2018-08-14 15:00:00+02:00,57543.0
2018-08-14 16:00:00+02:00,57098.0
2018-08-14 17:00:00+02:00,57134.0
2018-08-14 18:00:00+02:00,56094.0
2018-08-14 19:00:00+02:00,55033.0
2018-08-14 20:00:00+02:00,54323.0
2018-08-14 21:00:00+02:00,54008.0
2018-08-14 22:00:00+02:00,53869.0
2018-08-14 23:00:00+02:00,51869.0
2018-08-15 00:00:00+02:00,49541.0
2018-08-15 01:00:00+02:00,47426.0
2018-08-15 02:00:00+02:00,46365.0
2018-08-15 03:00:00+02:00,45583.0
2018-08-15 04:00:00+02:00,45495.0
2018-08-15 05:00:00+02:00,45652.0
2018-08-15 06:00:00+02:00,47472.0
2018-08-15 07:00:00+02:00,48314.0
2018-08-15 08:00:00+02:00,49537.0
2018-08-15 09:00:00+02:00,51253.0
2018-08-15 10:00:00+02:00,53267.0
2018-08-15 11:00:00+02:00,53820.0
2018-08-15 12:00:00+02:00,54568.0
2018-08-15 13:00:00+02:00,54793.0
2018-08-15 14:00:00+02:00,54215.0
2018-08-15 15:00:00+02:00,53774.0
2018-08-15 16:00:00+02:00,52557.0
2018-08-15 17:00:00+02:00,52757.0
2018-08-15 18:00:00+02:00,52379.0
2018-08-15 19:00:00+02:00,51045.0
2018-08-15 20:00:00+02:00,50269.0
2018-08-15 21:00:00+02:00,50530.0
2018-08-15 22:00:00+02:00,50909.0
2018-08-15 23:00:00+02:00,49131.0
2018-08-16 00:00:00+02:00,47932.0
2018-08-16 01:00:00+02:00,46897.0
2018-08-16 02:00:00+02:00,45075.0
2018-08-16 03:00:00+02:00,44540.0
2018-08-16 04:00:00+02:00,44114.0
2018-08-16 05:00:00+02:00,45060.0
2018-08-16 06:00:00+02:00,48301.0
2018-08-16 07:00:00+02:00,50164.0
2018-08-16 08:00:00+02:00,51364.0
2018-08-16 09:00:00+02:00,52926.0
2018-08-16 10:00:00+02:00,53801.0
2018-08-16 11:00:00+02:00,54329.0
2018-08-16 12:00:00+02:00,54690.0
2018-08-16 13:00:00+02:00,54391.0
2018-08-16 14:00:00+02:00,53812.0
2018-08-16 15:00:00+02:00,53991.0
2018-08-16 16:00:00+02:00,54577.0
2018-08-16 17:00:00+02:00,55159.0
2018-08-16 18:00:00+02:00,54013.0
2018-08-16 19:00:00+02:00,53316.0
2018-08-16 20:00:00+02:00,53136.0
2018-08-16 21:00:00+02:00,52527.0
2018-08-16 22:00:00+02:00,52104.0
2018-08-16 23:00:00+02:00,51015.0
2018-08-17 00:00:00+02:00,48311.0
2018-08-17 01:00:00+02:00,46058.0
2018-08-17 02:00:00+02:00,45594.0
2018-08-17 03:00:00+02:00,45631.0
2018-08-17 04:00:00+02:00,45444.0
2018-08-17 05:00:00+02:00,46707.0
2018-08-17 06:00:00+02:00,49163.0
2018-08-17 07:00:00+02:00,50169.0
2018-08-17 08:00:00+02:00,50988.0
2018-08-17 09:00:00+02:00,52246.0
2018-08-17 10:00:00+02:00,53369.0
2018-08-17 11:00:00+02:00,53824.0
2018-08-17 12:00:00+02:00,54263.0
2018-08-17 13:00:00+02:00,53742.0
2018-08-17 14:00:00+02:00,53182.0
2018-08-17 15:00:00+02:00,52721.0
2018-08-17 16:00:00+02:00,52346.0
2018-08-17 17:00:00+02:00,52807.0
2018-08-17 18:00:00+02:00,52495.0
2018-08-17 19:00:00+02:00,51698.0
2018-08-17 20:00:00+02:00,50951.0
2018-08-17 21:00:00+02:00,50167.0
2018-08-17 22:00:00+02:00,49991.0
2018-08-17 23:00:00+02:00,49978.0
2018-08-18 00:00:00+02:00,46188.0
2018-08-18 01:00:00+02:00,43594.0
2018-08-18 02:00:00+02:00,41692.0
2018-08-18 03:00:00+02:00,40212.0
2018-08-18 04:00:00+02:00,39929.0
2018-08-18 05:00:00+02:00,40033.0
2018-08-18 06:00:00+02:00,40761.0
2018-08-18 07:00:00+02:00,42280.0
2018-08-18 08:00:00+02:00,43776.0
2018-08-18 09:00:00+02:00,45322.0
2018-08-18 10:00:00+02:00,46307.0
2018-08-18 11:00:00+02:00,45993.0
2018-08-18 12:00:00+02:00,46681.0
2018-08-18 13:00:00+02:00,45737.0
2018-08-18 14:00:00+02:00,44718.0
2018-08-18 15:00:00+02:00,44277.0
2018-08-18 16:00:00+02:00,44267.0
2018-08-18 17:00:00+02:00,45790.0
2018-08-18 18:00:00+02:00,46800.0
2018-08-18 19:00:00+02:00,46272.0
2018-08-18 20:00:00+02:00,45914.0
2018-08-18 21:00:00+02:00,45915.0
2018-08-18 22:00:00+02:00,46386.0
2018-08-18 23:00:00+02:00,46096.0
2018-08-19 00:00:00+02:00,42681.0
2018-08-19 01:00:00+02:00,41120.0
2018-08-19 02:00:00+02:00,40289.0
2018-08-19 03:00:00+02:00,39220.0
2018-08-19 04:00:00+02:00,38310.0
2018-08-19 05:00:00+02:00,38358.0
2018-08-19 06:00:00+02:00,38856.0
2018-08-19 07:00:00+02:00,40293.0
2018-08-19 08:00:00+02:00,41511.0
2018-08-19 09:00:00+02:00,42109.0
2018-08-19 10:00:00+02:00,42424.0
2018-08-19 11:00:00+02:00,43784.0
2018-08-19 12:00:00+02:00,44389.0
2018-08-19 13:00:00+02:00,44460.0
2018-08-19 14:00:00+02:00,44087.0
2018-08-19 15:00:00+02:00,44128.0
2018-08-19 16:00:00+02:00,44415.0
2018-08-19 17:00:00+02:00,46305.0
2018-08-19 18:00:00+02:00,46792.0
2018-08-19 19:00:00+02:00,46918.0
2018-08-19 20:00:00+02:00,46739.0
2018-08-19 21:00:00+02:00,47115.0
2018-08-19 22:00:00+02:00,48033.0
2018-08-19 23:00:00+02:00,47267.0
2018-08-20 00:00:00+02:00,43750.0
2018-08-20 01:00:00+02:00,41678.0
2018-08-20 02:00:00+02:00,41128.0
2018-08-20 03:00:00+02:00,40436.0
2018-08-20 04:00:00+02:00,40901.0
2018-08-20 05:00:00+02:00,42460.0
2018-08-20 06:00:00+02:00,46340.0
2018-08-20 07:00:00+02:00,49217.0
2018-08-20 08:00:00+02:00,51048.0
2018-08-20 09:00:00+02:00,52949.0
2018-08-20 10:00:00+02:00,53765.0
2018-08-20 11:00:00+02:00,54677.0
2018-08-20 12:00:00+02:00,55373.0
2018-08-20 13:00:00+02:00,54907.0
2018-08-20 14:00:00+02:00,54540.0
2018-08-20 15:00:00+02:00,54293.0
2018-08-20 16:00:00+02:00,53913.0
2018-08-20 17:00:00+02:00,54690.0
2018-08-20 18:00:00+02:00,53886.0
2018-08-20 19:00:00+02:00,52916.0
2018-08-20 20:00:00+02:00,52397.0
2018-08-20 21:00:00+02:00,52035.0
2018-08-20 22:00:00+02:00,52038.0
2018-08-20 23:00:00+02:00,51269.0
2018-08-21 00:00:00+02:00,47056.0
2018-08-21 01:00:00+02:00,44858.0
2018-08-21 02:00:00+02:00,43295.0
2018-08-21 03:00:00+02:00,41930.0
2018-08-21 04:00:00+02:00,41848.0
2018-08-21 05:00:00+02:00,43104.0
2018-08-21 06:00:00+02:00,46476.0
2018-08-21 07:00:00+02:00,48049.0
2018-08-21 08:00:00+02:00,49155.0
2018-08-21 09:00:00+02:00,51077.0
2018-08-21 10:00:00+02:00,52520.0
2018-08-21 11:00:00+02:00,52893.0
2018-08-21 12:00:00+02:00,53512.0
2018-08-21 13:00:00+02:00,53499.0
2018-08-21 14:00:00+02:00,53253.0
2018-08-21 15:00:00+02:00,54372.0
2018-08-21 16:00:00+02:00,53724.0
2018-08-21 17:00:00+02:00,53446.0
2018-08-21 18:00:00+02:00,52798.0
2018-08-21 19:00:00+02:00,51745.0
2018-08-21 20:00:00+02:00,51030.0
2018-08-21 21:00:00+02:00,50495.0
2018-08-21 22:00:00+02:00,50460.0
2018-08-21 23:00:00+02:00,50123.0
2018-08-22 00:00:00+02:00,47226.0
2018-08-22 01:00:00+02:00,44038.0
2018-08-22 02:00:00+02:00,43233.0
2018-08-22 03:00:00+02:00,43053.0
2018-08-22 04:00:00+02:00,41875.0
2018-08-22 05:00:00+02:00,43048.0
2018-08-22 06:00:00+02:00,46136.0
2018-08-22 07:00:00+02:00,47771.0
2018-08-22 08:00:00+02:00,49170.0
2018-08-22 09:00:00+02:00,51620.0
2018-08-22 10:00:00+02:00,53121.0
2018-08-22 11:00:00+02:00,53825.0
2018-08-22 12:00:00+02:00,54006.0
2018-08-22 13:00:00+02:00,54003.0
2018-08-22 14:00:00+02:00,53194.0
2018-08-22 15:00:00+02:00,53166.0
2018-08-22 16:00:00+02:00,52524.0
2018-08-22 17:00:00+02:00,52267.0
2018-08-22 18:00:00+02:00,52678.0
2018-08-22 19:00:00+02:00,52081.0
2018-08-22 20:00:00+02:00,51894.0
2018-08-22 21:00:00+02:00,51165.0
2018-08-22 22:00:00+02:00,49980.0
2018-08-22 23:00:00+02:00,49096.0
2018-08-23 00:00:00+02:00,47261.0
2018-08-23 01:00:00+02:00,44887.0
2018-08-23 02:00:00+02:00,43491.0
2018-08-23 03:00:00+02:00,42314.0
2018-08-23 04:00:00+02:00,42636.0
2018-08-23 05:00:00+02:00,44660.0
2018-08-23 06:00:00+02:00,46634.0
2018-08-23 07:00:00+02:00,47791.0
2018-08-23 08:00:00+02:00,49316.0
2018-08-23 09:00:00+02:00,51150.0
2018-08-23 10:00:00+02:00,52300.0
2018-08-23 11:00:00+02:00,52925.0
2018-08-23 12:00:00+02:00,53700.0
2018-08-23 13:00:00+02:00,53930.0
2018-08-23 14:00:00+02:00,53456.0
2018-08-23 15:00:00+02:00,53309.0
2018-08-23 16:00:00+02:00,53020.0
2018-08-23 17:00:00+02:00,52959.0
2018-08-23 18:00:00+02:00,52809.0
2018-08-23 19:00:00+02:00,52618.0
2018-08-23 20:00:00+02:00,52049.0
2018-08-23 21:00:00+02:00,51006.0
2018-08-23 22:00:00+02:00,50331.0
2018-08-23 23:00:00+02:00,49845.0
2018-08-24 00:00:00+02:00,49266.0
2018-08-24 01:00:00+02:00,46157.0
2018-08-24 02:00:00+02:00,44974.0
2018-08-24 03:00:00+02:00,44086.0
2018-08-24 04:00:00+02:00,43934.0
2018-08-24 05:00:00+02:00,44533.0
2018-08-24 06:00:00+02:00,47753.0
2018-08-24 07:00:00+02:00,49279.0
2018-08-24 08:00:00+02:00,51246.0
2018-08-24 09:00:00+02:00,52791.0
2018-08-24 10:00:00+02:00,54122.0
2018-08-24 11:00:00+02:00,54911.0
2018-08-24 12:00:00+02:00,55417.0
2018-08-24 13:00:00+02:00,55455.0
2018-08-24 14:00:00+02:00,55390.0
2018-08-24 15:00:00+02:00,53712.0
2018-08-24 16:00:00+02:00,53357.0
2018-08-24 17:00:00+02:00,53452.0
2018-08-24 18:00:00+02:00,52766.0
2018-08-24 19:00:00+02:00,51973.0
2018-08-24 20:00:00+02:00,51346.0
2018-08-24 21:00:00+02:00,50660.0
2018-08-24 22:00:00+02:00,49268.0
2018-08-24 23:00:00+02:00,48999.0
2018-08-25 00:00:00+02:00,43657.0
2018-08-25 01:00:00+02:00,40939.0
2018-08-25 02:00:00+02:00,40049.0
2018-08-25 03:00:00+02:00,39042.0
2018-08-25 04:00:00+02:00,38750.0
2018-08-25 05:00:00+02:00,38640.0
2018-08-25 06:00:00+02:00,39481.0
2018-08-25 07:00:00+02:00,41200.0
2018-08-25 08:00:00+02:00,42995.0
2018-08-25 09:00:00+02:00,44739.0
2018-08-25 10:00:00+02:00,45982.0
2018-08-25 11:00:00+02:00,46162.0
2018-08-25 12:00:00+02:00,46929.0
2018-08-25 13:00:00+02:00,46983.0
2018-08-25 14:00:00+02:00,45473.0
2018-08-25 15:00:00+02:00,44150.0
2018-08-25 16:00:00+02:00,43442.0
2018-08-25 17:00:00+02:00,44469.0
2018-08-25 18:00:00+02:00,44090.0
2018-08-25 19:00:00+02:00,43593.0
2018-08-25 20:00:00+02:00,42967.0
2018-08-25 21:00:00+02:00,42971.0
2018-08-25 22:00:00+02:00,42824.0
2018-08-25 23:00:00+02:00,42076.0
2018-08-26 00:00:00+02:00,40917.0
2018-08-26 01:00:00+02:00,39383.0
2018-08-26 02:00:00+02:00,37780.0
2018-08-26 03:00:00+02:00,35692.0
2018-08-26 04:00:00+02:00,35190.0
2018-08-26 05:00:00+02:00,35652.0
2018-08-26 06:00:00+02:00,36891.0
2018-08-26 07:00:00+02:00,37097.0
2018-08-26 08:00:00+02:00,37979.0
2018-08-26 09:00:00+02:00,39876.0
2018-08-26 10:00:00+02:00,41383.0
2018-08-26 11:00:00+02:00,42146.0
2018-08-26 12:00:00+02:00,42759.0
2018-08-26 13:00:00+02:00,42732.0
2018-08-26 14:00:00+02:00,42525.0
2018-08-26 15:00:00+02:00,42045.0
2018-08-26 16:00:00+02:00,41791.0
2018-08-26 17:00:00+02:00,43865.0
2018-08-26 18:00:00+02:00,45094.0
2018-08-26 19:00:00+02:00,44958.0
2018-08-26 20:00:00+02:00,45258.0
2018-08-26 21:00:00+02:00,45135.0
2018-08-26 22:00:00+02:00,45094.0
2018-08-26 23:00:00+02:00,45145.0
2018-08-27 00:00:00+02:00,43048.0
2018-08-27 01:00:00+02:00,41333.0
2018-08-27 02:00:00+02:00,39611.0
2018-08-27 03:00:00+02:00,38656.0
2018-08-27 04:00:00+02:00,38089.0
2018-08-27 05:00:00+02:00,40624.0
2018-08-27 06:00:00+02:00,43287.0
2018-08-27 07:00:00+02:00,45580.0
2018-08-27 08:00:00+02:00,47831.0
2018-08-27 09:00:00+02:00,50302.0
2018-08-27 10:00:00+02:00,51344.0
2018-08-27 11:00:00+02:00,52214.0
2018-08-27 12:00:00+02:00,52853.0
2018-08-27 13:00:00+02:00,53086.0
2018-08-27 14:00:00+02:00,52177.0
2018-08-27 15:00:00+02:00,51732.0
2018-08-27 16:00:00+02:00,51266.0
2018-08-27 17:00:00+02:00,51371.0
2018-08-27 18:00:00+02:00,50364.0
2018-08-27 19:00:00+02:00,49570.0
2018-08-27 20:00:00+02:00,49256.0
2018-08-27 21:00:00+02:00,48709.0
2018-08-27 22:00:00+02:00,48147.0
2018-08-27 23:00:00+02:00,47215.0
2018-08-28 00:00:00+02:00,45269.0
2018-08-28 01:00:00+02:00,43138.0
2018-08-28 02:00:00+02:00,42197.0
2018-08-28 03:00:00+02:00,41793.0
2018-08-28 04:00:00+02:00,42123.0
2018-08-28 05:00:00+02:00,42655.0
2018-08-28 06:00:00+02:00,45651.0
2018-08-28 07:00:00+02:00,47693.0
2018-08-28 08:00:00+02:00,49120.0
2018-08-28 09:00:00+02:00,50682.0
2018-08-28 10:00:00+02:00,52094.0
2018-08-28 11:00:00+02:00,52776.0
2018-08-28 12:00:00+02:00,53727.0
2018-08-28 13:00:00+02:00,53625.0
2018-08-28 14:00:00+02:00,52927.0
2018-08-28 15:00:00+02:00,52542.0
2018-08-28 16:00:00+02:00,52004.0
2018-08-28 17:00:00+02:00,52650.0
2018-08-28 18:00:00+02:00,52331.0
2018-08-28 19:00:00+02:00,52434.0
2018-08-28 20:00:00+02:00,52407.0
2018-08-28 21:00:00+02:00,51501.0
2018-08-28 22:00:00+02:00,51145.0
2018-08-28 23:00:00+02:00,51019.0
2018-08-29 00:00:00+02:00,49359.0
2018-08-29 01:00:00+02:00,46711.0
2018-08-29 02:00:00+02:00,45671.0
2018-08-29 03:00:00+02:00,45041.0
2018-08-29 04:00:00+02:00,44841.0
2018-08-29 05:00:00+02:00,45173.0
2018-08-29 06:00:00+02:00,48050.0
2018-08-29 07:00:00+02:00,50137.0
2018-08-29 08:00:00+02:00,50764.0
2018-08-29 09:00:00+02:00,52745.0
2018-08-29 10:00:00+02:00,54225.0
2018-08-29 11:00:00+02:00,54445.0
2018-08-29 12:00:00+02:00,54666.0
2018-08-29 13:00:00+02:00,54495.0
2018-08-29 14:00:00+02:00,54080.0
2018-08-29 15:00:00+02:00,53972.0
2018-08-29 16:00:00+02:00,53930.0
2018-08-29 17:00:00+02:00,54372.0
2018-08-29 18:00:00+02:00,54117.0
2018-08-29 19:00:00+02:00,53883.0
2018-08-29 20:00:00+02:00,53453.0
2018-08-29 21:00:00+02:00,52546.0
2018-08-29 22:00:00+02:00,51772.0
2018-08-29 23:00:00+02:00,50825.0
2018-08-30 00:00:00+02:00,48501.0
2018-08-30 01:00:00+02:00,47120.0
2018-08-30 02:00:00+02:00,46230.0
2018-08-30 03:00:00+02:00,45135.0
2018-08-30 04:00:00+02:00,44914.0
2018-08-30 05:00:00+02:00,45743.0
2018-08-30 06:00:00+02:00,48510.0
2018-08-30 07:00:00+02:00,49992.0
2018-08-30 08:00:00+02:00,51586.0
2018-08-30 09:00:00+02:00,53675.0
2018-08-30 10:00:00+02:00,54422.0
2018-08-30 11:00:00+02:00,54658.0
2018-08-30 12:00:00+02:00,55354.0
2018-08-30 13:00:00+02:00,55618.0
2018-08-30 14:00:00+02:00,55309.0
2018-08-30 15:00:00+02:00,54525.0
2018-08-30 16:00:00+02:00,53760.0
2018-08-30 17:00:00+02:00,53276.0
2018-08-30 18:00:00+02:00,52891.0
2018-08-30 19:00:00+02:00,52465.0
2018-08-30 20:00:00+02:00,51422.0
2018-08-30 21:00:00+02:00,51071.0
2018-08-30 22:00:00+02:00,50378.0
2018-08-30 23:00:00+02:00,50127.0
2018-08-31 00:00:00+02:00,47973.0
2018-08-31 01:00:00+02:00,46298.0
2018-08-31 02:00:00+02:00,44882.0
2018-08-31 03:00:00+02:00,44051.0
2018-08-31 04:00:00+02:00,44447.0
2018-08-31 05:00:00+02:00,45366.0
2018-08-31 06:00:00+02:00,48566.0
2018-08-31 07:00:00+02:00,49966.0
2018-08-31 08:00:00+02:00,52492.0
2018-08-31 09:00:00+02:00,54323.0
2018-08-31 10:00:00+02:00,55649.0
2018-08-31 11:00:00+02:00,56477.0
2018-08-31 12:00:00+02:00,56760.0
2018-08-31 13:00:00+02:00,56682.0
2018-08-31 14:00:00+02:00,55930.0
2018-08-31 15:00:00+02:00,55029.0
2018-08-31 16:00:00+02:00,54349.0
2018-08-31 17:00:00+02:00,54477.0
2018-08-31 18:00:00+02:00,53470.0
2018-08-31 19:00:00+02:00,52421.0
2018-08-31 20:00:00+02:00,51769.0
2018-08-31 21:00:00+02:00,51104.0
2018-08-31 22:00:00+02:00,50611.0
2018-08-31 23:00:00+02:00,50427.0
2018-09-01 00:00:00+02:00,47988.0
2018-09-01 01:00:00+02:00,44213.0
2018-09-01 02:00:00+02:00,42140.0
2018-09-01 03:00:00+02:00,41559.0
2018-09-01 04:00:00+02:00,41377.0
2018-09-01 05:00:00+02:00,41374.0
2018-09-01 06:00:00+02:00,41860.0
2018-09-01 07:00:00+02:00,43138.0
2018-09-01 08:00:00+02:00,45842.0
2018-09-01 09:00:00+02:00,48266.0
2018-09-01 10:00:00+02:00,49807.0
2018-09-01 11:00:00+02:00,50504.0
2018-09-01 12:00:00+02:00,50795.0
2018-09-01 13:00:00+02:00,51018.0
2018-09-01 14:00:00+02:00,51091.0
2018-09-01 15:00:00+02:00,50921.0
2018-09-01 16:00:00+02:00,51164.0
2018-09-01 17:00:00+02:00,51127.0
2018-09-01 18:00:00+02:00,50301.0
2018-09-01 19:00:00+02:00,49258.0
2018-09-01 20:00:00+02:00,48978.0
2018-09-01 21:00:00+02:00,49197.0
2018-09-01 22:00:00+02:00,49583.0
2018-09-01 23:00:00+02:00,50147.0
2018-09-02 00:00:00+02:00,45858.0
2018-09-02 01:00:00+02:00,43485.0
2018-09-02 02:00:00+02:00,42392.0
2018-09-02 03:00:00+02:00,41858.0
2018-09-02 04:00:00+02:00,41866.0
2018-09-02 05:00:00+02:00,41986.0
2018-09-02 06:00:00+02:00,42094.0
2018-09-02 07:00:00+02:00,43100.0
2018-09-02 08:00:00+02:00,44991.0
2018-09-02 09:00:00+02:00,47118.0
2018-09-02 10:00:00+02:00,48169.0
2018-09-02 11:00:00+02:00,48760.0
2018-09-02 12:00:00+02:00,49759.0
2018-09-02 13:00:00+02:00,49672.0
2018-09-02 14:00:00+02:00,48740.0
2018-09-02 15:00:00+02:00,48365.0
2018-09-02 16:00:00+02:00,47874.0
2018-09-02 17:00:00+02:00,47661.0
2018-09-02 18:00:00+02:00,49259.0
2018-09-02 19:00:00+02:00,49353.0
2018-09-02 20:00:00+02:00,49619.0
2018-09-02 21:00:00+02:00,49622.0
2018-09-02 22:00:00+02:00,49730.0
2018-09-02 23:00:00+02:00,50407.0
2018-09-03 00:00:00+02:00,45669.0
2018-09-03 01:00:00+02:00,43942.0
2018-09-03 02:00:00+02:00,44233.0
2018-09-03 03:00:00+02:00,44098.0
2018-09-03 04:00:00+02:00,44655.0
2018-09-03 05:00:00+02:00,46499.0
2018-09-03 06:00:00+02:00,50084.0
2018-09-03 07:00:00+02:00,52294.0
2018-09-03 08:00:00+02:00,54517.0
2018-09-03 09:00:00+02:00,56576.0
2018-09-03 10:00:00+02:00,57866.0
2018-09-03 11:00:00+02:00,58255.0
2018-09-03 12:00:00+02:00,58366.0
2018-09-03 13:00:00+02:00,60021.0
2018-09-03 14:00:00+02:00,59664.0
2018-09-03 15:00:00+02:00,58695.0
2018-09-03 16:00:00+02:00,58215.0
2018-09-03 17:00:00+02:00,58473.0
2018-09-03 18:00:00+02:00,57316.0
2018-09-03 19:00:00+02:00,56411.0
2018-09-03 20:00:00+02:00,55997.0
2018-09-03 21:00:00+02:00,54105.0
2018-09-03 22:00:00+02:00,53332.0
2018-09-03 23:00:00+02:00,51502.0
2018-09-04 00:00:00+02:00,48678.0
2018-09-04 01:00:00+02:00,47505.0
2018-09-04 02:00:00+02:00,47422.0
2018-09-04 03:00:00+02:00,47489.0
2018-09-04 04:00:00+02:00,47583.0
2018-09-04 05:00:00+02:00,48244.0
2018-09-04 06:00:00+02:00,51890.0
2018-09-04 07:00:00+02:00,54008.0
2018-09-04 08:00:00+02:00,56700.0
2018-09-04 09:00:00+02:00,58750.0
2018-09-04 10:00:00+02:00,59764.0
2018-09-04 11:00:00+02:00,60299.0
2018-09-04 12:00:00+02:00,60205.0
2018-09-04 13:00:00+02:00,60368.0
2018-09-04 14:00:00+02:00,60271.0
2018-09-04 15:00:00+02:00,59391.0
2018-09-04 16:00:00+02:00,58309.0
2018-09-04 17:00:00+02:00,58397.0
2018-09-04 18:00:00+02:00,58322.0
2018-09-04 19:00:00+02:00,57939.0
2018-09-04 20:00:00+02:00,56908.0
2018-09-04 21:00:00+02:00,55323.0
2018-09-04 22:00:00+02:00,53883.0
2018-09-04 23:00:00+02:00,52671.0
2018-09-05 00:00:00+02:00,49372.0
2018-09-05 01:00:00+02:00,48142.0
2018-09-05 02:00:00+02:00,47807.0
2018-09-05 03:00:00+02:00,47302.0
2018-09-05 04:00:00+02:00,47723.0
2018-09-05 05:00:00+02:00,48670.0
2018-09-05 06:00:00+02:00,51564.0
2018-09-05 07:00:00+02:00,54405.0
2018-09-05 08:00:00+02:00,55613.0
2018-09-05 09:00:00+02:00,56783.0
2018-09-05 10:00:00+02:00,57747.0
2018-09-05 11:00:00+02:00,58241.0
2018-09-05 12:00:00+02:00,57574.0
2018-09-05 13:00:00+02:00,57796.0
2018-09-05 14:00:00+02:00,57670.0
2018-09-05 15:00:00+02:00,57520.0
2018-09-05 16:00:00+02:00,57174.0
2018-09-05 17:00:00+02:00,56543.0
2018-09-05 18:00:00+02:00,56378.0
2018-09-05 19:00:00+02:00,56229.0
2018-09-05 20:00:00+02:00,56492.0
2018-09-05 21:00:00+02:00,55328.0
2018-09-05 22:00:00+02:00,53876.0
2018-09-05 23:00:00+02:00,52428.0
2018-09-06 00:00:00+02:00,50195.0
2018-09-06 01:00:00+02:00,49493.0
2018-09-06 02:00:00+02:00,48498.0
2018-09-06 03:00:00+02:00,48272.0
2018-09-06 04:00:00+02:00,47978.0
2018-09-06 05:00:00+02:00,49378.0
2018-09-06 06:00:00+02:00,53184.0
2018-09-06 07:00:00+02:00,55476.0
2018-09-06 08:00:00+02:00,56971.0
2018-09-06 09:00:00+02:00,57947.0
2018-09-06 10:00:00+02:00,58668.0
2018-09-06 11:00:00+02:00,58990.0
2018-09-06 12:00:00+02:00,58919.0
2018-09-06 13:00:00+02:00,59226.0
2018-09-06 14:00:00+02:00,58828.0
2018-09-06 15:00:00+02:00,58251.0
2018-09-06 16:00:00+02:00,57988.0
2018-09-06 17:00:00+02:00,58225.0
2018-09-06 18:00:00+02:00,58429.0
2018-09-06 19:00:00+02:00,57871.0
2018-09-06 20:00:00+02:00,57481.0
2018-09-06 21:00:00+02:00,56486.0
2018-09-06 22:00:00+02:00,54598.0
2018-09-06 23:00:00+02:00,52258.0
2018-09-07 00:00:00+02:00,50268.0
2018-09-07 01:00:00+02:00,49098.0
2018-09-07 02:00:00+02:00,48830.0
2018-09-07 03:00:00+02:00,48928.0
2018-09-07 04:00:00+02:00,49062.0
2018-09-07 05:00:00+02:00,49607.0
2018-09-07 06:00:00+02:00,52680.0
2018-09-07 07:00:00+02:00,55380.0
2018-09-07 08:00:00+02:00,58173.0
2018-09-07 09:00:00+02:00,59553.0
2018-09-07 10:00:00+02:00,60825.0
2018-09-07 11:00:00+02:00,61036.0
2018-09-07 12:00:00+02:00,61035.0
2018-09-07 13:00:00+02:00,60804.0
2018-09-07 14:00:00+02:00,60383.0
2018-09-07 15:00:00+02:00,58900.0
2018-09-07 16:00:00+02:00,57970.0
2018-09-07 17:00:00+02:00,58322.0
2018-09-07 18:00:00+02:00,58351.0
2018-09-07 19:00:00+02:00,57896.0
2018-09-07 20:00:00+02:00,57541.0
2018-09-07 21:00:00+02:00,56043.0
2018-09-07 22:00:00+02:00,55454.0
2018-09-07 23:00:00+02:00,54143.0
2018-09-08 00:00:00+02:00,49274.0
2018-09-08 01:00:00+02:00,46739.0
2018-09-08 02:00:00+02:00,45793.0
2018-09-08 03:00:00+02:00,45233.0
2018-09-08 04:00:00+02:00,45262.0
2018-09-08 05:00:00+02:00,45344.0
2018-09-08 06:00:00+02:00,45331.0
2018-09-08 07:00:00+02:00,45562.0
2018-09-08 08:00:00+02:00,47319.0
2018-09-08 09:00:00+02:00,49991.0
2018-09-08 10:00:00+02:00,51380.0
2018-09-08 11:00:00+02:00,51888.0
2018-09-08 12:00:00+02:00,52275.0
2018-09-08 13:00:00+02:00,51239.0
2018-09-08 14:00:00+02:00,50163.0
2018-09-08 15:00:00+02:00,49401.0
2018-09-08 16:00:00+02:00,48642.0
2018-09-08 17:00:00+02:00,48737.0
2018-09-08 18:00:00+02:00,50305.0
2018-09-08 19:00:00+02:00,50562.0
2018-09-08 20:00:00+02:00,50501.0
2018-09-08 21:00:00+02:00,50273.0
2018-09-08 22:00:00+02:00,49918.0
2018-09-08 23:00:00+02:00,50207.0
2018-09-09 00:00:00+02:00,47644.0
2018-09-09 01:00:00+02:00,46475.0
2018-09-09 02:00:00+02:00,45674.0
2018-09-09 03:00:00+02:00,45172.0
2018-09-09 04:00:00+02:00,45020.0
2018-09-09 05:00:00+02:00,45371.0
2018-09-09 06:00:00+02:00,45651.0
2018-09-09 07:00:00+02:00,46212.0
2018-09-09 08:00:00+02:00,47244.0
2018-09-09 09:00:00+02:00,48638.0
2018-09-09 10:00:00+02:00,49515.0
2018-09-09 11:00:00+02:00,50222.0
2018-09-09 12:00:00+02:00,50988.0
2018-09-09 13:00:00+02:00,51107.0
2018-09-09 14:00:00+02:00,50354.0
2018-09-09 15:00:00+02:00,50349.0
2018-09-09 16:00:00+02:00,49976.0
2018-09-09 17:00:00+02:00,50701.0
2018-09-09 18:00:00+02:00,52567.0
2018-09-09 19:00:00+02:00,52593.0
2018-09-09 20:00:00+02:00,53146.0
2018-09-09 21:00:00+02:00,53674.0
2018-09-09 22:00:00+02:00,53728.0
2018-09-09 23:00:00+02:00,52156.0
2018-09-10 00:00:00+02:00,50073.0
2018-09-10 01:00:00+02:00,49324.0
2018-09-10 02:00:00+02:00,50034.0
2018-09-10 03:00:00+02:00,50025.0
2018-09-10 04:00:00+02:00,49994.0
2018-09-10 05:00:00+02:00,51024.0
2018-09-10 06:00:00+02:00,55639.0
2018-09-10 07:00:00+02:00,58089.0
2018-09-10 08:00:00+02:00,59128.0
2018-09-10 09:00:00+02:00,60774.0
2018-09-10 10:00:00+02:00,61932.0
2018-09-10 11:00:00+02:00,61728.0
2018-09-10 12:00:00+02:00,62420.0
2018-09-10 13:00:00+02:00,62031.0
2018-09-10 14:00:00+02:00,61221.0
2018-09-10 15:00:00+02:00,61063.0
2018-09-10 16:00:00+02:00,60786.0
2018-09-10 17:00:00+02:00,60801.0
2018-09-10 18:00:00+02:00,60493.0
2018-09-10 19:00:00+02:00,59932.0
2018-09-10 20:00:00+02:00,59557.0
2018-09-10 21:00:00+02:00,58402.0
2018-09-10 22:00:00+02:00,57574.0
2018-09-10 23:00:00+02:00,56301.0
2018-09-11 00:00:00+02:00,52378.0
2018-09-11 01:00:00+02:00,51405.0
2018-09-11 02:00:00+02:00,51045.0
2018-09-11 03:00:00+02:00,51143.0
2018-09-11 04:00:00+02:00,51049.0
2018-09-11 05:00:00+02:00,51497.0
2018-09-11 06:00:00+02:00,55059.0
2018-09-11 07:00:00+02:00,56653.0
2018-09-11 08:00:00+02:00,57632.0
2018-09-11 09:00:00+02:00,59298.0
2018-09-11 10:00:00+02:00,60964.0
2018-09-11 11:00:00+02:00,61915.0
2018-09-11 12:00:00+02:00,62068.0
2018-09-11 13:00:00+02:00,61944.0
2018-09-11 14:00:00+02:00,61931.0
2018-09-11 15:00:00+02:00,61048.0
2018-09-11 16:00:00+02:00,60030.0
2018-09-11 17:00:00+02:00,59378.0
2018-09-11 18:00:00+02:00,58714.0
2018-09-11 19:00:00+02:00,58049.0
2018-09-11 20:00:00+02:00,58523.0
2018-09-11 21:00:00+02:00,57812.0
2018-09-11 22:00:00+02:00,56846.0
2018-09-11 23:00:00+02:00,55346.0
2018-09-12 00:00:00+02:00,52346.0
2018-09-12 01:00:00+02:00,51195.0
2018-09-12 02:00:00+02:00,51459.0
2018-09-12 03:00:00+02:00,51489.0
2018-09-12 04:00:00+02:00,51674.0
2018-09-12 05:00:00+02:00,52468.0
2018-09-12 06:00:00+02:00,56144.0
2018-09-12 07:00:00+02:00,58120.0
2018-09-12 08:00:00+02:00,59394.0
2018-09-12 09:00:00+02:00,60777.0
2018-09-12 10:00:00+02:00,61686.0
2018-09-12 11:00:00+02:00,62153.0
2018-09-12 12:00:00+02:00,62821.0
2018-09-12 13:00:00+02:00,62735.0
2018-09-12 14:00:00+02:00,62139.0
2018-09-12 15:00:00+02:00,61311.0
2018-09-12 16:00:00+02:00,60693.0
2018-09-12 17:00:00+02:00,61121.0
2018-09-12 18:00:00+02:00,60825.0
2018-09-12 19:00:00+02:00,60531.0
2018-09-12 20:00:00+02:00,60499.0
2018-09-12 21:00:00+02:00,59666.0
2018-09-12 22:00:00+02:00,58656.0
2018-09-12 23:00:00+02:00,57369.0
2018-09-13 00:00:00+02:00,55150.0
2018-09-13 01:00:00+02:00,53688.0
2018-09-13 02:00:00+02:00,52271.0
2018-09-13 03:00:00+02:00,51650.0
2018-09-13 04:00:00+02:00,51414.0
2018-09-13 05:00:00+02:00,53300.0
2018-09-13 06:00:00+02:00,57127.0
2018-09-13 07:00:00+02:00,59044.0
2018-09-13 08:00:00+02:00,60174.0
2018-09-13 09:00:00+02:00,61251.0
2018-09-13 10:00:00+02:00,62183.0
2018-09-13 11:00:00+02:00,62562.0
2018-09-13 12:00:00+02:00,63276.0
2018-09-13 13:00:00+02:00,63290.0
2018-09-13 14:00:00+02:00,62844.0
2018-09-13 15:00:00+02:00,62661.0
2018-09-13 16:00:00+02:00,61887.0
2018-09-13 17:00:00+02:00,61946.0
2018-09-13 18:00:00+02:00,61055.0
2018-09-13 19:00:00+02:00,60503.0
2018-09-13 20:00:00+02:00,60208.0
2018-09-13 21:00:00+02:00,59500.0
2018-09-13 22:00:00+02:00,58491.0
2018-09-13 23:00:00+02:00,56543.0
2018-09-14 00:00:00+02:00,54947.0
2018-09-14 01:00:00+02:00,53856.0
2018-09-14 02:00:00+02:00,51613.0
2018-09-14 03:00:00+02:00,50830.0
2018-09-14 04:00:00+02:00,50929.0
2018-09-14 05:00:00+02:00,52930.0
2018-09-14 06:00:00+02:00,56808.0
2018-09-14 07:00:00+02:00,59189.0
2018-09-14 08:00:00+02:00,60015.0
2018-09-14 09:00:00+02:00,61392.0
2018-09-14 10:00:00+02:00,62581.0
2018-09-14 11:00:00+02:00,63020.0
2018-09-14 12:00:00+02:00,62894.0
2018-09-14 13:00:00+02:00,62277.0
2018-09-14 14:00:00+02:00,60934.0
2018-09-14 15:00:00+02:00,60462.0
2018-09-14 16:00:00+02:00,59904.0
2018-09-14 17:00:00+02:00,60939.0
2018-09-14 18:00:00+02:00,61456.0
2018-09-14 19:00:00+02:00,60642.0
2018-09-14 20:00:00+02:00,60138.0
2018-09-14 21:00:00+02:00,58448.0
2018-09-14 22:00:00+02:00,57084.0
2018-09-14 23:00:00+02:00,55458.0
2018-09-15 00:00:00+02:00,50323.0
2018-09-15 01:00:00+02:00,48765.0
2018-09-15 02:00:00+02:00,47167.0
2018-09-15 03:00:00+02:00,46690.0
2018-09-15 04:00:00+02:00,46506.0
2018-09-15 05:00:00+02:00,46478.0
2018-09-15 06:00:00+02:00,47517.0
2018-09-15 07:00:00+02:00,48774.0
2018-09-15 08:00:00+02:00,51515.0
2018-09-15 09:00:00+02:00,52950.0
2018-09-15 10:00:00+02:00,54316.0
2018-09-15 11:00:00+02:00,54436.0
2018-09-15 12:00:00+02:00,55125.0
2018-09-15 13:00:00+02:00,54077.0
2018-09-15 14:00:00+02:00,52575.0
2018-09-15 15:00:00+02:00,52037.0
2018-09-15 16:00:00+02:00,51775.0
2018-09-15 17:00:00+02:00,53680.0
2018-09-15 18:00:00+02:00,53602.0
2018-09-15 19:00:00+02:00,53150.0
2018-09-15 20:00:00+02:00,53145.0
2018-09-15 21:00:00+02:00,52969.0
2018-09-15 22:00:00+02:00,52198.0
2018-09-15 23:00:00+02:00,51476.0
2018-09-16 00:00:00+02:00,48534.0
2018-09-16 01:00:00+02:00,47346.0
2018-09-16 02:00:00+02:00,46402.0
2018-09-16 03:00:00+02:00,45326.0
2018-09-16 04:00:00+02:00,44650.0
2018-09-16 05:00:00+02:00,44817.0
2018-09-16 06:00:00+02:00,44911.0
2018-09-16 07:00:00+02:00,45196.0
2018-09-16 08:00:00+02:00,46870.0
2018-09-16 09:00:00+02:00,48404.0
2018-09-16 10:00:00+02:00,49510.0
2018-09-16 11:00:00+02:00,49901.0
2018-09-16 12:00:00+02:00,50315.0
2018-09-16 13:00:00+02:00,49581.0
2018-09-16 14:00:00+02:00,48808.0
2018-09-16 15:00:00+02:00,48196.0
2018-09-16 16:00:00+02:00,47447.0
2018-09-16 17:00:00+02:00,48378.0
2018-09-16 18:00:00+02:00,50925.0
2018-09-16 19:00:00+02:00,51504.0
2018-09-16 20:00:00+02:00,51457.0
2018-09-16 21:00:00+02:00,51172.0
2018-09-16 22:00:00+02:00,50803.0
2018-09-16 23:00:00+02:00,50214.0
2018-09-17 00:00:00+02:00,48087.0
2018-09-17 01:00:00+02:00,46986.0
2018-09-17 02:00:00+02:00,46867.0
2018-09-17 03:00:00+02:00,46919.0
2018-09-17 04:00:00+02:00,47376.0
2018-09-17 05:00:00+02:00,48122.0
2018-09-17 06:00:00+02:00,53266.0
2018-09-17 07:00:00+02:00,55697.0
2018-09-17 08:00:00+02:00,57240.0
2018-09-17 09:00:00+02:00,59448.0
2018-09-17 10:00:00+02:00,60862.0
2018-09-17 11:00:00+02:00,61694.0
2018-09-17 12:00:00+02:00,61984.0
2018-09-17 13:00:00+02:00,61915.0
2018-09-17 14:00:00+02:00,61603.0
2018-09-17 15:00:00+02:00,61208.0
2018-09-17 16:00:00+02:00,60721.0
2018-09-17 17:00:00+02:00,60670.0
2018-09-17 18:00:00+02:00,60733.0
2018-09-17 19:00:00+02:00,60574.0
2018-09-17 20:00:00+02:00,60558.0
2018-09-17 21:00:00+02:00,60348.0
2018-09-17 22:00:00+02:00,58378.0
2018-09-17 23:00:00+02:00,55020.0
2018-09-18 00:00:00+02:00,52652.0
2018-09-18 01:00:00+02:00,52011.0
2018-09-18 02:00:00+02:00,51728.0
2018-09-18 03:00:00+02:00,51400.0
2018-09-18 04:00:00+02:00,51479.0
2018-09-18 05:00:00+02:00,52636.0
2018-09-18 06:00:00+02:00,56350.0
2018-09-18 07:00:00+02:00,60162.0
2018-09-18 08:00:00+02:00,61022.0
2018-09-18 09:00:00+02:00,61862.0
2018-09-18 10:00:00+02:00,62458.0
2018-09-18 11:00:00+02:00,62703.0
2018-09-18 12:00:00+02:00,62085.0
2018-09-18 13:00:00+02:00,61773.0
2018-09-18 14:00:00+02:00,61611.0
2018-09-18 15:00:00+02:00,60858.0
2018-09-18 16:00:00+02:00,60490.0
2018-09-18 17:00:00+02:00,59979.0
2018-09-18 18:00:00+02:00,60178.0
2018-09-18 19:00:00+02:00,59961.0
2018-09-18 20:00:00+02:00,59872.0
2018-09-18 21:00:00+02:00,58365.0
2018-09-18 22:00:00+02:00,56994.0
2018-09-18 23:00:00+02:00,55157.0
2018-09-19 00:00:00+02:00,50680.0
2018-09-19 01:00:00+02:00,49039.0
2018-09-19 02:00:00+02:00,48803.0
2018-09-19 03:00:00+02:00,48504.0
2018-09-19 04:00:00+02:00,48745.0
2018-09-19 05:00:00+02:00,50039.0
2018-09-19 06:00:00+02:00,54943.0
2018-09-19 07:00:00+02:00,57603.0
2018-09-19 08:00:00+02:00,59198.0
2018-09-19 09:00:00+02:00,60802.0
2018-09-19 10:00:00+02:00,62415.0
2018-09-19 11:00:00+02:00,62793.0
2018-09-19 12:00:00+02:00,63261.0
2018-09-19 13:00:00+02:00,63298.0
2018-09-19 14:00:00+02:00,63035.0
2018-09-19 15:00:00+02:00,62588.0
2018-09-19 16:00:00+02:00,61954.0
2018-09-19 17:00:00+02:00,62288.0
2018-09-19 18:00:00+02:00,62253.0
2018-09-19 19:00:00+02:00,61430.0
2018-09-19 20:00:00+02:00,60370.0
2018-09-19 21:00:00+02:00,58702.0
2018-09-19 22:00:00+02:00,57612.0
2018-09-19 23:00:00+02:00,55219.0
2018-09-20 00:00:00+02:00,50587.0
2018-09-20 01:00:00+02:00,48639.0
2018-09-20 02:00:00+02:00,47665.0
2018-09-20 03:00:00+02:00,47425.0
2018-09-20 04:00:00+02:00,47374.0
2018-09-20 05:00:00+02:00,49279.0
2018-09-20 06:00:00+02:00,54638.0
2018-09-20 07:00:00+02:00,58235.0
2018-09-20 08:00:00+02:00,60010.0
2018-09-20 09:00:00+02:00,61539.0
2018-09-20 10:00:00+02:00,62706.0
2018-09-20 11:00:00+02:00,63103.0
2018-09-20 12:00:00+02:00,63505.0
2018-09-20 13:00:00+02:00,63332.0
2018-09-20 14:00:00+02:00,62680.0
2018-09-20 15:00:00+02:00,62312.0
2018-09-20 16:00:00+02:00,61849.0
2018-09-20 17:00:00+02:00,62722.0
2018-09-20 18:00:00+02:00,62430.0
2018-09-20 19:00:00+02:00,61883.0
2018-09-20 20:00:00+02:00,61637.0
2018-09-20 21:00:00+02:00,59893.0
2018-09-20 22:00:00+02:00,57683.0
2018-09-20 23:00:00+02:00,55914.0
2018-09-21 00:00:00+02:00,54211.0
2018-09-21 01:00:00+02:00,53439.0
2018-09-21 02:00:00+02:00,52872.0
2018-09-21 03:00:00+02:00,53149.0
2018-09-21 04:00:00+02:00,53626.0
2018-09-21 05:00:00+02:00,54328.0
2018-09-21 06:00:00+02:00,57211.0
2018-09-21 07:00:00+02:00,60630.0
2018-09-21 08:00:00+02:00,62240.0
2018-09-21 09:00:00+02:00,63869.0
2018-09-21 10:00:00+02:00,64901.0
2018-09-21 11:00:00+02:00,64848.0
2018-09-21 12:00:00+02:00,64040.0
2018-09-21 13:00:00+02:00,62499.0
2018-09-21 14:00:00+02:00,62110.0
2018-09-21 15:00:00+02:00,61286.0
2018-09-21 16:00:00+02:00,60240.0
2018-09-21 17:00:00+02:00,59843.0
2018-09-21 18:00:00+02:00,58742.0
2018-09-21 19:00:00+02:00,58373.0
2018-09-21 20:00:00+02:00,58329.0
2018-09-21 21:00:00+02:00,56811.0
2018-09-21 22:00:00+02:00,56224.0
2018-09-21 23:00:00+02:00,54458.0
2018-09-22 00:00:00+02:00,47702.0
2018-09-22 01:00:00+02:00,44524.0
2018-09-22 02:00:00+02:00,42372.0
2018-09-22 03:00:00+02:00,40663.0
2018-09-22 04:00:00+02:00,39733.0
2018-09-22 05:00:00+02:00,39515.0
2018-09-22 06:00:00+02:00,40637.0
2018-09-22 07:00:00+02:00,41823.0
2018-09-22 08:00:00+02:00,47257.0
2018-09-22 09:00:00+02:00,50584.0
2018-09-22 10:00:00+02:00,52131.0
2018-09-22 11:00:00+02:00,52757.0
2018-09-22 12:00:00+02:00,53529.0
2018-09-22 13:00:00+02:00,53040.0
2018-09-22 14:00:00+02:00,51841.0
2018-09-22 15:00:00+02:00,50883.0
2018-09-22 16:00:00+02:00,50256.0
2018-09-22 17:00:00+02:00,50450.0
2018-09-22 18:00:00+02:00,49239.0
2018-09-22 19:00:00+02:00,49277.0
2018-09-22 20:00:00+02:00,49492.0
2018-09-22 21:00:00+02:00,49611.0
2018-09-22 22:00:00+02:00,49800.0
2018-09-22 23:00:00+02:00,49205.0
2018-09-23 00:00:00+02:00,48572.0
2018-09-23 01:00:00+02:00,45641.0
2018-09-23 02:00:00+02:00,45009.0
2018-09-23 03:00:00+02:00,44558.0
2018-09-23 04:00:00+02:00,43845.0
2018-09-23 05:00:00+02:00,43910.0
2018-09-23 06:00:00+02:00,43869.0
2018-09-23 07:00:00+02:00,44334.0
2018-09-23 08:00:00+02:00,46090.0
2018-09-23 09:00:00+02:00,49248.0
2018-09-23 10:00:00+02:00,51973.0
2018-09-23 11:00:00+02:00,53548.0
2018-09-23 12:00:00+02:00,54495.0
2018-09-23 13:00:00+02:00,53540.0
2018-09-23 14:00:00+02:00,52509.0
2018-09-23 15:00:00+02:00,52445.0
2018-09-23 16:00:00+02:00,52234.0
2018-09-23 17:00:00+02:00,52479.0
2018-09-23 18:00:00+02:00,52153.0
2018-09-23 19:00:00+02:00,53242.0
2018-09-23 20:00:00+02:00,55177.0
2018-09-23 21:00:00+02:00,54010.0
2018-09-23 22:00:00+02:00,53147.0
2018-09-23 23:00:00+02:00,51541.0
2018-09-24 00:00:00+02:00,47086.0
2018-09-24 01:00:00+02:00,45357.0
2018-09-24 02:00:00+02:00,44659.0
2018-09-24 03:00:00+02:00,43862.0
2018-09-24 04:00:00+02:00,43725.0
2018-09-24 05:00:00+02:00,46005.0
2018-09-24 06:00:00+02:00,51053.0
2018-09-24 07:00:00+02:00,55267.0
2018-09-24 08:00:00+02:00,56716.0
2018-09-24 09:00:00+02:00,58167.0
2018-09-24 10:00:00+02:00,59228.0
2018-09-24 11:00:00+02:00,59911.0
2018-09-24 12:00:00+02:00,60928.0
2018-09-24 13:00:00+02:00,61515.0
2018-09-24 14:00:00+02:00,61346.0
2018-09-24 15:00:00+02:00,60756.0
2018-09-24 16:00:00+02:00,59949.0
2018-09-24 17:00:00+02:00,59311.0
2018-09-24 18:00:00+02:00,58790.0
2018-09-24 19:00:00+02:00,59162.0
2018-09-24 20:00:00+02:00,58967.0
2018-09-24 21:00:00+02:00,58190.0
2018-09-24 22:00:00+02:00,57054.0
2018-09-24 23:00:00+02:00,56518.0
2018-09-25 00:00:00+02:00,53050.0
2018-09-25 01:00:00+02:00,51047.0
2018-09-25 02:00:00+02:00,50313.0
2018-09-25 03:00:00+02:00,49718.0
2018-09-25 04:00:00+02:00,49559.0
2018-09-25 05:00:00+02:00,51042.0
2018-09-25 06:00:00+02:00,56139.0
2018-09-25 07:00:00+02:00,58931.0
2018-09-25 08:00:00+02:00,61033.0
2018-09-25 09:00:00+02:00,62156.0
2018-09-25 10:00:00+02:00,62605.0
2018-09-25 11:00:00+02:00,62973.0
2018-09-25 12:00:00+02:00,62766.0
2018-09-25 13:00:00+02:00,62203.0
2018-09-25 14:00:00+02:00,61890.0
2018-09-25 15:00:00+02:00,62043.0
2018-09-25 16:00:00+02:00,61579.0
2018-09-25 17:00:00+02:00,61693.0
2018-09-25 18:00:00+02:00,61484.0
2018-09-25 19:00:00+02:00,62206.0
2018-09-25 20:00:00+02:00,61282.0
2018-09-25 21:00:00+02:00,59507.0
2018-09-25 22:00:00+02:00,58490.0
2018-09-25 23:00:00+02:00,57417.0
2018-09-26 00:00:00+02:00,54782.0
2018-09-26 01:00:00+02:00,52900.0
2018-09-26 02:00:00+02:00,52333.0
2018-09-26 03:00:00+02:00,52362.0
2018-09-26 04:00:00+02:00,52105.0
2018-09-26 05:00:00+02:00,53021.0
2018-09-26 06:00:00+02:00,55873.0
2018-09-26 07:00:00+02:00,58128.0
2018-09-26 08:00:00+02:00,59519.0
2018-09-26 09:00:00+02:00,60706.0
2018-09-26 10:00:00+02:00,61751.0
2018-09-26 11:00:00+02:00,61980.0
2018-09-26 12:00:00+02:00,61861.0
2018-09-26 13:00:00+02:00,61533.0
2018-09-26 14:00:00+02:00,60922.0
2018-09-26 15:00:00+02:00,60306.0
2018-09-26 16:00:00+02:00,59404.0
2018-09-26 17:00:00+02:00,59274.0
2018-09-26 18:00:00+02:00,58760.0
2018-09-26 19:00:00+02:00,59012.0
2018-09-26 20:00:00+02:00,58833.0
2018-09-26 21:00:00+02:00,58065.0
2018-09-26 22:00:00+02:00,57129.0
2018-09-26 23:00:00+02:00,55917.0
2018-09-27 00:00:00+02:00,52985.0
2018-09-27 01:00:00+02:00,50912.0
2018-09-27 02:00:00+02:00,49085.0
2018-09-27 03:00:00+02:00,48969.0
2018-09-27 04:00:00+02:00,49009.0
2018-09-27 05:00:00+02:00,49871.0
2018-09-27 06:00:00+02:00,55136.0
2018-09-27 07:00:00+02:00,58305.0
2018-09-27 08:00:00+02:00,59542.0
2018-09-27 09:00:00+02:00,60679.0
2018-09-27 10:00:00+02:00,61536.0
2018-09-27 11:00:00+02:00,61750.0
2018-09-27 12:00:00+02:00,61406.0
2018-09-27 13:00:00+02:00,60953.0
2018-09-27 14:00:00+02:00,60012.0
2018-09-27 15:00:00+02:00,59131.0
2018-09-27 16:00:00+02:00,59708.0
2018-09-27 17:00:00+02:00,59977.0
2018-09-27 18:00:00+02:00,59878.0
2018-09-27 19:00:00+02:00,59804.0
2018-09-27 20:00:00+02:00,59735.0
2018-09-27 21:00:00+02:00,57533.0
2018-09-27 22:00:00+02:00,56664.0
2018-09-27 23:00:00+02:00,56038.0
2018-09-28 00:00:00+02:00,49374.0
2018-09-28 01:00:00+02:00,47283.0
2018-09-28 02:00:00+02:00,45720.0
2018-09-28 03:00:00+02:00,45745.0
2018-09-28 04:00:00+02:00,45945.0
2018-09-28 05:00:00+02:00,48076.0
2018-09-28 06:00:00+02:00,52261.0
2018-09-28 07:00:00+02:00,55480.0
2018-09-28 08:00:00+02:00,56670.0
2018-09-28 09:00:00+02:00,58086.0
2018-09-28 10:00:00+02:00,60006.0
2018-09-28 11:00:00+02:00,60504.0
2018-09-28 12:00:00+02:00,61416.0
2018-09-28 13:00:00+02:00,62001.0
2018-09-28 14:00:00+02:00,61266.0
2018-09-28 15:00:00+02:00,60295.0
2018-09-28 16:00:00+02:00,59375.0
2018-09-28 17:00:00+02:00,58620.0
2018-09-28 18:00:00+02:00,59530.0
2018-09-28 19:00:00+02:00,60071.0
2018-09-28 20:00:00+02:00,59121.0
2018-09-28 21:00:00+02:00,56974.0
2018-09-28 22:00:00+02:00,56388.0
2018-09-28 23:00:00+02:00,55645.0
2018-09-29 00:00:00+02:00,52330.0
2018-09-29 01:00:00+02:00,48593.0
2018-09-29 02:00:00+02:00,46254.0
2018-09-29 03:00:00+02:00,45459.0
2018-09-29 04:00:00+02:00,45016.0
2018-09-29 05:00:00+02:00,44817.0
2018-09-29 06:00:00+02:00,45474.0
2018-09-29 07:00:00+02:00,47967.0
2018-09-29 08:00:00+02:00,49267.0
2018-09-29 09:00:00+02:00,50895.0
2018-09-29 10:00:00+02:00,51478.0
2018-09-29 11:00:00+02:00,51567.0
2018-09-29 12:00:00+02:00,51544.0
2018-09-29 13:00:00+02:00,50165.0
2018-09-29 14:00:00+02:00,48546.0
2018-09-29 15:00:00+02:00,47733.0
2018-09-29 16:00:00+02:00,47328.0
2018-09-29 17:00:00+02:00,48503.0
2018-09-29 18:00:00+02:00,50028.0
2018-09-29 19:00:00+02:00,50680.0
2018-09-29 20:00:00+02:00,50999.0
2018-09-29 21:00:00+02:00,50493.0
2018-09-29 22:00:00+02:00,50270.0
2018-09-29 23:00:00+02:00,51238.0
2018-09-30 00:00:00+02:00,45762.0
2018-09-30 01:00:00+02:00,42794.0
2018-09-30 02:00:00+02:00,41925.0
2018-09-30 03:00:00+02:00,40644.0
2018-09-30 04:00:00+02:00,40222.0
2018-09-30 05:00:00+02:00,39989.0
2018-09-30 06:00:00+02:00,40648.0
2018-09-30 07:00:00+02:00,41731.0
2018-09-30 08:00:00+02:00,42309.0
2018-09-30 09:00:00+02:00,43376.0
2018-09-30 10:00:00+02:00,45924.0
2018-09-30 11:00:00+02:00,46536.0
2018-09-30 12:00:00+02:00,46809.0
2018-09-30 13:00:00+02:00,46253.0
2018-09-30 14:00:00+02:00,46953.0
2018-09-30 15:00:00+02:00,46621.0
2018-09-30 16:00:00+02:00,46919.0
2018-09-30 17:00:00+02:00,47387.0
2018-09-30 18:00:00+02:00,49989.0
2018-09-30 19:00:00+02:00,51895.0
2018-09-30 20:00:00+02:00,52114.0
2018-09-30 21:00:00+02:00,51640.0
2018-09-30 22:00:00+02:00,51949.0
2018-09-30 23:00:00+02:00,51409.0
2018-10-01 00:00:00+02:00,49016.0
2018-10-01 01:00:00+02:00,47546.0
2018-10-01 02:00:00+02:00,46878.0
2018-10-01 03:00:00+02:00,47039.0
2018-10-01 04:00:00+02:00,47128.0
2018-10-01 05:00:00+02:00,48728.0
2018-10-01 06:00:00+02:00,54208.0
2018-10-01 07:00:00+02:00,57619.0
2018-10-01 08:00:00+02:00,59453.0
2018-10-01 09:00:00+02:00,61445.0
2018-10-01 10:00:00+02:00,62794.0
2018-10-01 11:00:00+02:00,63156.0
2018-10-01 12:00:00+02:00,62927.0
2018-10-01 13:00:00+02:00,62439.0
2018-10-01 14:00:00+02:00,61500.0
2018-10-01 15:00:00+02:00,60137.0
2018-10-01 16:00:00+02:00,59066.0
2018-10-01 17:00:00+02:00,59232.0
2018-10-01 18:00:00+02:00,59847.0
2018-10-01 19:00:00+02:00,60673.0
2018-10-01 20:00:00+02:00,60611.0
2018-10-01 21:00:00+02:00,59338.0
2018-10-01 22:00:00+02:00,57659.0
2018-10-01 23:00:00+02:00,56525.0
2018-10-02 00:00:00+02:00,52551.0
2018-10-02 01:00:00+02:00,49594.0
2018-10-02 02:00:00+02:00,48481.0
2018-10-02 03:00:00+02:00,48402.0
2018-10-02 04:00:00+02:00,48484.0
2018-10-02 05:00:00+02:00,49795.0
2018-10-02 06:00:00+02:00,55112.0
2018-10-02 07:00:00+02:00,58660.0
2018-10-02 08:00:00+02:00,60673.0
2018-10-02 09:00:00+02:00,62175.0
2018-10-02 10:00:00+02:00,62766.0
2018-10-02 11:00:00+02:00,62790.0
2018-10-02 12:00:00+02:00,63369.0
2018-10-02 13:00:00+02:00,63372.0
2018-10-02 14:00:00+02:00,62755.0
2018-10-02 15:00:00+02:00,61921.0
2018-10-02 16:00:00+02:00,61248.0
2018-10-02 17:00:00+02:00,60821.0
2018-10-02 18:00:00+02:00,60324.0
2018-10-02 19:00:00+02:00,61081.0
2018-10-02 20:00:00+02:00,60647.0
2018-10-02 21:00:00+02:00,59314.0
2018-10-02 22:00:00+02:00,58427.0
2018-10-02 23:00:00+02:00,57044.0
2018-10-03 00:00:00+02:00,54181.0
2018-10-03 01:00:00+02:00,52175.0
2018-10-03 02:00:00+02:00,51029.0
2018-10-03 03:00:00+02:00,49125.0
2018-10-03 04:00:00+02:00,48908.0
2018-10-03 05:00:00+02:00,50782.0
2018-10-03 06:00:00+02:00,55045.0
2018-10-03 07:00:00+02:00,58449.0
2018-10-03 08:00:00+02:00,59912.0
2018-10-03 09:00:00+02:00,61010.0
2018-10-03 10:00:00+02:00,62298.0
2018-10-03 11:00:00+02:00,62814.0
2018-10-03 12:00:00+02:00,63108.0
2018-10-03 13:00:00+02:00,62916.0
2018-10-03 14:00:00+02:00,62480.0
2018-10-03 15:00:00+02:00,61461.0
2018-10-03 16:00:00+02:00,60323.0
2018-10-03 17:00:00+02:00,60155.0
2018-10-03 18:00:00+02:00,60318.0
2018-10-03 19:00:00+02:00,61063.0
2018-10-03 20:00:00+02:00,60488.0
2018-10-03 21:00:00+02:00,58765.0
2018-10-03 22:00:00+02:00,57974.0
2018-10-03 23:00:00+02:00,57882.0
2018-10-04 00:00:00+02:00,53057.0
2018-10-04 01:00:00+02:00,51434.0
2018-10-04 02:00:00+02:00,50387.0
2018-10-04 03:00:00+02:00,48514.0
2018-10-04 04:00:00+02:00,49095.0
2018-10-04 05:00:00+02:00,51194.0
2018-10-04 06:00:00+02:00,54669.0
2018-10-04 07:00:00+02:00,57214.0
2018-10-04 08:00:00+02:00,58263.0
2018-10-04 09:00:00+02:00,59047.0
2018-10-04 10:00:00+02:00,59824.0
2018-10-04 11:00:00+02:00,59926.0
2018-10-04 12:00:00+02:00,60322.0
2018-10-04 13:00:00+02:00,60572.0
2018-10-04 14:00:00+02:00,59990.0
2018-10-04 15:00:00+02:00,59191.0
2018-10-04 16:00:00+02:00,58662.0
2018-10-04 17:00:00+02:00,58450.0
2018-10-04 18:00:00+02:00,58646.0
2018-10-04 19:00:00+02:00,60003.0
2018-10-04 20:00:00+02:00,59465.0
2018-10-04 21:00:00+02:00,58591.0
2018-10-04 22:00:00+02:00,58063.0
2018-10-04 23:00:00+02:00,58652.0
2018-10-05 00:00:00+02:00,55719.0
2018-10-05 01:00:00+02:00,52949.0
2018-10-05 02:00:00+02:00,51850.0
2018-10-05 03:00:00+02:00,51155.0
2018-10-05 04:00:00+02:00,51382.0
2018-10-05 05:00:00+02:00,52306.0
2018-10-05 06:00:00+02:00,57600.0
2018-10-05 07:00:00+02:00,60170.0
2018-10-05 08:00:00+02:00,61587.0
2018-10-05 09:00:00+02:00,62434.0
2018-10-05 10:00:00+02:00,63273.0
2018-10-05 11:00:00+02:00,63439.0
2018-10-05 12:00:00+02:00,63356.0
2018-10-05 13:00:00+02:00,62731.0
2018-10-05 14:00:00+02:00,61716.0
2018-10-05 15:00:00+02:00,60629.0
2018-10-05 16:00:00+02:00,59748.0
2018-10-05 17:00:00+02:00,60105.0
2018-10-05 18:00:00+02:00,59635.0
2018-10-05 19:00:00+02:00,60349.0
2018-10-05 20:00:00+02:00,59901.0
2018-10-05 21:00:00+02:00,58306.0
2018-10-05 22:00:00+02:00,56919.0
2018-10-05 23:00:00+02:00,54600.0
2018-10-06 00:00:00+02:00,52497.0
2018-10-06 01:00:00+02:00,49206.0
2018-10-06 02:00:00+02:00,47490.0
2018-10-06 03:00:00+02:00,46302.0
2018-10-06 04:00:00+02:00,46161.0
2018-10-06 05:00:00+02:00,46201.0
2018-10-06 06:00:00+02:00,47135.0
2018-10-06 07:00:00+02:00,49877.0
2018-10-06 08:00:00+02:00,52462.0
2018-10-06 09:00:00+02:00,53874.0
2018-10-06 10:00:00+02:00,54089.0
2018-10-06 11:00:00+02:00,53990.0
2018-10-06 12:00:00+02:00,53801.0
2018-10-06 13:00:00+02:00,52632.0
2018-10-06 14:00:00+02:00,52109.0
2018-10-06 15:00:00+02:00,51436.0
2018-10-06 16:00:00+02:00,51831.0
2018-10-06 17:00:00+02:00,53407.0
2018-10-06 18:00:00+02:00,54192.0
2018-10-06 19:00:00+02:00,54532.0
2018-10-06 20:00:00+02:00,53997.0
2018-10-06 21:00:00+02:00,52948.0
2018-10-06 22:00:00+02:00,52452.0
2018-10-06 23:00:00+02:00,52157.0
2018-10-07 00:00:00+02:00,48770.0
2018-10-07 01:00:00+02:00,47224.0
2018-10-07 02:00:00+02:00,46474.0
2018-10-07 03:00:00+02:00,46062.0
2018-10-07 04:00:00+02:00,46549.0
2018-10-07 05:00:00+02:00,46759.0
2018-10-07 06:00:00+02:00,46820.0
2018-10-07 07:00:00+02:00,47146.0
2018-10-07 08:00:00+02:00,48081.0
2018-10-07 09:00:00+02:00,49323.0
2018-10-07 10:00:00+02:00,50941.0
2018-10-07 11:00:00+02:00,51437.0
2018-10-07 12:00:00+02:00,52020.0
2018-10-07 13:00:00+02:00,51853.0
2018-10-07 14:00:00+02:00,51164.0
2018-10-07 15:00:00+02:00,50860.0
2018-10-07 16:00:00+02:00,51384.0
2018-10-07 17:00:00+02:00,52085.0
2018-10-07 18:00:00+02:00,54548.0
2018-10-07 19:00:00+02:00,57176.0
2018-10-07 20:00:00+02:00,56857.0
2018-10-07 21:00:00+02:00,56347.0
2018-10-07 22:00:00+02:00,54886.0
2018-10-07 23:00:00+02:00,54408.0
2018-10-08 00:00:00+02:00,50887.0
2018-10-08 01:00:00+02:00,48128.0
2018-10-08 02:00:00+02:00,47411.0
2018-10-08 03:00:00+02:00,46690.0
2018-10-08 04:00:00+02:00,47044.0
2018-10-08 05:00:00+02:00,49583.0
2018-10-08 06:00:00+02:00,54597.0
2018-10-08 07:00:00+02:00,58671.0
2018-10-08 08:00:00+02:00,59393.0
2018-10-08 09:00:00+02:00,60057.0
2018-10-08 10:00:00+02:00,59988.0
2018-10-08 11:00:00+02:00,59969.0
2018-10-08 12:00:00+02:00,60512.0
2018-10-08 13:00:00+02:00,60786.0
2018-10-08 14:00:00+02:00,59930.0
2018-10-08 15:00:00+02:00,59034.0
2018-10-08 16:00:00+02:00,58581.0
2018-10-08 17:00:00+02:00,59786.0
2018-10-08 18:00:00+02:00,61095.0
2018-10-08 19:00:00+02:00,62816.0
2018-10-08 20:00:00+02:00,60538.0
2018-10-08 21:00:00+02:00,59052.0
2018-10-08 22:00:00+02:00,58670.0
2018-10-08 23:00:00+02:00,57486.0
2018-10-09 00:00:00+02:00,54457.0
2018-10-09 01:00:00+02:00,52076.0
2018-10-09 02:00:00+02:00,50871.0
2018-10-09 03:00:00+02:00,49738.0
2018-10-09 04:00:00+02:00,49746.0
2018-10-09 05:00:00+02:00,51725.0
2018-10-09 06:00:00+02:00,55519.0
2018-10-09 07:00:00+02:00,59018.0
2018-10-09 08:00:00+02:00,60038.0
2018-10-09 09:00:00+02:00,60385.0
2018-10-09 10:00:00+02:00,60584.0
2018-10-09 11:00:00+02:00,60407.0
2018-10-09 12:00:00+02:00,60897.0
2018-10-09 13:00:00+02:00,60822.0
2018-10-09 14:00:00+02:00,59679.0
2018-10-09 15:00:00+02:00,58575.0
2018-10-09 16:00:00+02:00,58042.0
2018-10-09 17:00:00+02:00,59138.0
2018-10-09 18:00:00+02:00,60359.0
2018-10-09 19:00:00+02:00,62531.0
2018-10-09 20:00:00+02:00,60989.0
2018-10-09 21:00:00+02:00,58808.0
2018-10-09 22:00:00+02:00,58482.0
2018-10-09 23:00:00+02:00,58631.0
2018-10-10 00:00:00+02:00,56067.0
2018-10-10 01:00:00+02:00,54821.0
2018-10-10 02:00:00+02:00,53397.0
2018-10-10 03:00:00+02:00,53245.0
2018-10-10 04:00:00+02:00,53423.0
2018-10-10 05:00:00+02:00,55576.0
2018-10-10 06:00:00+02:00,59983.0
2018-10-10 07:00:00+02:00,63405.0
2018-10-10 08:00:00+02:00,64623.0
2018-10-10 09:00:00+02:00,64318.0
2018-10-10 10:00:00+02:00,63435.0
2018-10-10 11:00:00+02:00,63017.0
2018-10-10 12:00:00+02:00,62781.0
2018-10-10 13:00:00+02:00,62621.0
2018-10-10 14:00:00+02:00,61656.0
2018-10-10 15:00:00+02:00,61008.0
2018-10-10 16:00:00+02:00,60350.0
2018-10-10 17:00:00+02:00,60830.0
2018-10-10 18:00:00+02:00,61971.0
2018-10-10 19:00:00+02:00,63165.0
2018-10-10 20:00:00+02:00,62842.0
2018-10-10 21:00:00+02:00,60115.0
2018-10-10 22:00:00+02:00,59249.0
2018-10-10 23:00:00+02:00,58133.0
2018-10-11 00:00:00+02:00,53455.0
2018-10-11 01:00:00+02:00,51135.0
2018-10-11 02:00:00+02:00,50560.0
2018-10-11 03:00:00+02:00,49593.0
2018-10-11 04:00:00+02:00,49426.0
2018-10-11 05:00:00+02:00,50511.0
2018-10-11 06:00:00+02:00,53611.0
2018-10-11 07:00:00+02:00,58135.0
2018-10-11 08:00:00+02:00,59739.0
2018-10-11 09:00:00+02:00,60974.0
2018-10-11 10:00:00+02:00,61842.0
2018-10-11 11:00:00+02:00,61760.0
2018-10-11 12:00:00+02:00,62128.0
2018-10-11 13:00:00+02:00,62011.0
2018-10-11 14:00:00+02:00,61290.0
2018-10-11 15:00:00+02:00,60128.0
2018-10-11 16:00:00+02:00,59449.0
2018-10-11 17:00:00+02:00,59500.0
2018-10-11 18:00:00+02:00,61046.0
2018-10-11 19:00:00+02:00,61704.0
2018-10-11 20:00:00+02:00,59908.0
2018-10-11 21:00:00+02:00,58256.0
2018-10-11 22:00:00+02:00,56576.0
2018-10-11 23:00:00+02:00,55762.0
2018-10-12 00:00:00+02:00,52304.0
2018-10-12 01:00:00+02:00,49490.0
2018-10-12 02:00:00+02:00,48695.0
2018-10-12 03:00:00+02:00,48598.0
2018-10-12 04:00:00+02:00,48724.0
2018-10-12 05:00:00+02:00,49619.0
2018-10-12 06:00:00+02:00,52722.0
2018-10-12 07:00:00+02:00,58599.0
2018-10-12 08:00:00+02:00,59852.0
2018-10-12 09:00:00+02:00,60462.0
2018-10-12 10:00:00+02:00,60703.0
2018-10-12 11:00:00+02:00,60585.0
2018-10-12 12:00:00+02:00,61242.0
2018-10-12 13:00:00+02:00,60428.0
2018-10-12 14:00:00+02:00,60337.0
2018-10-12 15:00:00+02:00,59671.0
2018-10-12 16:00:00+02:00,59307.0
2018-10-12 17:00:00+02:00,60747.0
2018-10-12 18:00:00+02:00,60975.0
2018-10-12 19:00:00+02:00,61564.0
2018-10-12 20:00:00+02:00,60038.0
2018-10-12 21:00:00+02:00,58371.0
2018-10-12 22:00:00+02:00,58492.0
2018-10-12 23:00:00+02:00,57034.0
2018-10-13 00:00:00+02:00,52312.0
2018-10-13 01:00:00+02:00,49454.0
2018-10-13 02:00:00+02:00,47991.0
2018-10-13 03:00:00+02:00,47390.0
2018-10-13 04:00:00+02:00,46906.0
2018-10-13 05:00:00+02:00,47106.0
2018-10-13 06:00:00+02:00,47976.0
2018-10-13 07:00:00+02:00,49789.0
2018-10-13 08:00:00+02:00,51766.0
2018-10-13 09:00:00+02:00,53816.0
2018-10-13 10:00:00+02:00,55154.0
2018-10-13 11:00:00+02:00,56416.0
2018-10-13 12:00:00+02:00,57185.0
2018-10-13 13:00:00+02:00,55771.0
2018-10-13 14:00:00+02:00,54784.0
2018-10-13 15:00:00+02:00,53841.0
2018-10-13 16:00:00+02:00,53977.0
2018-10-13 17:00:00+02:00,55549.0
2018-10-13 18:00:00+02:00,56248.0
2018-10-13 19:00:00+02:00,57957.0
2018-10-13 20:00:00+02:00,56733.0
2018-10-13 21:00:00+02:00,54573.0
2018-10-13 22:00:00+02:00,54410.0
2018-10-13 23:00:00+02:00,54406.0
2018-10-14 00:00:00+02:00,50707.0
2018-10-14 01:00:00+02:00,48172.0
2018-10-14 02:00:00+02:00,46742.0
2018-10-14 03:00:00+02:00,45545.0
2018-10-14 04:00:00+02:00,45655.0
2018-10-14 05:00:00+02:00,45914.0
2018-10-14 06:00:00+02:00,46083.0
2018-10-14 07:00:00+02:00,46345.0
2018-10-14 08:00:00+02:00,47956.0
2018-10-14 09:00:00+02:00,50327.0
2018-10-14 10:00:00+02:00,51276.0
2018-10-14 11:00:00+02:00,51981.0
2018-10-14 12:00:00+02:00,52452.0
2018-10-14 13:00:00+02:00,51051.0
2018-10-14 14:00:00+02:00,50549.0
2018-10-14 15:00:00+02:00,49900.0
2018-10-14 16:00:00+02:00,49133.0
2018-10-14 17:00:00+02:00,49659.0
2018-10-14 18:00:00+02:00,50805.0
2018-10-14 19:00:00+02:00,53337.0
2018-10-14 20:00:00+02:00,53365.0
2018-10-14 21:00:00+02:00,53205.0
2018-10-14 22:00:00+02:00,53787.0
2018-10-14 23:00:00+02:00,54360.0
2018-10-15 00:00:00+02:00,51419.0
2018-10-15 01:00:00+02:00,49556.0
2018-10-15 02:00:00+02:00,48888.0
2018-10-15 03:00:00+02:00,48296.0
2018-10-15 04:00:00+02:00,48708.0
2018-10-15 05:00:00+02:00,50027.0
2018-10-15 06:00:00+02:00,54711.0
2018-10-15 07:00:00+02:00,58395.0
2018-10-15 08:00:00+02:00,59324.0
2018-10-15 09:00:00+02:00,60242.0
2018-10-15 10:00:00+02:00,60194.0
2018-10-15 11:00:00+02:00,60390.0
2018-10-15 12:00:00+02:00,60424.0
2018-10-15 13:00:00+02:00,60298.0
2018-10-15 14:00:00+02:00,59905.0
2018-10-15 15:00:00+02:00,58812.0
2018-10-15 16:00:00+02:00,58252.0
2018-10-15 17:00:00+02:00,58664.0
2018-10-15 18:00:00+02:00,60266.0
2018-10-15 19:00:00+02:00,61669.0
2018-10-15 20:00:00+02:00,59641.0
2018-10-15 21:00:00+02:00,58175.0
2018-10-15 22:00:00+02:00,57654.0
2018-10-15 23:00:00+02:00,56940.0
2018-10-16 00:00:00+02:00,55480.0
2018-10-16 01:00:00+02:00,52947.0
2018-10-16 02:00:00+02:00,52673.0
2018-10-16 03:00:00+02:00,51732.0
2018-10-16 04:00:00+02:00,51815.0
2018-10-16 05:00:00+02:00,53004.0
2018-10-16 06:00:00+02:00,56627.0
2018-10-16 07:00:00+02:00,59411.0
2018-10-16 08:00:00+02:00,60329.0
2018-10-16 09:00:00+02:00,59772.0
2018-10-16 10:00:00+02:00,59837.0
2018-10-16 11:00:00+02:00,60164.0
2018-10-16 12:00:00+02:00,60312.0
2018-10-16 13:00:00+02:00,59839.0
2018-10-16 14:00:00+02:00,59119.0
2018-10-16 15:00:00+02:00,58462.0
2018-10-16 16:00:00+02:00,57974.0
2018-10-16 17:00:00+02:00,58125.0
2018-10-16 18:00:00+02:00,59375.0
2018-10-16 19:00:00+02:00,61080.0
2018-10-16 20:00:00+02:00,59146.0
2018-10-16 21:00:00+02:00,56867.0
2018-10-16 22:00:00+02:00,56355.0
2018-10-16 23:00:00+02:00,55539.0
2018-10-17 00:00:00+02:00,53260.0
2018-10-17 01:00:00+02:00,51433.0
2018-10-17 02:00:00+02:00,51096.0
2018-10-17 03:00:00+02:00,50003.0
2018-10-17 04:00:00+02:00,50283.0
2018-10-17 05:00:00+02:00,51148.0
2018-10-17 06:00:00+02:00,54857.0
2018-10-17 07:00:00+02:00,58239.0
2018-10-17 08:00:00+02:00,58952.0
2018-10-17 09:00:00+02:00,58871.0
2018-10-17 10:00:00+02:00,59245.0
2018-10-17 11:00:00+02:00,59081.0
2018-10-17 12:00:00+02:00,59321.0
2018-10-17 13:00:00+02:00,59069.0
2018-10-17 14:00:00+02:00,58800.0
2018-10-17 15:00:00+02:00,58950.0
2018-10-17 16:00:00+02:00,58830.0
2018-10-17 17:00:00+02:00,59883.0
2018-10-17 18:00:00+02:00,61506.0
2018-10-17 19:00:00+02:00,62693.0
2018-10-17 20:00:00+02:00,60471.0
2018-10-17 21:00:00+02:00,58126.0
2018-10-17 22:00:00+02:00,57809.0
2018-10-17 23:00:00+02:00,58056.0
2018-10-18 00:00:00+02:00,55634.0
2018-10-18 01:00:00+02:00,53688.0
2018-10-18 02:00:00+02:00,52815.0
2018-10-18 03:00:00+02:00,52310.0
2018-10-18 04:00:00+02:00,52538.0
2018-10-18 05:00:00+02:00,54497.0
2018-10-18 06:00:00+02:00,57273.0
2018-10-18 07:00:00+02:00,61070.0
2018-10-18 08:00:00+02:00,62320.0
2018-10-18 09:00:00+02:00,62555.0
2018-10-18 10:00:00+02:00,62304.0
2018-10-18 11:00:00+02:00,61753.0
2018-10-18 12:00:00+02:00,62424.0
2018-10-18 13:00:00+02:00,62210.0
2018-10-18 14:00:00+02:00,61617.0
2018-10-18 15:00:00+02:00,61143.0
2018-10-18 16:00:00+02:00,60719.0
2018-10-18 17:00:00+02:00,60959.0
2018-10-18 18:00:00+02:00,63041.0
2018-10-18 19:00:00+02:00,63281.0
2018-10-18 20:00:00+02:00,61376.0
2018-10-18 21:00:00+02:00,59255.0
2018-10-18 22:00:00+02:00,58402.0
2018-10-18 23:00:00+02:00,57789.0
2018-10-19 00:00:00+02:00,54911.0
2018-10-19 01:00:00+02:00,53192.0
2018-10-19 02:00:00+02:00,52503.0
2018-10-19 03:00:00+02:00,51727.0
2018-10-19 04:00:00+02:00,51764.0
2018-10-19 05:00:00+02:00,52966.0
2018-10-19 06:00:00+02:00,55203.0
2018-10-19 07:00:00+02:00,59939.0
2018-10-19 08:00:00+02:00,61455.0
2018-10-19 09:00:00+02:00,62218.0
2018-10-19 10:00:00+02:00,62665.0
2018-10-19 11:00:00+02:00,61528.0
2018-10-19 12:00:00+02:00,61516.0
2018-10-19 13:00:00+02:00,61298.0
2018-10-19 14:00:00+02:00,61137.0
2018-10-19 15:00:00+02:00,61101.0
2018-10-19 16:00:00+02:00,60427.0
2018-10-19 17:00:00+02:00,60839.0
2018-10-19 18:00:00+02:00,62648.0
2018-10-19 19:00:00+02:00,63140.0
2018-10-19 20:00:00+02:00,62473.0
2018-10-19 21:00:00+02:00,60156.0
2018-10-19 22:00:00+02:00,58757.0
2018-10-19 23:00:00+02:00,57587.0
2018-10-20 00:00:00+02:00,54688.0
2018-10-20 01:00:00+02:00,50831.0
2018-10-20 02:00:00+02:00,50000.0
2018-10-20 03:00:00+02:00,49858.0
2018-10-20 04:00:00+02:00,49570.0
2018-10-20 05:00:00+02:00,49630.0
2018-10-20 06:00:00+02:00,50717.0
2018-10-20 07:00:00+02:00,53622.0
2018-10-20 08:00:00+02:00,55809.0
2018-10-20 09:00:00+02:00,57718.0
2018-10-20 10:00:00+02:00,58895.0
2018-10-20 11:00:00+02:00,58217.0
2018-10-20 12:00:00+02:00,58083.0
2018-10-20 13:00:00+02:00,56431.0
2018-10-20 14:00:00+02:00,55081.0
2018-10-20 15:00:00+02:00,54490.0
2018-10-20 16:00:00+02:00,53693.0
2018-10-20 17:00:00+02:00,55997.0
2018-10-20 18:00:00+02:00,57733.0
2018-10-20 19:00:00+02:00,58498.0
2018-10-20 20:00:00+02:00,57832.0
2018-10-20 21:00:00+02:00,55846.0
2018-10-20 22:00:00+02:00,55616.0
2018-10-20 23:00:00+02:00,53758.0
2018-10-21 00:00:00+02:00,49795.0
2018-10-21 01:00:00+02:00,47887.0
2018-10-21 02:00:00+02:00,47143.0
2018-10-21 03:00:00+02:00,47204.0
2018-10-21 04:00:00+02:00,46723.0
2018-10-21 05:00:00+02:00,46771.0
2018-10-21 06:00:00+02:00,46762.0
2018-10-21 07:00:00+02:00,47836.0
2018-10-21 08:00:00+02:00,49486.0
2018-10-21 09:00:00+02:00,52068.0
2018-10-21 10:00:00+02:00,53627.0
2018-10-21 11:00:00+02:00,54214.0
2018-10-21 12:00:00+02:00,54661.0
2018-10-21 13:00:00+02:00,53795.0
2018-10-21 14:00:00+02:00,52126.0
2018-10-21 15:00:00+02:00,51633.0
2018-10-21 16:00:00+02:00,51201.0
2018-10-21 17:00:00+02:00,52579.0
2018-10-21 18:00:00+02:00,55012.0
2018-10-21 19:00:00+02:00,56523.0
2018-10-21 20:00:00+02:00,56798.0
2018-10-21 21:00:00+02:00,56330.0
2018-10-21 22:00:00+02:00,56119.0
2018-10-21 23:00:00+02:00,55441.0
2018-10-22 00:00:00+02:00,52576.0
2018-10-22 01:00:00+02:00,50770.0
2018-10-22 02:00:00+02:00,50695.0
2018-10-22 03:00:00+02:00,50788.0
2018-10-22 04:00:00+02:00,50680.0
2018-10-22 05:00:00+02:00,51721.0
2018-10-22 06:00:00+02:00,54639.0
2018-10-22 07:00:00+02:00,60311.0
2018-10-22 08:00:00+02:00,62620.0
2018-10-22 09:00:00+02:00,63853.0
2018-10-22 10:00:00+02:00,63888.0
2018-10-22 11:00:00+02:00,64552.0
2018-10-22 12:00:00+02:00,65190.0
2018-10-22 13:00:00+02:00,65358.0
2018-10-22 14:00:00+02:00,64333.0
2018-10-22 15:00:00+02:00,62728.0
2018-10-22 16:00:00+02:00,61986.0
2018-10-22 17:00:00+02:00,63191.0
2018-10-22 18:00:00+02:00,64050.0
2018-10-22 19:00:00+02:00,64915.0
2018-10-22 20:00:00+02:00,63711.0
2018-10-22 21:00:00+02:00,61142.0
2018-10-22 22:00:00+02:00,61227.0
2018-10-22 23:00:00+02:00,58584.0
2018-10-23 00:00:00+02:00,55251.0
2018-10-23 01:00:00+02:00,52730.0
2018-10-23 02:00:00+02:00,51488.0
2018-10-23 03:00:00+02:00,50871.0
2018-10-23 04:00:00+02:00,50645.0
2018-10-23 05:00:00+02:00,51353.0
2018-10-23 06:00:00+02:00,55119.0
2018-10-23 07:00:00+02:00,60460.0
2018-10-23 08:00:00+02:00,62410.0
2018-10-23 09:00:00+02:00,64277.0
2018-10-23 10:00:00+02:00,65011.0
2018-10-23 11:00:00+02:00,65482.0
2018-10-23 12:00:00+02:00,65155.0
2018-10-23 13:00:00+02:00,64808.0
2018-10-23 14:00:00+02:00,63160.0
2018-10-23 15:00:00+02:00,61844.0
2018-10-23 16:00:00+02:00,61307.0
2018-10-23 17:00:00+02:00,62190.0
2018-10-23 18:00:00+02:00,62614.0
2018-10-23 19:00:00+02:00,64407.0
2018-10-23 20:00:00+02:00,63883.0
2018-10-23 21:00:00+02:00,62228.0
2018-10-23 22:00:00+02:00,61725.0
2018-10-23 23:00:00+02:00,60020.0
2018-10-24 00:00:00+02:00,55362.0
2018-10-24 01:00:00+02:00,52177.0
2018-10-24 02:00:00+02:00,51090.0
2018-10-24 03:00:00+02:00,49851.0
2018-10-24 04:00:00+02:00,49758.0
2018-10-24 05:00:00+02:00,52257.0
2018-10-24 06:00:00+02:00,56165.0
2018-10-24 07:00:00+02:00,59302.0
2018-10-24 08:00:00+02:00,60691.0
2018-10-24 09:00:00+02:00,62020.0
2018-10-24 10:00:00+02:00,63221.0
2018-10-24 11:00:00+02:00,63747.0
2018-10-24 12:00:00+02:00,63453.0
2018-10-24 13:00:00+02:00,62881.0
2018-10-24 14:00:00+02:00,61638.0
2018-10-24 15:00:00+02:00,60764.0
2018-10-24 16:00:00+02:00,59847.0
2018-10-24 17:00:00+02:00,59645.0
2018-10-24 18:00:00+02:00,61497.0
2018-10-24 19:00:00+02:00,62090.0
2018-10-24 20:00:00+02:00,60825.0
2018-10-24 21:00:00+02:00,59082.0
2018-10-24 22:00:00+02:00,58530.0
2018-10-24 23:00:00+02:00,57346.0
2018-10-25 00:00:00+02:00,55879.0
2018-10-25 01:00:00+02:00,53818.0
2018-10-25 02:00:00+02:00,52253.0
2018-10-25 03:00:00+02:00,50523.0
2018-10-25 04:00:00+02:00,49750.0
2018-10-25 05:00:00+02:00,52047.0
2018-10-25 06:00:00+02:00,56100.0
2018-10-25 07:00:00+02:00,59363.0
2018-10-25 08:00:00+02:00,60674.0
2018-10-25 09:00:00+02:00,61412.0
2018-10-25 10:00:00+02:00,62438.0
2018-10-25 11:00:00+02:00,62508.0
2018-10-25 12:00:00+02:00,62639.0
2018-10-25 13:00:00+02:00,62362.0
2018-10-25 14:00:00+02:00,61406.0
2018-10-25 15:00:00+02:00,60489.0
2018-10-25 16:00:00+02:00,59670.0
2018-10-25 17:00:00+02:00,59297.0
2018-10-25 18:00:00+02:00,61082.0
2018-10-25 19:00:00+02:00,62272.0
2018-10-25 20:00:00+02:00,60291.0
2018-10-25 21:00:00+02:00,58630.0
2018-10-25 22:00:00+02:00,58039.0
2018-10-25 23:00:00+02:00,57902.0
2018-10-26 00:00:00+02:00,55200.0
2018-10-26 01:00:00+02:00,53601.0
2018-10-26 02:00:00+02:00,52838.0
2018-10-26 03:00:00+02:00,51862.0
2018-10-26 04:00:00+02:00,52316.0
2018-10-26 05:00:00+02:00,53979.0
2018-10-26 06:00:00+02:00,58329.0
2018-10-26 07:00:00+02:00,60742.0
2018-10-26 08:00:00+02:00,62037.0
2018-10-26 09:00:00+02:00,62937.0
2018-10-26 10:00:00+02:00,63779.0
2018-10-26 11:00:00+02:00,63370.0
2018-10-26 12:00:00+02:00,62952.0
2018-10-26 13:00:00+02:00,62237.0
2018-10-26 14:00:00+02:00,61147.0
2018-10-26 15:00:00+02:00,60187.0
2018-10-26 16:00:00+02:00,59519.0
2018-10-26 17:00:00+02:00,59874.0
2018-10-26 18:00:00+02:00,61505.0
2018-10-26 19:00:00+02:00,62585.0
2018-10-26 20:00:00+02:00,61548.0
2018-10-26 21:00:00+02:00,60054.0
2018-10-26 22:00:00+02:00,59387.0
2018-10-26 23:00:00+02:00,58712.0
2018-10-27 00:00:00+02:00,55495.0
2018-10-27 01:00:00+02:00,52522.0
2018-10-27 02:00:00+02:00,50368.0
2018-10-27 03:00:00+02:00,49177.0
2018-10-27 04:00:00+02:00,48659.0
2018-10-27 05:00:00+02:00,48889.0
2018-10-27 06:00:00+02:00,49213.0
2018-10-27 07:00:00+02:00,51182.0
2018-10-27 08:00:00+02:00,53961.0
2018-10-27 09:00:00+02:00,56073.0
2018-10-27 10:00:00+02:00,56993.0
2018-10-27 11:00:00+02:00,56898.0
2018-10-27 12:00:00+02:00,57024.0
2018-10-27 13:00:00+02:00,55939.0
2018-10-27 14:00:00+02:00,54699.0
2018-10-27 15:00:00+02:00,54099.0
2018-10-27 16:00:00+02:00,54634.0
2018-10-27 17:00:00+02:00,55864.0
2018-10-27 18:00:00+02:00,58053.0
2018-10-27 19:00:00+02:00,59419.0
2018-10-27 20:00:00+02:00,58946.0
2018-10-27 21:00:00+02:00,57350.0
2018-10-27 22:00:00+02:00,55758.0
2018-10-27 23:00:00+02:00,54975.0
2018-10-28 00:00:00+02:00,53582.0
2018-10-28 01:00:00+02:00,51019.0
2018-10-28 02:00:00+02:00,49769.0
2018-10-28 02:00:00+01:00,50215.0
2018-10-28 03:00:00+01:00,49919.0
2018-10-28 04:00:00+01:00,49870.0
2018-10-28 05:00:00+01:00,50681.0
2018-10-28 06:00:00+01:00,51445.0
2018-10-28 07:00:00+01:00,52334.0
2018-10-28 08:00:00+01:00,54744.0
2018-10-28 09:00:00+01:00,57796.0
2018-10-28 10:00:00+01:00,59463.0
2018-10-28 11:00:00+01:00,60151.0
2018-10-28 12:00:00+01:00,58898.0
2018-10-28 13:00:00+01:00,58365.0
2018-10-28 14:00:00+01:00,57623.0
2018-10-28 15:00:00+01:00,57882.0
2018-10-28 16:00:00+01:00,58241.0
2018-10-28 17:00:00+01:00,59464.0
2018-10-28 18:00:00+01:00,63261.0
2018-10-28 19:00:00+01:00,64311.0
2018-10-28 20:00:00+01:00,63493.0
2018-10-28 21:00:00+01:00,62811.0
2018-10-28 22:00:00+01:00,62492.0
2018-10-28 23:00:00+01:00,60614.0
2018-10-29 00:00:00+01:00,58501.0
2018-10-29 01:00:00+01:00,55994.0
2018-10-29 02:00:00+01:00,54939.0
2018-10-29 03:00:00+01:00,54469.0
2018-10-29 04:00:00+01:00,54506.0
2018-10-29 05:00:00+01:00,56672.0
2018-10-29 06:00:00+01:00,60904.0
2018-10-29 07:00:00+01:00,63484.0
2018-10-29 08:00:00+01:00,65680.0
2018-10-29 09:00:00+01:00,66776.0
2018-10-29 10:00:00+01:00,67196.0
2018-10-29 11:00:00+01:00,67782.0
2018-10-29 12:00:00+01:00,67689.0
2018-10-29 13:00:00+01:00,67233.0
2018-10-29 14:00:00+01:00,67167.0
2018-10-29 15:00:00+01:00,67107.0
2018-10-29 16:00:00+01:00,66878.0
2018-10-29 17:00:00+01:00,67904.0
2018-10-29 18:00:00+01:00,71270.0
2018-10-29 19:00:00+01:00,70493.0
2018-10-29 20:00:00+01:00,67748.0
2018-10-29 21:00:00+01:00,65170.0
2018-10-29 22:00:00+01:00,64266.0
2018-10-29 23:00:00+01:00,62488.0
2018-10-30 00:00:00+01:00,61784.0
2018-10-30 01:00:00+01:00,59787.0
2018-10-30 02:00:00+01:00,59286.0
2018-10-30 03:00:00+01:00,57843.0
2018-10-30 04:00:00+01:00,57744.0
2018-10-30 05:00:00+01:00,58924.0
2018-10-30 06:00:00+01:00,62995.0
2018-10-30 07:00:00+01:00,65776.0
2018-10-30 08:00:00+01:00,68972.0
2018-10-30 09:00:00+01:00,70601.0
2018-10-30 10:00:00+01:00,71045.0
2018-10-30 11:00:00+01:00,71699.0
2018-10-30 12:00:00+01:00,71792.0
2018-10-30 13:00:00+01:00,71246.0
2018-10-30 14:00:00+01:00,70182.0
2018-10-30 15:00:00+01:00,69313.0
2018-10-30 16:00:00+01:00,68395.0
2018-10-30 17:00:00+01:00,69740.0
2018-10-30 18:00:00+01:00,72643.0
2018-10-30 19:00:00+01:00,72041.0
2018-10-30 20:00:00+01:00,68447.0
2018-10-30 21:00:00+01:00,66392.0
2018-10-30 22:00:00+01:00,65517.0
2018-10-30 23:00:00+01:00,64071.0
2018-10-31 00:00:00+01:00,62244.0
2018-10-31 01:00:00+01:00,61200.0
2018-10-31 02:00:00+01:00,59668.0
2018-10-31 03:00:00+01:00,58431.0
2018-10-31 04:00:00+01:00,58742.0
2018-10-31 05:00:00+01:00,60593.0
2018-10-31 06:00:00+01:00,62894.0
2018-10-31 07:00:00+01:00,65852.0
2018-10-31 08:00:00+01:00,68252.0
2018-10-31 09:00:00+01:00,68644.0
2018-10-31 10:00:00+01:00,68460.0
2018-10-31 11:00:00+01:00,68255.0
2018-10-31 12:00:00+01:00,67399.0
2018-10-31 13:00:00+01:00,67069.0
2018-10-31 14:00:00+01:00,66296.0
2018-10-31 15:00:00+01:00,66681.0
2018-10-31 16:00:00+01:00,67052.0
2018-10-31 17:00:00+01:00,68611.0
2018-10-31 18:00:00+01:00,71234.0
2018-10-31 19:00:00+01:00,70679.0
2018-10-31 20:00:00+01:00,68412.0
2018-10-31 21:00:00+01:00,67151.0
2018-10-31 22:00:00+01:00,67039.0
2018-10-31 23:00:00+01:00,65944.0
2018-11-01 00:00:00+01:00,62714.0
2018-11-01 01:00:00+01:00,58127.0
2018-11-01 02:00:00+01:00,56560.0
2018-11-01 03:00:00+01:00,55697.0
2018-11-01 04:00:00+01:00,55352.0
2018-11-01 05:00:00+01:00,55066.0
2018-11-01 06:00:00+01:00,55326.0
2018-11-01 07:00:00+01:00,55706.0
2018-11-01 08:00:00+01:00,56956.0
2018-11-01 09:00:00+01:00,58336.0
2018-11-01 10:00:00+01:00,60245.0
2018-11-01 11:00:00+01:00,61305.0
2018-11-01 12:00:00+01:00,62004.0
2018-11-01 13:00:00+01:00,60636.0
2018-11-01 14:00:00+01:00,59207.0
2018-11-01 15:00:00+01:00,58627.0
2018-11-01 16:00:00+01:00,59323.0
2018-11-01 17:00:00+01:00,61527.0
2018-11-01 18:00:00+01:00,63802.0
2018-11-01 19:00:00+01:00,64299.0
2018-11-01 20:00:00+01:00,62880.0
2018-11-01 21:00:00+01:00,62265.0
2018-11-01 22:00:00+01:00,61906.0
2018-11-01 23:00:00+01:00,61202.0
2018-11-02 00:00:00+01:00,57531.0
2018-11-02 01:00:00+01:00,54791.0
2018-11-02 02:00:00+01:00,53859.0
2018-11-02 03:00:00+01:00,53156.0
2018-11-02 04:00:00+01:00,53021.0
2018-11-02 05:00:00+01:00,54500.0
2018-11-02 06:00:00+01:00,57147.0
2018-11-02 07:00:00+01:00,59379.0
2018-11-02 08:00:00+01:00,61354.0
2018-11-02 09:00:00+01:00,63050.0
2018-11-02 10:00:00+01:00,63964.0
2018-11-02 11:00:00+01:00,64640.0
2018-11-02 12:00:00+01:00,64439.0
2018-11-02 13:00:00+01:00,63874.0
2018-11-02 14:00:00+01:00,62964.0
2018-11-02 15:00:00+01:00,62545.0
2018-11-02 16:00:00+01:00,62338.0
2018-11-02 17:00:00+01:00,64507.0
2018-11-02 18:00:00+01:00,66496.0
2018-11-02 19:00:00+01:00,66152.0
2018-11-02 20:00:00+01:00,64204.0
2018-11-02 21:00:00+01:00,62415.0
2018-11-02 22:00:00+01:00,61264.0
2018-11-02 23:00:00+01:00,61122.0
2018-11-03 00:00:00+01:00,59845.0
2018-11-03 01:00:00+01:00,58191.0
2018-11-03 02:00:00+01:00,55553.0
2018-11-03 03:00:00+01:00,54132.0
2018-11-03 04:00:00+01:00,53980.0
2018-11-03 05:00:00+01:00,54468.0
2018-11-03 06:00:00+01:00,55789.0
2018-11-03 07:00:00+01:00,58222.0
2018-11-03 08:00:00+01:00,59390.0
2018-11-03 09:00:00+01:00,60992.0
2018-11-03 10:00:00+01:00,61970.0
2018-11-03 11:00:00+01:00,62086.0
2018-11-03 12:00:00+01:00,61754.0
2018-11-03 13:00:00+01:00,61030.0
2018-11-03 14:00:00+01:00,59888.0
2018-11-03 15:00:00+01:00,58779.0
2018-11-03 16:00:00+01:00,58607.0
2018-11-03 17:00:00+01:00,59786.0
2018-11-03 18:00:00+01:00,61397.0
2018-11-03 19:00:00+01:00,61922.0
2018-11-03 20:00:00+01:00,61133.0
2018-11-03 21:00:00+01:00,59711.0
2018-11-03 22:00:00+01:00,59726.0
2018-11-03 23:00:00+01:00,59652.0
2018-11-04 00:00:00+01:00,58709.0
2018-11-04 01:00:00+01:00,55973.0
2018-11-04 02:00:00+01:00,53914.0
2018-11-04 03:00:00+01:00,52596.0
2018-11-04 04:00:00+01:00,52361.0
2018-11-04 05:00:00+01:00,52638.0
2018-11-04 06:00:00+01:00,53079.0
2018-11-04 07:00:00+01:00,54103.0
2018-11-04 08:00:00+01:00,55106.0
2018-11-04 09:00:00+01:00,58194.0
2018-11-04 10:00:00+01:00,60256.0
2018-11-04 11:00:00+01:00,61415.0
2018-11-04 12:00:00+01:00,61438.0
2018-11-04 13:00:00+01:00,60401.0
2018-11-04 14:00:00+01:00,58286.0
2018-11-04 15:00:00+01:00,57688.0
2018-11-04 16:00:00+01:00,57931.0
2018-11-04 17:00:00+01:00,61021.0
2018-11-04 18:00:00+01:00,63457.0
2018-11-04 19:00:00+01:00,64484.0
2018-11-04 20:00:00+01:00,64211.0
2018-11-04 21:00:00+01:00,63798.0
2018-11-04 22:00:00+01:00,63440.0
2018-11-04 23:00:00+01:00,62222.0
2018-11-05 00:00:00+01:00,59656.0
2018-11-05 01:00:00+01:00,56647.0
2018-11-05 02:00:00+01:00,55068.0
2018-11-05 03:00:00+01:00,54369.0
2018-11-05 04:00:00+01:00,54568.0
2018-11-05 05:00:00+01:00,56094.0
2018-11-05 06:00:00+01:00,60658.0
2018-11-05 07:00:00+01:00,63426.0
2018-11-05 08:00:00+01:00,65394.0
2018-11-05 09:00:00+01:00,66727.0
2018-11-05 10:00:00+01:00,66889.0
2018-11-05 11:00:00+01:00,66965.0
2018-11-05 12:00:00+01:00,65877.0
2018-11-05 13:00:00+01:00,64796.0
2018-11-05 14:00:00+01:00,64294.0
2018-11-05 15:00:00+01:00,63902.0
2018-11-05 16:00:00+01:00,64036.0
2018-11-05 17:00:00+01:00,65694.0
2018-11-05 18:00:00+01:00,68352.0
2018-11-05 19:00:00+01:00,68608.0
2018-11-05 20:00:00+01:00,66848.0
2018-11-05 21:00:00+01:00,65644.0
2018-11-05 22:00:00+01:00,64957.0
2018-11-05 23:00:00+01:00,64158.0
2018-11-06 00:00:00+01:00,60420.0
2018-11-06 01:00:00+01:00,58936.0
2018-11-06 02:00:00+01:00,57738.0
2018-11-06 03:00:00+01:00,57491.0
2018-11-06 04:00:00+01:00,56973.0
2018-11-06 05:00:00+01:00,58666.0
2018-11-06 06:00:00+01:00,61998.0
2018-11-06 07:00:00+01:00,64863.0
2018-11-06 08:00:00+01:00,65652.0
2018-11-06 09:00:00+01:00,66922.0
2018-11-06 10:00:00+01:00,66742.0
2018-11-06 11:00:00+01:00,66772.0
2018-11-06 12:00:00+01:00,66770.0
2018-11-06 13:00:00+01:00,66834.0
2018-11-06 14:00:00+01:00,66417.0
2018-11-06 15:00:00+01:00,66303.0
2018-11-06 16:00:00+01:00,66299.0
2018-11-06 17:00:00+01:00,68203.0
2018-11-06 18:00:00+01:00,69381.0
2018-11-06 19:00:00+01:00,68667.0
2018-11-06 20:00:00+01:00,67164.0
2018-11-06 21:00:00+01:00,65936.0
2018-11-06 22:00:00+01:00,64831.0
2018-11-06 23:00:00+01:00,63541.0
2018-11-07 00:00:00+01:00,61501.0
2018-11-07 01:00:00+01:00,59956.0
2018-11-07 02:00:00+01:00,60144.0
2018-11-07 03:00:00+01:00,59349.0
2018-11-07 04:00:00+01:00,59997.0
2018-11-07 05:00:00+01:00,60792.0
2018-11-07 06:00:00+01:00,64629.0
2018-11-07 07:00:00+01:00,69420.0
2018-11-07 08:00:00+01:00,69960.0
2018-11-07 09:00:00+01:00,70277.0
2018-11-07 10:00:00+01:00,70422.0
2018-11-07 11:00:00+01:00,70504.0
2018-11-07 12:00:00+01:00,70530.0
2018-11-07 13:00:00+01:00,70690.0
2018-11-07 14:00:00+01:00,70108.0
2018-11-07 15:00:00+01:00,69603.0
2018-11-07 16:00:00+01:00,69387.0
2018-11-07 17:00:00+01:00,70411.0
2018-11-07 18:00:00+01:00,70849.0
2018-11-07 19:00:00+01:00,70135.0
2018-11-07 20:00:00+01:00,67516.0
2018-11-07 21:00:00+01:00,64440.0
2018-11-07 22:00:00+01:00,63610.0
2018-11-07 23:00:00+01:00,63798.0
2018-11-08 00:00:00+01:00,61587.0
2018-11-08 01:00:00+01:00,58769.0
2018-11-08 02:00:00+01:00,57998.0
2018-11-08 03:00:00+01:00,56838.0
2018-11-08 04:00:00+01:00,56365.0
2018-11-08 05:00:00+01:00,58280.0
2018-11-08 06:00:00+01:00,62531.0
2018-11-08 07:00:00+01:00,64882.0
2018-11-08 08:00:00+01:00,66316.0
2018-11-08 09:00:00+01:00,67722.0
2018-11-08 10:00:00+01:00,68135.0
2018-11-08 11:00:00+01:00,68200.0
2018-11-08 12:00:00+01:00,67901.0
2018-11-08 13:00:00+01:00,67841.0
2018-11-08 14:00:00+01:00,67489.0
2018-11-08 15:00:00+01:00,67525.0
2018-11-08 16:00:00+01:00,67376.0
2018-11-08 17:00:00+01:00,70275.0
2018-11-08 18:00:00+01:00,72474.0
2018-11-08 19:00:00+01:00,71307.0
2018-11-08 20:00:00+01:00,68702.0
2018-11-08 21:00:00+01:00,67054.0
2018-11-08 22:00:00+01:00,66079.0
2018-11-08 23:00:00+01:00,66217.0
2018-11-09 00:00:00+01:00,62684.0
2018-11-09 01:00:00+01:00,59519.0
2018-11-09 02:00:00+01:00,58514.0
2018-11-09 03:00:00+01:00,57979.0
2018-11-09 04:00:00+01:00,57576.0
2018-11-09 05:00:00+01:00,58680.0
2018-11-09 06:00:00+01:00,63678.0
2018-11-09 07:00:00+01:00,66485.0
2018-11-09 08:00:00+01:00,67764.0
2018-11-09 09:00:00+01:00,68341.0
2018-11-09 10:00:00+01:00,68759.0
2018-11-09 11:00:00+01:00,69060.0
2018-11-09 12:00:00+01:00,69407.0
2018-11-09 13:00:00+01:00,69104.0
2018-11-09 14:00:00+01:00,68681.0
2018-11-09 15:00:00+01:00,68526.0
2018-11-09 16:00:00+01:00,68283.0
2018-11-09 17:00:00+01:00,69698.0
2018-11-09 18:00:00+01:00,70784.0
2018-11-09 19:00:00+01:00,70343.0
2018-11-09 20:00:00+01:00,68633.0
2018-11-09 21:00:00+01:00,65037.0
2018-11-09 22:00:00+01:00,63602.0
2018-11-09 23:00:00+01:00,62686.0
2018-11-10 00:00:00+01:00,60370.0
2018-11-10 01:00:00+01:00,59740.0
2018-11-10 02:00:00+01:00,58997.0
2018-11-10 03:00:00+01:00,58367.0
2018-11-10 04:00:00+01:00,58141.0
2018-11-10 05:00:00+01:00,57962.0
2018-11-10 06:00:00+01:00,58326.0
2018-11-10 07:00:00+01:00,58645.0
2018-11-10 08:00:00+01:00,59135.0
2018-11-10 09:00:00+01:00,62103.0
2018-11-10 10:00:00+01:00,63743.0
2018-11-10 11:00:00+01:00,64412.0
2018-11-10 12:00:00+01:00,64661.0
2018-11-10 13:00:00+01:00,63562.0
2018-11-10 14:00:00+01:00,62288.0
2018-11-10 15:00:00+01:00,61527.0
2018-11-10 16:00:00+01:00,62612.0
2018-11-10 17:00:00+01:00,64310.0
2018-11-10 18:00:00+01:00,65953.0
2018-11-10 19:00:00+01:00,65689.0
2018-11-10 20:00:00+01:00,64270.0
2018-11-10 21:00:00+01:00,62012.0
2018-11-10 22:00:00+01:00,61757.0
2018-11-10 23:00:00+01:00,61559.0
2018-11-11 00:00:00+01:00,57669.0
2018-11-11 01:00:00+01:00,56843.0
2018-11-11 02:00:00+01:00,56496.0
2018-11-11 03:00:00+01:00,55775.0
2018-11-11 04:00:00+01:00,55138.0
2018-11-11 05:00:00+01:00,55042.0
2018-11-11 06:00:00+01:00,55326.0
2018-11-11 07:00:00+01:00,55715.0
2018-11-11 08:00:00+01:00,56416.0
2018-11-11 09:00:00+01:00,57800.0
2018-11-11 10:00:00+01:00,58988.0
2018-11-11 11:00:00+01:00,60237.0
2018-11-11 12:00:00+01:00,60897.0
2018-11-11 13:00:00+01:00,60575.0
2018-11-11 14:00:00+01:00,59021.0
2018-11-11 15:00:00+01:00,58037.0
2018-11-11 16:00:00+01:00,57786.0
2018-11-11 17:00:00+01:00,60964.0
2018-11-11 18:00:00+01:00,62666.0
2018-11-11 19:00:00+01:00,63199.0
2018-11-11 20:00:00+01:00,61579.0
2018-11-11 21:00:00+01:00,59675.0
2018-11-11 22:00:00+01:00,59124.0
2018-11-11 23:00:00+01:00,58797.0
2018-11-12 00:00:00+01:00,55877.0
2018-11-12 01:00:00+01:00,54806.0
2018-11-12 02:00:00+01:00,54601.0
2018-11-12 03:00:00+01:00,53944.0
2018-11-12 04:00:00+01:00,54130.0
2018-11-12 05:00:00+01:00,56141.0
2018-11-12 06:00:00+01:00,60847.0
2018-11-12 07:00:00+01:00,63258.0
2018-11-12 08:00:00+01:00,64989.0
2018-11-12 09:00:00+01:00,66477.0
2018-11-12 10:00:00+01:00,67112.0
2018-11-12 11:00:00+01:00,67725.0
2018-11-12 12:00:00+01:00,68316.0
2018-11-12 13:00:00+01:00,68141.0
2018-11-12 14:00:00+01:00,67258.0
2018-11-12 15:00:00+01:00,66200.0
2018-11-12 16:00:00+01:00,65547.0
2018-11-12 17:00:00+01:00,66315.0
2018-11-12 18:00:00+01:00,67863.0
2018-11-12 19:00:00+01:00,67405.0
2018-11-12 20:00:00+01:00,65595.0
2018-11-12 21:00:00+01:00,64339.0
2018-11-12 22:00:00+01:00,64451.0
2018-11-12 23:00:00+01:00,62991.0
2018-11-13 00:00:00+01:00,61078.0
2018-11-13 01:00:00+01:00,58296.0
2018-11-13 02:00:00+01:00,57374.0
2018-11-13 03:00:00+01:00,56544.0
2018-11-13 04:00:00+01:00,56830.0
2018-11-13 05:00:00+01:00,58443.0
2018-11-13 06:00:00+01:00,63034.0
2018-11-13 07:00:00+01:00,64716.0
2018-11-13 08:00:00+01:00,65912.0
2018-11-13 09:00:00+01:00,66436.0
2018-11-13 10:00:00+01:00,66660.0
2018-11-13 11:00:00+01:00,66565.0
2018-11-13 12:00:00+01:00,66485.0
2018-11-13 13:00:00+01:00,65945.0
2018-11-13 14:00:00+01:00,64864.0
2018-11-13 15:00:00+01:00,63576.0
2018-11-13 16:00:00+01:00,63598.0
2018-11-13 17:00:00+01:00,65387.0
2018-11-13 18:00:00+01:00,68102.0
2018-11-13 19:00:00+01:00,66775.0
2018-11-13 20:00:00+01:00,64206.0
2018-11-13 21:00:00+01:00,62546.0
2018-11-13 22:00:00+01:00,61980.0
2018-11-13 23:00:00+01:00,61405.0
2018-11-14 00:00:00+01:00,57589.0
2018-11-14 01:00:00+01:00,56271.0
2018-11-14 02:00:00+01:00,55801.0
2018-11-14 03:00:00+01:00,55033.0
2018-11-14 04:00:00+01:00,54820.0
2018-11-14 05:00:00+01:00,56906.0
2018-11-14 06:00:00+01:00,60280.0
2018-11-14 07:00:00+01:00,62530.0
2018-11-14 08:00:00+01:00,64076.0
2018-11-14 09:00:00+01:00,64446.0
2018-11-14 10:00:00+01:00,64595.0
2018-11-14 11:00:00+01:00,64698.0
2018-11-14 12:00:00+01:00,64101.0
2018-11-14 13:00:00+01:00,63408.0
2018-11-14 14:00:00+01:00,62297.0
2018-11-14 15:00:00+01:00,62153.0
2018-11-14 16:00:00+01:00,62425.0
2018-11-14 17:00:00+01:00,64920.0
2018-11-14 18:00:00+01:00,66406.0
2018-11-14 19:00:00+01:00,65775.0
2018-11-14 20:00:00+01:00,64559.0
2018-11-14 21:00:00+01:00,63425.0
2018-11-14 22:00:00+01:00,62768.0
2018-11-14 23:00:00+01:00,61392.0
2018-11-15 00:00:00+01:00,57935.0
2018-11-15 01:00:00+01:00,55174.0
2018-11-15 02:00:00+01:00,54217.0
2018-11-15 03:00:00+01:00,54406.0
2018-11-15 04:00:00+01:00,54179.0
2018-11-15 05:00:00+01:00,56344.0
2018-11-15 06:00:00+01:00,62046.0
2018-11-15 07:00:00+01:00,64562.0
2018-11-15 08:00:00+01:00,65478.0
2018-11-15 09:00:00+01:00,65976.0
2018-11-15 10:00:00+01:00,66099.0
2018-11-15 11:00:00+01:00,66244.0
2018-11-15 12:00:00+01:00,66048.0
2018-11-15 13:00:00+01:00,65550.0
2018-11-15 14:00:00+01:00,64408.0
2018-11-15 15:00:00+01:00,63858.0
2018-11-15 16:00:00+01:00,63497.0
2018-11-15 17:00:00+01:00,64384.0
2018-11-15 18:00:00+01:00,65607.0
2018-11-15 19:00:00+01:00,65108.0
2018-11-15 20:00:00+01:00,63877.0
2018-11-15 21:00:00+01:00,62832.0
2018-11-15 22:00:00+01:00,62576.0
2018-11-15 23:00:00+01:00,62531.0
2018-11-16 00:00:00+01:00,58822.0
2018-11-16 01:00:00+01:00,56171.0
2018-11-16 02:00:00+01:00,55200.0
2018-11-16 03:00:00+01:00,53687.0
2018-11-16 04:00:00+01:00,54142.0
2018-11-16 05:00:00+01:00,55890.0
2018-11-16 06:00:00+01:00,60000.0
2018-11-16 07:00:00+01:00,62055.0
2018-11-16 08:00:00+01:00,63531.0
2018-11-16 09:00:00+01:00,64558.0
2018-11-16 10:00:00+01:00,64668.0
2018-11-16 11:00:00+01:00,65016.0
2018-11-16 12:00:00+01:00,65881.0
2018-11-16 13:00:00+01:00,65953.0
2018-11-16 14:00:00+01:00,65214.0
2018-11-16 15:00:00+01:00,64329.0
2018-11-16 16:00:00+01:00,64294.0
2018-11-16 17:00:00+01:00,65702.0
2018-11-16 18:00:00+01:00,67327.0
2018-11-16 19:00:00+01:00,67288.0
2018-11-16 20:00:00+01:00,66411.0
2018-11-16 21:00:00+01:00,66039.0
2018-11-16 22:00:00+01:00,65819.0
2018-11-16 23:00:00+01:00,65182.0
2018-11-17 00:00:00+01:00,60133.0
2018-11-17 01:00:00+01:00,56806.0
2018-11-17 02:00:00+01:00,54093.0
2018-11-17 03:00:00+01:00,52835.0
2018-11-17 04:00:00+01:00,52812.0
2018-11-17 05:00:00+01:00,53299.0
2018-11-17 06:00:00+01:00,54329.0
2018-11-17 07:00:00+01:00,55882.0
2018-11-17 08:00:00+01:00,58385.0
2018-11-17 09:00:00+01:00,61416.0
2018-11-17 10:00:00+01:00,62206.0
2018-11-17 11:00:00+01:00,62466.0
2018-11-17 12:00:00+01:00,62787.0
2018-11-17 13:00:00+01:00,61938.0
2018-11-17 14:00:00+01:00,61063.0
2018-11-17 15:00:00+01:00,60255.0
2018-11-17 16:00:00+01:00,61472.0
2018-11-17 17:00:00+01:00,63638.0
2018-11-17 18:00:00+01:00,65859.0
2018-11-17 19:00:00+01:00,66258.0
2018-11-17 20:00:00+01:00,65319.0
2018-11-17 21:00:00+01:00,63896.0
2018-11-17 22:00:00+01:00,62334.0
2018-11-17 23:00:00+01:00,62007.0
2018-11-18 00:00:00+01:00,59478.0
2018-11-18 01:00:00+01:00,57910.0
2018-11-18 02:00:00+01:00,56374.0
2018-11-18 03:00:00+01:00,54996.0
2018-11-18 04:00:00+01:00,54751.0
2018-11-18 05:00:00+01:00,55120.0
2018-11-18 06:00:00+01:00,55438.0
2018-11-18 07:00:00+01:00,56273.0
2018-11-18 08:00:00+01:00,57240.0
2018-11-18 09:00:00+01:00,59328.0
2018-11-18 10:00:00+01:00,60703.0
2018-11-18 11:00:00+01:00,61792.0
2018-11-18 12:00:00+01:00,61805.0
2018-11-18 13:00:00+01:00,60740.0
2018-11-18 14:00:00+01:00,60133.0
2018-11-18 15:00:00+01:00,59832.0
2018-11-18 16:00:00+01:00,60324.0
2018-11-18 17:00:00+01:00,63119.0
2018-11-18 18:00:00+01:00,65738.0
2018-11-18 19:00:00+01:00,66795.0
2018-11-18 20:00:00+01:00,66484.0
2018-11-18 21:00:00+01:00,65623.0
2018-11-18 22:00:00+01:00,65202.0
2018-11-18 23:00:00+01:00,64774.0
2018-11-19 00:00:00+01:00,61510.0
2018-11-19 01:00:00+01:00,60561.0
2018-11-19 02:00:00+01:00,60733.0
2018-11-19 03:00:00+01:00,60947.0
2018-11-19 04:00:00+01:00,61528.0
2018-11-19 05:00:00+01:00,63326.0
2018-11-19 06:00:00+01:00,66566.0
2018-11-19 07:00:00+01:00,68837.0
2018-11-19 08:00:00+01:00,70519.0
2018-11-19 09:00:00+01:00,71764.0
2018-11-19 10:00:00+01:00,72319.0
2018-11-19 11:00:00+01:00,73254.0
2018-11-19 12:00:00+01:00,73501.0
2018-11-19 13:00:00+01:00,73606.0
2018-11-19 14:00:00+01:00,72767.0
2018-11-19 15:00:00+01:00,71979.0
2018-11-19 16:00:00+01:00,71091.0
2018-11-19 17:00:00+01:00,73465.0
2018-11-19 18:00:00+01:00,76037.0
2018-11-19 19:00:00+01:00,74233.0
2018-11-19 20:00:00+01:00,71614.0
2018-11-19 21:00:00+01:00,69491.0
2018-11-19 22:00:00+01:00,68773.0
2018-11-19 23:00:00+01:00,67960.0
2018-11-20 00:00:00+01:00,65410.0
2018-11-20 01:00:00+01:00,63494.0
2018-11-20 02:00:00+01:00,62743.0
2018-11-20 03:00:00+01:00,62204.0
2018-11-20 04:00:00+01:00,61888.0
2018-11-20 05:00:00+01:00,62991.0
2018-11-20 06:00:00+01:00,66466.0
2018-11-20 07:00:00+01:00,69814.0
2018-11-20 08:00:00+01:00,71625.0
2018-11-20 09:00:00+01:00,72585.0
2018-11-20 10:00:00+01:00,72784.0
2018-11-20 11:00:00+01:00,73066.0
2018-11-20 12:00:00+01:00,72860.0
2018-11-20 13:00:00+01:00,71904.0
2018-11-20 14:00:00+01:00,70758.0
2018-11-20 15:00:00+01:00,70477.0
2018-11-20 16:00:00+01:00,70252.0
2018-11-20 17:00:00+01:00,72430.0
2018-11-20 18:00:00+01:00,74416.0
2018-11-20 19:00:00+01:00,74301.0
2018-11-20 20:00:00+01:00,70262.0
2018-11-20 21:00:00+01:00,65955.0
2018-11-20 22:00:00+01:00,65118.0
2018-11-20 23:00:00+01:00,64491.0
2018-11-21 00:00:00+01:00,61064.0
2018-11-21 01:00:00+01:00,59504.0
2018-11-21 02:00:00+01:00,58938.0
2018-11-21 03:00:00+01:00,58654.0
2018-11-21 04:00:00+01:00,58118.0
2018-11-21 05:00:00+01:00,59688.0
2018-11-21 06:00:00+01:00,63693.0
2018-11-21 07:00:00+01:00,70349.0
2018-11-21 08:00:00+01:00,72163.0
2018-11-21 09:00:00+01:00,73192.0
2018-11-21 10:00:00+01:00,73509.0
2018-11-21 11:00:00+01:00,73575.0
2018-11-21 12:00:00+01:00,72461.0
2018-11-21 13:00:00+01:00,71232.0
2018-11-21 14:00:00+01:00,70283.0
2018-11-21 15:00:00+01:00,69457.0
2018-11-21 16:00:00+01:00,69570.0
2018-11-21 17:00:00+01:00,71168.0
2018-11-21 18:00:00+01:00,73542.0
2018-11-21 19:00:00+01:00,73326.0
2018-11-21 20:00:00+01:00,69829.0
2018-11-21 21:00:00+01:00,65783.0
2018-11-21 22:00:00+01:00,65924.0
2018-11-21 23:00:00+01:00,66155.0
2018-11-22 00:00:00+01:00,63524.0
2018-11-22 01:00:00+01:00,61361.0
2018-11-22 02:00:00+01:00,60494.0
2018-11-22 03:00:00+01:00,59171.0
2018-11-22 04:00:00+01:00,59505.0
2018-11-22 05:00:00+01:00,60647.0
2018-11-22 06:00:00+01:00,65379.0
2018-11-22 07:00:00+01:00,71662.0
2018-11-22 08:00:00+01:00,72572.0
2018-11-22 09:00:00+01:00,73325.0
2018-11-22 10:00:00+01:00,73281.0
2018-11-22 11:00:00+01:00,72775.0
2018-11-22 12:00:00+01:00,72120.0
2018-11-22 13:00:00+01:00,70746.0
2018-11-22 14:00:00+01:00,69081.0
2018-11-22 15:00:00+01:00,68158.0
2018-11-22 16:00:00+01:00,68655.0
2018-11-22 17:00:00+01:00,71007.0
2018-11-22 18:00:00+01:00,73197.0
2018-11-22 19:00:00+01:00,73011.0
2018-11-22 20:00:00+01:00,68892.0
2018-11-22 21:00:00+01:00,66219.0
2018-11-22 22:00:00+01:00,65975.0
2018-11-22 23:00:00+01:00,64563.0
2018-11-23 00:00:00+01:00,61875.0
2018-11-23 01:00:00+01:00,60813.0
2018-11-23 02:00:00+01:00,60252.0
2018-11-23 03:00:00+01:00,59154.0
2018-11-23 04:00:00+01:00,59571.0
2018-11-23 05:00:00+01:00,60433.0
2018-11-23 06:00:00+01:00,65186.0
2018-11-23 07:00:00+01:00,70537.0
2018-11-23 08:00:00+01:00,72381.0
2018-11-23 09:00:00+01:00,72574.0
2018-11-23 10:00:00+01:00,72663.0
2018-11-23 11:00:00+01:00,72010.0
2018-11-23 12:00:00+01:00,71265.0
2018-11-23 13:00:00+01:00,69704.0
2018-11-23 14:00:00+01:00,68732.0
2018-11-23 15:00:00+01:00,68177.0
2018-11-23 16:00:00+01:00,69242.0
2018-11-23 17:00:00+01:00,72795.0
2018-11-23 18:00:00+01:00,73918.0
2018-11-23 19:00:00+01:00,72034.0
2018-11-23 20:00:00+01:00,67705.0
2018-11-23 21:00:00+01:00,65580.0
2018-11-23 22:00:00+01:00,64108.0
2018-11-23 23:00:00+01:00,62115.0
2018-11-24 00:00:00+01:00,60966.0
2018-11-24 01:00:00+01:00,58123.0
2018-11-24 02:00:00+01:00,57548.0
2018-11-24 03:00:00+01:00,57228.0
2018-11-24 04:00:00+01:00,57643.0
2018-11-24 05:00:00+01:00,57762.0
2018-11-24 06:00:00+01:00,58526.0
2018-11-24 07:00:00+01:00,58862.0
2018-11-24 08:00:00+01:00,61212.0
2018-11-24 09:00:00+01:00,64219.0
2018-11-24 10:00:00+01:00,65515.0
2018-11-24 11:00:00+01:00,66054.0
2018-11-24 12:00:00+01:00,65449.0
2018-11-24 13:00:00+01:00,64553.0
2018-11-24 14:00:00+01:00,62952.0
2018-11-24 15:00:00+01:00,62233.0
2018-11-24 16:00:00+01:00,62441.0
2018-11-24 17:00:00+01:00,63597.0
2018-11-24 18:00:00+01:00,64616.0
2018-11-24 19:00:00+01:00,64175.0
2018-11-24 20:00:00+01:00,62405.0
2018-11-24 21:00:00+01:00,60452.0
2018-11-24 22:00:00+01:00,60140.0
2018-11-24 23:00:00+01:00,59585.0
2018-11-25 00:00:00+01:00,58614.0
2018-11-25 01:00:00+01:00,56359.0
2018-11-25 02:00:00+01:00,54390.0
2018-11-25 03:00:00+01:00,53214.0
2018-11-25 04:00:00+01:00,53198.0
2018-11-25 05:00:00+01:00,53842.0
2018-11-25 06:00:00+01:00,55180.0
2018-11-25 07:00:00+01:00,56250.0
2018-11-25 08:00:00+01:00,57301.0
2018-11-25 09:00:00+01:00,60259.0
2018-11-25 10:00:00+01:00,62586.0
2018-11-25 11:00:00+01:00,64387.0
2018-11-25 12:00:00+01:00,64954.0
2018-11-25 13:00:00+01:00,63630.0
2018-11-25 14:00:00+01:00,61614.0
2018-11-25 15:00:00+01:00,61191.0
2018-11-25 16:00:00+01:00,62238.0
2018-11-25 17:00:00+01:00,64141.0
2018-11-25 18:00:00+01:00,65848.0
2018-11-25 19:00:00+01:00,66130.0
2018-11-25 20:00:00+01:00,65329.0
2018-11-25 21:00:00+01:00,64944.0
2018-11-25 22:00:00+01:00,63241.0
2018-11-25 23:00:00+01:00,61509.0
2018-11-26 00:00:00+01:00,60106.0
2018-11-26 01:00:00+01:00,58573.0
2018-11-26 02:00:00+01:00,58145.0
2018-11-26 03:00:00+01:00,57530.0
2018-11-26 04:00:00+01:00,57883.0
2018-11-26 05:00:00+01:00,59577.0
2018-11-26 06:00:00+01:00,64584.0
2018-11-26 07:00:00+01:00,68900.0
2018-11-26 08:00:00+01:00,71572.0
2018-11-26 09:00:00+01:00,73112.0
2018-11-26 10:00:00+01:00,73532.0
2018-11-26 11:00:00+01:00,74017.0
2018-11-26 12:00:00+01:00,74354.0
2018-11-26 13:00:00+01:00,74552.0
2018-11-26 14:00:00+01:00,73646.0
2018-11-26 15:00:00+01:00,72885.0
2018-11-26 16:00:00+01:00,73378.0
2018-11-26 17:00:00+01:00,76264.0
2018-11-26 18:00:00+01:00,77350.0
2018-11-26 19:00:00+01:00,76989.0
2018-11-26 20:00:00+01:00,72008.0
2018-11-26 21:00:00+01:00,68345.0
2018-11-26 22:00:00+01:00,67880.0
2018-11-26 23:00:00+01:00,66894.0
2018-11-27 00:00:00+01:00,64626.0
2018-11-27 01:00:00+01:00,62460.0
2018-11-27 02:00:00+01:00,61814.0
2018-11-27 03:00:00+01:00,62138.0
2018-11-27 04:00:00+01:00,61492.0
2018-11-27 05:00:00+01:00,62185.0
2018-11-27 06:00:00+01:00,67600.0
2018-11-27 07:00:00+01:00,72933.0
2018-11-27 08:00:00+01:00,74822.0
2018-11-27 09:00:00+01:00,75783.0
2018-11-27 10:00:00+01:00,76255.0
2018-11-27 11:00:00+01:00,77062.0
2018-11-27 12:00:00+01:00,76169.0
2018-11-27 13:00:00+01:00,75737.0
2018-11-27 14:00:00+01:00,75034.0
2018-11-27 15:00:00+01:00,74464.0
2018-11-27 16:00:00+01:00,74864.0
2018-11-27 17:00:00+01:00,76991.0
2018-11-27 18:00:00+01:00,77337.0
2018-11-27 19:00:00+01:00,75117.0
2018-11-27 20:00:00+01:00,73201.0
2018-11-27 21:00:00+01:00,72100.0
2018-11-27 22:00:00+01:00,71335.0
2018-11-27 23:00:00+01:00,69961.0
2018-11-28 00:00:00+01:00,68455.0
2018-11-28 01:00:00+01:00,66188.0
2018-11-28 02:00:00+01:00,65624.0
2018-11-28 03:00:00+01:00,63397.0
2018-11-28 04:00:00+01:00,63082.0
2018-11-28 05:00:00+01:00,64764.0
2018-11-28 06:00:00+01:00,68833.0
2018-11-28 07:00:00+01:00,71796.0
2018-11-28 08:00:00+01:00,73992.0
2018-11-28 09:00:00+01:00,74434.0
2018-11-28 10:00:00+01:00,74288.0
2018-11-28 11:00:00+01:00,74355.0
2018-11-28 12:00:00+01:00,74357.0
2018-11-28 13:00:00+01:00,73731.0
2018-11-28 14:00:00+01:00,72862.0
2018-11-28 15:00:00+01:00,72333.0
2018-11-28 16:00:00+01:00,72348.0
2018-11-28 17:00:00+01:00,73828.0
2018-11-28 18:00:00+01:00,75442.0
2018-11-28 19:00:00+01:00,75030.0
2018-11-28 20:00:00+01:00,73285.0
2018-11-28 21:00:00+01:00,71883.0
2018-11-28 22:00:00+01:00,70818.0
2018-11-28 23:00:00+01:00,68957.0
2018-11-29 00:00:00+01:00,65468.0
2018-11-29 01:00:00+01:00,63486.0
2018-11-29 02:00:00+01:00,63482.0
2018-11-29 03:00:00+01:00,63666.0
2018-11-29 04:00:00+01:00,63168.0
2018-11-29 05:00:00+01:00,64331.0
2018-11-29 06:00:00+01:00,68761.0
2018-11-29 07:00:00+01:00,73821.0
2018-11-29 08:00:00+01:00,75543.0
2018-11-29 09:00:00+01:00,76358.0
2018-11-29 10:00:00+01:00,76652.0
2018-11-29 11:00:00+01:00,77370.0
2018-11-29 12:00:00+01:00,76912.0
2018-11-29 13:00:00+01:00,76270.0
2018-11-29 14:00:00+01:00,74709.0
2018-11-29 15:00:00+01:00,73610.0
2018-11-29 16:00:00+01:00,73125.0
2018-11-29 17:00:00+01:00,74413.0
2018-11-29 18:00:00+01:00,75626.0
2018-11-29 19:00:00+01:00,75274.0
2018-11-29 20:00:00+01:00,73348.0
2018-11-29 21:00:00+01:00,71008.0
2018-11-29 22:00:00+01:00,69879.0
2018-11-29 23:00:00+01:00,67806.0
2018-11-30 00:00:00+01:00,63810.0
2018-11-30 01:00:00+01:00,61784.0
2018-11-30 02:00:00+01:00,60935.0
2018-11-30 03:00:00+01:00,59581.0
2018-11-30 04:00:00+01:00,59425.0
2018-11-30 05:00:00+01:00,60706.0
2018-11-30 06:00:00+01:00,65640.0
2018-11-30 07:00:00+01:00,70472.0
2018-11-30 08:00:00+01:00,71309.0
2018-11-30 09:00:00+01:00,72012.0
2018-11-30 10:00:00+01:00,72099.0
2018-11-30 11:00:00+01:00,72449.0
2018-11-30 12:00:00+01:00,72397.0
2018-11-30 13:00:00+01:00,71819.0
2018-11-30 14:00:00+01:00,70702.0
2018-11-30 15:00:00+01:00,70390.0
2018-11-30 16:00:00+01:00,70681.0
2018-11-30 17:00:00+01:00,72042.0
2018-11-30 18:00:00+01:00,72998.0
2018-11-30 19:00:00+01:00,72435.0
2018-11-30 20:00:00+01:00,71166.0
2018-11-30 21:00:00+01:00,69892.0
2018-11-30 22:00:00+01:00,69484.0
2018-11-30 23:00:00+01:00,68677.0
2018-12-01 00:00:00+01:00,64343.0
2018-12-01 01:00:00+01:00,61779.0
2018-12-01 02:00:00+01:00,59440.0
2018-12-01 03:00:00+01:00,57335.0
2018-12-01 04:00:00+01:00,56678.0
2018-12-01 05:00:00+01:00,57714.0
2018-12-01 06:00:00+01:00,59953.0
2018-12-01 07:00:00+01:00,63088.0
2018-12-01 08:00:00+01:00,66619.0
2018-12-01 09:00:00+01:00,69393.0
2018-12-01 10:00:00+01:00,70999.0
2018-12-01 11:00:00+01:00,72113.0
2018-12-01 12:00:00+01:00,72198.0
2018-12-01 13:00:00+01:00,71547.0
2018-12-01 14:00:00+01:00,69703.0
2018-12-01 15:00:00+01:00,68747.0
2018-12-01 16:00:00+01:00,68733.0
2018-12-01 17:00:00+01:00,70274.0
2018-12-01 18:00:00+01:00,72465.0
2018-12-01 19:00:00+01:00,72443.0
2018-12-01 20:00:00+01:00,69760.0
2018-12-01 21:00:00+01:00,66439.0
2018-12-01 22:00:00+01:00,66642.0
2018-12-01 23:00:00+01:00,66535.0
2018-12-02 00:00:00+01:00,62581.0
2018-12-02 01:00:00+01:00,60313.0
2018-12-02 02:00:00+01:00,58408.0
2018-12-02 03:00:00+01:00,57696.0
2018-12-02 04:00:00+01:00,57856.0
2018-12-02 05:00:00+01:00,58148.0
2018-12-02 06:00:00+01:00,59080.0
2018-12-02 07:00:00+01:00,60027.0
2018-12-02 08:00:00+01:00,61059.0
2018-12-02 09:00:00+01:00,62764.0
2018-12-02 10:00:00+01:00,65145.0
2018-12-02 11:00:00+01:00,66743.0
2018-12-02 12:00:00+01:00,66818.0
2018-12-02 13:00:00+01:00,64928.0
2018-12-02 14:00:00+01:00,62151.0
2018-12-02 15:00:00+01:00,61226.0
2018-12-02 16:00:00+01:00,61700.0
2018-12-02 17:00:00+01:00,65593.0
2018-12-02 18:00:00+01:00,67842.0
2018-12-02 19:00:00+01:00,68226.0
2018-12-02 20:00:00+01:00,67704.0
2018-12-02 21:00:00+01:00,66098.0
2018-12-02 22:00:00+01:00,65602.0
2018-12-02 23:00:00+01:00,64952.0
2018-12-03 00:00:00+01:00,63218.0
2018-12-03 01:00:00+01:00,61679.0
2018-12-03 02:00:00+01:00,61093.0
2018-12-03 03:00:00+01:00,60566.0
2018-12-03 04:00:00+01:00,60791.0
2018-12-03 05:00:00+01:00,62353.0
2018-12-03 06:00:00+01:00,67385.0
2018-12-03 07:00:00+01:00,72948.0
2018-12-03 08:00:00+01:00,76237.0
2018-12-03 09:00:00+01:00,77134.0
2018-12-03 10:00:00+01:00,77116.0
2018-12-03 11:00:00+01:00,77405.0
2018-12-03 12:00:00+01:00,77256.0
2018-12-03 13:00:00+01:00,77016.0
2018-12-03 14:00:00+01:00,76425.0
2018-12-03 15:00:00+01:00,76214.0
2018-12-03 16:00:00+01:00,76587.0
2018-12-03 17:00:00+01:00,77678.0
2018-12-03 18:00:00+01:00,78012.0
2018-12-03 19:00:00+01:00,78001.0
2018-12-03 20:00:00+01:00,75436.0
2018-12-03 21:00:00+01:00,70829.0
2018-12-03 22:00:00+01:00,68353.0
2018-12-03 23:00:00+01:00,67903.0
2018-12-04 00:00:00+01:00,66537.0
2018-12-04 01:00:00+01:00,64776.0
2018-12-04 02:00:00+01:00,63906.0
2018-12-04 03:00:00+01:00,62501.0
2018-12-04 04:00:00+01:00,62007.0
2018-12-04 05:00:00+01:00,63686.0
2018-12-04 06:00:00+01:00,68900.0
2018-12-04 07:00:00+01:00,72696.0
2018-12-04 08:00:00+01:00,73596.0
2018-12-04 09:00:00+01:00,73781.0
2018-12-04 10:00:00+01:00,73648.0
2018-12-04 11:00:00+01:00,73740.0
2018-12-04 12:00:00+01:00,73805.0
2018-12-04 13:00:00+01:00,73428.0
2018-12-04 14:00:00+01:00,72488.0
2018-12-04 15:00:00+01:00,71719.0
2018-12-04 16:00:00+01:00,72142.0
2018-12-04 17:00:00+01:00,73313.0
2018-12-04 18:00:00+01:00,74534.0
2018-12-04 19:00:00+01:00,73682.0
2018-12-04 20:00:00+01:00,72431.0
2018-12-04 21:00:00+01:00,70245.0
2018-12-04 22:00:00+01:00,69212.0
2018-12-04 23:00:00+01:00,68082.0
2018-12-05 00:00:00+01:00,65814.0
2018-12-05 01:00:00+01:00,64796.0
2018-12-05 02:00:00+01:00,62079.0
2018-12-05 03:00:00+01:00,61270.0
2018-12-05 04:00:00+01:00,61950.0
2018-12-05 05:00:00+01:00,64967.0
2018-12-05 06:00:00+01:00,70217.0
2018-12-05 07:00:00+01:00,74268.0
2018-12-05 08:00:00+01:00,75729.0
2018-12-05 09:00:00+01:00,75964.0
2018-12-05 10:00:00+01:00,76150.0
2018-12-05 11:00:00+01:00,76528.0
2018-12-05 12:00:00+01:00,76642.0
2018-12-05 13:00:00+01:00,76291.0
2018-12-05 14:00:00+01:00,75323.0
2018-12-05 15:00:00+01:00,74592.0
2018-12-05 16:00:00+01:00,74872.0
2018-12-05 17:00:00+01:00,76285.0
2018-12-05 18:00:00+01:00,77413.0
2018-12-05 19:00:00+01:00,77211.0
2018-12-05 20:00:00+01:00,74577.0
2018-12-05 21:00:00+01:00,71168.0
2018-12-05 22:00:00+01:00,70566.0
2018-12-05 23:00:00+01:00,69658.0
2018-12-06 00:00:00+01:00,66816.0
2018-12-06 01:00:00+01:00,65178.0
2018-12-06 02:00:00+01:00,64035.0
2018-12-06 03:00:00+01:00,63414.0
2018-12-06 04:00:00+01:00,63513.0
2018-12-06 05:00:00+01:00,64762.0
2018-12-06 06:00:00+01:00,69766.0
2018-12-06 07:00:00+01:00,74023.0
2018-12-06 08:00:00+01:00,75834.0
2018-12-06 09:00:00+01:00,76567.0
2018-12-06 10:00:00+01:00,76964.0
2018-12-06 11:00:00+01:00,77390.0
2018-12-06 12:00:00+01:00,77914.0
2018-12-06 13:00:00+01:00,77160.0
2018-12-06 14:00:00+01:00,76029.0
2018-12-06 15:00:00+01:00,75012.0
2018-12-06 16:00:00+01:00,74561.0
2018-12-06 17:00:00+01:00,75939.0
2018-12-06 18:00:00+01:00,77382.0
2018-12-06 19:00:00+01:00,77203.0
2018-12-06 20:00:00+01:00,74996.0
2018-12-06 21:00:00+01:00,69966.0
2018-12-06 22:00:00+01:00,69286.0
2018-12-06 23:00:00+01:00,67552.0
2018-12-07 00:00:00+01:00,66334.0
2018-12-07 01:00:00+01:00,64372.0
2018-12-07 02:00:00+01:00,63897.0
2018-12-07 03:00:00+01:00,62934.0
2018-12-07 04:00:00+01:00,63289.0
2018-12-07 05:00:00+01:00,64451.0
2018-12-07 06:00:00+01:00,69852.0
2018-12-07 07:00:00+01:00,74605.0
2018-12-07 08:00:00+01:00,76865.0
2018-12-07 09:00:00+01:00,78034.0
2018-12-07 10:00:00+01:00,78539.0
2018-12-07 11:00:00+01:00,79185.0
2018-12-07 12:00:00+01:00,79550.0
2018-12-07 13:00:00+01:00,78896.0
2018-12-07 14:00:00+01:00,77310.0
2018-12-07 15:00:00+01:00,76185.0
2018-12-07 16:00:00+01:00,75560.0
2018-12-07 17:00:00+01:00,77378.0
2018-12-07 18:00:00+01:00,78751.0
2018-12-07 19:00:00+01:00,77688.0
2018-12-07 20:00:00+01:00,74611.0
2018-12-07 21:00:00+01:00,71280.0
2018-12-07 22:00:00+01:00,71754.0
2018-12-07 23:00:00+01:00,70861.0
2018-12-08 00:00:00+01:00,66958.0
2018-12-08 01:00:00+01:00,64190.0
2018-12-08 02:00:00+01:00,63201.0
2018-12-08 03:00:00+01:00,62478.0
2018-12-08 04:00:00+01:00,61628.0
2018-12-08 05:00:00+01:00,61084.0
2018-12-08 06:00:00+01:00,61627.0
2018-12-08 07:00:00+01:00,66328.0
2018-12-08 08:00:00+01:00,68017.0
2018-12-08 09:00:00+01:00,70883.0
2018-12-08 10:00:00+01:00,72029.0
2018-12-08 11:00:00+01:00,72607.0
2018-12-08 12:00:00+01:00,72778.0
2018-12-08 13:00:00+01:00,70189.0
2018-12-08 14:00:00+01:00,67360.0
2018-12-08 15:00:00+01:00,66296.0
2018-12-08 16:00:00+01:00,66276.0
2018-12-08 17:00:00+01:00,70138.0
2018-12-08 18:00:00+01:00,72615.0
2018-12-08 19:00:00+01:00,72329.0
2018-12-08 20:00:00+01:00,69758.0
2018-12-08 21:00:00+01:00,65993.0
2018-12-08 22:00:00+01:00,66012.0
2018-12-08 23:00:00+01:00,65870.0
2018-12-09 00:00:00+01:00,62291.0
2018-12-09 01:00:00+01:00,61614.0
2018-12-09 02:00:00+01:00,59476.0
2018-12-09 03:00:00+01:00,57126.0
2018-12-09 04:00:00+01:00,56635.0
2018-12-09 05:00:00+01:00,56527.0
2018-12-09 06:00:00+01:00,56881.0
2018-12-09 07:00:00+01:00,58802.0
2018-12-09 08:00:00+01:00,61865.0
2018-12-09 09:00:00+01:00,64685.0
2018-12-09 10:00:00+01:00,67950.0
2018-12-09 11:00:00+01:00,70067.0
2018-12-09 12:00:00+01:00,72001.0
2018-12-09 13:00:00+01:00,70109.0
2018-12-09 14:00:00+01:00,67383.0
2018-12-09 15:00:00+01:00,66208.0
2018-12-09 16:00:00+01:00,65619.0
2018-12-09 17:00:00+01:00,68044.0
2018-12-09 18:00:00+01:00,70606.0
2018-12-09 19:00:00+01:00,70781.0
2018-12-09 20:00:00+01:00,69398.0
2018-12-09 21:00:00+01:00,66489.0
2018-12-09 22:00:00+01:00,66388.0
2018-12-09 23:00:00+01:00,66634.0
2018-12-10 00:00:00+01:00,63617.0
2018-12-10 01:00:00+01:00,61841.0
2018-12-10 02:00:00+01:00,60017.0
2018-12-10 03:00:00+01:00,58713.0
2018-12-10 04:00:00+01:00,58862.0
2018-12-10 05:00:00+01:00,62296.0
2018-12-10 06:00:00+01:00,66914.0
2018-12-10 07:00:00+01:00,72713.0
2018-12-10 08:00:00+01:00,75448.0
2018-12-10 09:00:00+01:00,76270.0
2018-12-10 10:00:00+01:00,76875.0
2018-12-10 11:00:00+01:00,77503.0
2018-12-10 12:00:00+01:00,77708.0
2018-12-10 13:00:00+01:00,77314.0
2018-12-10 14:00:00+01:00,76607.0
2018-12-10 15:00:00+01:00,75974.0
2018-12-10 16:00:00+01:00,75385.0
2018-12-10 17:00:00+01:00,75911.0
2018-12-10 18:00:00+01:00,77206.0
2018-12-10 19:00:00+01:00,76524.0
2018-12-10 20:00:00+01:00,74673.0
2018-12-10 21:00:00+01:00,72129.0
2018-12-10 22:00:00+01:00,71250.0
2018-12-10 23:00:00+01:00,69562.0
2018-12-11 00:00:00+01:00,68439.0
2018-12-11 01:00:00+01:00,66319.0
2018-12-11 02:00:00+01:00,65421.0
2018-12-11 03:00:00+01:00,64574.0
2018-12-11 04:00:00+01:00,64217.0
2018-12-11 05:00:00+01:00,66588.0
2018-12-11 06:00:00+01:00,71910.0
2018-12-11 07:00:00+01:00,73817.0
2018-12-11 08:00:00+01:00,75001.0
2018-12-11 09:00:00+01:00,75446.0
2018-12-11 10:00:00+01:00,76357.0
2018-12-11 11:00:00+01:00,76822.0
2018-12-11 12:00:00+01:00,76520.0
2018-12-11 13:00:00+01:00,76190.0
2018-12-11 14:00:00+01:00,75493.0
2018-12-11 15:00:00+01:00,75113.0
2018-12-11 16:00:00+01:00,74869.0
2018-12-11 17:00:00+01:00,77172.0
2018-12-11 18:00:00+01:00,77502.0
2018-12-11 19:00:00+01:00,76535.0
2018-12-11 20:00:00+01:00,75101.0
2018-12-11 21:00:00+01:00,73822.0
2018-12-11 22:00:00+01:00,73847.0
2018-12-11 23:00:00+01:00,73165.0
2018-12-12 00:00:00+01:00,71946.0
2018-12-12 01:00:00+01:00,70374.0
2018-12-12 02:00:00+01:00,69788.0
2018-12-12 03:00:00+01:00,69471.0
2018-12-12 04:00:00+01:00,69719.0
2018-12-12 05:00:00+01:00,70663.0
2018-12-12 06:00:00+01:00,74802.0
2018-12-12 07:00:00+01:00,77674.0
2018-12-12 08:00:00+01:00,79752.0
2018-12-12 09:00:00+01:00,80419.0
2018-12-12 10:00:00+01:00,80609.0
2018-12-12 11:00:00+01:00,80323.0
2018-12-12 12:00:00+01:00,79584.0
2018-12-12 13:00:00+01:00,79318.0
2018-12-12 14:00:00+01:00,78604.0
2018-12-12 15:00:00+01:00,78407.0
2018-12-12 16:00:00+01:00,79811.0
2018-12-12 17:00:00+01:00,81823.0
2018-12-12 18:00:00+01:00,82258.0
2018-12-12 19:00:00+01:00,79936.0
2018-12-12 20:00:00+01:00,78408.0
2018-12-12 21:00:00+01:00,77410.0
2018-12-12 22:00:00+01:00,77112.0
2018-12-12 23:00:00+01:00,76345.0
2018-12-13 00:00:00+01:00,72378.0
2018-12-13 01:00:00+01:00,70713.0
2018-12-13 02:00:00+01:00,70180.0
2018-12-13 03:00:00+01:00,69392.0
2018-12-13 04:00:00+01:00,70106.0
2018-12-13 05:00:00+01:00,71558.0
2018-12-13 06:00:00+01:00,75505.0
2018-12-13 07:00:00+01:00,78942.0
2018-12-13 08:00:00+01:00,80329.0
2018-12-13 09:00:00+01:00,81196.0
2018-12-13 10:00:00+01:00,81288.0
2018-12-13 11:00:00+01:00,80628.0
2018-12-13 12:00:00+01:00,80105.0
2018-12-13 13:00:00+01:00,80417.0
2018-12-13 14:00:00+01:00,78907.0
2018-12-13 15:00:00+01:00,78987.0
2018-12-13 16:00:00+01:00,80573.0
2018-12-13 17:00:00+01:00,83086.0
2018-12-13 18:00:00+01:00,83745.0
2018-12-13 19:00:00+01:00,81799.0
2018-12-13 20:00:00+01:00,78303.0
2018-12-13 21:00:00+01:00,77106.0
2018-12-13 22:00:00+01:00,76253.0
2018-12-13 23:00:00+01:00,75196.0
2018-12-14 00:00:00+01:00,72963.0
2018-12-14 01:00:00+01:00,70579.0
2018-12-14 02:00:00+01:00,69154.0
2018-12-14 03:00:00+01:00,68491.0
2018-12-14 04:00:00+01:00,68841.0
2018-12-14 05:00:00+01:00,70813.0
2018-12-14 06:00:00+01:00,74640.0
2018-12-14 07:00:00+01:00,79128.0
2018-12-14 08:00:00+01:00,81444.0
2018-12-14 09:00:00+01:00,81873.0
2018-12-14 10:00:00+01:00,81818.0
2018-12-14 11:00:00+01:00,81041.0
2018-12-14 12:00:00+01:00,80082.0
2018-12-14 13:00:00+01:00,79146.0
2018-12-14 14:00:00+01:00,78083.0
2018-12-14 15:00:00+01:00,77567.0
2018-12-14 16:00:00+01:00,78118.0
2018-12-14 17:00:00+01:00,80174.0
2018-12-14 18:00:00+01:00,81783.0
2018-12-14 19:00:00+01:00,80564.0
2018-12-14 20:00:00+01:00,76866.0
2018-12-14 21:00:00+01:00,74855.0
2018-12-14 22:00:00+01:00,73986.0
2018-12-14 23:00:00+01:00,72391.0
2018-12-15 00:00:00+01:00,72617.0
2018-12-15 01:00:00+01:00,71516.0
2018-12-15 02:00:00+01:00,69346.0
2018-12-15 03:00:00+01:00,68349.0
2018-12-15 04:00:00+01:00,68130.0
2018-12-15 05:00:00+01:00,68410.0
2018-12-15 06:00:00+01:00,69268.0
2018-12-15 07:00:00+01:00,72815.0
2018-12-15 08:00:00+01:00,75336.0
2018-12-15 09:00:00+01:00,77041.0
2018-12-15 10:00:00+01:00,77852.0
2018-12-15 11:00:00+01:00,77967.0
2018-12-15 12:00:00+01:00,77671.0
2018-12-15 13:00:00+01:00,76726.0
2018-12-15 14:00:00+01:00,75370.0
2018-12-15 15:00:00+01:00,74997.0
2018-12-15 16:00:00+01:00,75904.0
2018-12-15 17:00:00+01:00,77846.0
2018-12-15 18:00:00+01:00,79858.0
2018-12-15 19:00:00+01:00,79884.0
2018-12-15 20:00:00+01:00,77649.0
2018-12-15 21:00:00+01:00,74801.0
2018-12-15 22:00:00+01:00,75949.0
2018-12-15 23:00:00+01:00,75614.0
2018-12-16 00:00:00+01:00,70228.0
2018-12-16 01:00:00+01:00,65457.0
2018-12-16 02:00:00+01:00,64067.0
2018-12-16 03:00:00+01:00,62917.0
2018-12-16 04:00:00+01:00,62025.0
2018-12-16 05:00:00+01:00,61867.0
2018-12-16 06:00:00+01:00,61987.0
2018-12-16 07:00:00+01:00,62730.0
2018-12-16 08:00:00+01:00,63617.0
2018-12-16 09:00:00+01:00,67153.0
2018-12-16 10:00:00+01:00,70230.0
2018-12-16 11:00:00+01:00,71333.0
2018-12-16 12:00:00+01:00,71674.0
2018-12-16 13:00:00+01:00,70410.0
2018-12-16 14:00:00+01:00,68649.0
2018-12-16 15:00:00+01:00,67545.0
2018-12-16 16:00:00+01:00,69677.0
2018-12-16 17:00:00+01:00,72384.0
2018-12-16 18:00:00+01:00,74010.0
2018-12-16 19:00:00+01:00,74590.0
2018-12-16 20:00:00+01:00,74419.0
2018-12-16 21:00:00+01:00,73924.0
2018-12-16 22:00:00+01:00,74120.0
2018-12-16 23:00:00+01:00,73208.0
2018-12-17 00:00:00+01:00,69486.0
2018-12-17 01:00:00+01:00,67817.0
2018-12-17 02:00:00+01:00,67264.0
2018-12-17 03:00:00+01:00,66703.0
2018-12-17 04:00:00+01:00,67020.0
2018-12-17 05:00:00+01:00,69749.0
2018-12-17 06:00:00+01:00,75441.0
2018-12-17 07:00:00+01:00,78960.0
2018-12-17 08:00:00+01:00,81355.0
2018-12-17 09:00:00+01:00,82789.0
2018-12-17 10:00:00+01:00,83267.0
2018-12-17 11:00:00+01:00,83069.0
2018-12-17 12:00:00+01:00,82452.0
2018-12-17 13:00:00+01:00,81469.0
2018-12-17 14:00:00+01:00,80122.0
2018-12-17 15:00:00+01:00,79390.0
2018-12-17 16:00:00+01:00,79626.0
2018-12-17 17:00:00+01:00,81776.0
2018-12-17 18:00:00+01:00,82736.0
2018-12-17 19:00:00+01:00,80805.0
2018-12-17 20:00:00+01:00,79002.0
2018-12-17 21:00:00+01:00,77354.0
2018-12-17 22:00:00+01:00,76492.0
2018-12-17 23:00:00+01:00,75721.0
2018-12-18 00:00:00+01:00,73412.0
2018-12-18 01:00:00+01:00,70703.0
2018-12-18 02:00:00+01:00,70019.0
2018-12-18 03:00:00+01:00,69073.0
2018-12-18 04:00:00+01:00,69899.0
2018-12-18 05:00:00+01:00,72339.0
2018-12-18 06:00:00+01:00,77221.0
2018-12-18 07:00:00+01:00,81873.0
2018-12-18 08:00:00+01:00,84493.0
2018-12-18 09:00:00+01:00,85083.0
2018-12-18 10:00:00+01:00,84985.0
2018-12-18 11:00:00+01:00,84496.0
2018-12-18 12:00:00+01:00,83930.0
2018-12-18 13:00:00+01:00,83318.0
2018-12-18 14:00:00+01:00,82526.0
2018-12-18 15:00:00+01:00,81800.0
2018-12-18 16:00:00+01:00,81806.0
2018-12-18 17:00:00+01:00,83358.0
2018-12-18 18:00:00+01:00,84337.0
2018-12-18 19:00:00+01:00,83440.0
2018-12-18 20:00:00+01:00,81923.0
2018-12-18 21:00:00+01:00,78189.0
2018-12-18 22:00:00+01:00,77124.0
2018-12-18 23:00:00+01:00,76408.0
2018-12-19 00:00:00+01:00,73961.0
2018-12-19 01:00:00+01:00,71862.0
2018-12-19 02:00:00+01:00,69888.0
2018-12-19 03:00:00+01:00,68990.0
2018-12-19 04:00:00+01:00,69067.0
2018-12-19 05:00:00+01:00,69695.0
2018-12-19 06:00:00+01:00,75210.0
2018-12-19 07:00:00+01:00,79338.0
2018-12-19 08:00:00+01:00,80757.0
2018-12-19 09:00:00+01:00,81224.0
2018-12-19 10:00:00+01:00,81470.0
2018-12-19 11:00:00+01:00,81579.0
2018-12-19 12:00:00+01:00,81412.0
2018-12-19 13:00:00+01:00,81223.0
2018-12-19 14:00:00+01:00,80917.0
2018-12-19 15:00:00+01:00,80434.0
2018-12-19 16:00:00+01:00,80137.0
2018-12-19 17:00:00+01:00,81624.0
2018-12-19 18:00:00+01:00,82723.0
2018-12-19 19:00:00+01:00,82349.0
2018-12-19 20:00:00+01:00,80578.0
2018-12-19 21:00:00+01:00,78527.0
2018-12-19 22:00:00+01:00,78346.0
2018-12-19 23:00:00+01:00,77494.0
2018-12-20 00:00:00+01:00,74027.0
2018-12-20 01:00:00+01:00,71363.0
2018-12-20 02:00:00+01:00,69917.0
2018-12-20 03:00:00+01:00,68972.0
2018-12-20 04:00:00+01:00,68791.0
2018-12-20 05:00:00+01:00,70443.0
2018-12-20 06:00:00+01:00,75853.0
2018-12-20 07:00:00+01:00,80789.0
2018-12-20 08:00:00+01:00,82306.0
2018-12-20 09:00:00+01:00,82996.0
2018-12-20 10:00:00+01:00,83394.0
2018-12-20 11:00:00+01:00,83537.0
2018-12-20 12:00:00+01:00,83654.0
2018-12-20 13:00:00+01:00,82816.0
2018-12-20 14:00:00+01:00,81881.0
2018-12-20 15:00:00+01:00,80817.0
2018-12-20 16:00:00+01:00,80174.0
2018-12-20 17:00:00+01:00,81245.0
2018-12-20 18:00:00+01:00,83204.0
2018-12-20 19:00:00+01:00,82928.0
2018-12-20 20:00:00+01:00,80254.0
2018-12-20 21:00:00+01:00,77449.0
2018-12-20 22:00:00+01:00,76024.0
2018-12-20 23:00:00+01:00,74559.0
2018-12-21 00:00:00+01:00,70840.0
2018-12-21 01:00:00+01:00,69184.0
2018-12-21 02:00:00+01:00,69550.0
2018-12-21 03:00:00+01:00,69743.0
2018-12-21 04:00:00+01:00,69899.0
2018-12-21 05:00:00+01:00,70279.0
2018-12-21 06:00:00+01:00,73603.0
2018-12-21 07:00:00+01:00,79228.0
2018-12-21 08:00:00+01:00,80565.0
2018-12-21 09:00:00+01:00,81055.0
2018-12-21 10:00:00+01:00,81229.0
2018-12-21 11:00:00+01:00,81380.0
2018-12-21 12:00:00+01:00,81276.0
2018-12-21 13:00:00+01:00,80101.0
2018-12-21 14:00:00+01:00,78760.0
2018-12-21 15:00:00+01:00,78189.0
2018-12-21 16:00:00+01:00,77861.0
2018-12-21 17:00:00+01:00,78307.0
2018-12-21 18:00:00+01:00,78716.0
2018-12-21 19:00:00+01:00,77945.0
2018-12-21 20:00:00+01:00,74217.0
2018-12-21 21:00:00+01:00,71831.0
2018-12-21 22:00:00+01:00,71297.0
2018-12-21 23:00:00+01:00,69814.0
2018-12-22 00:00:00+01:00,65511.0
2018-12-22 01:00:00+01:00,61659.0
2018-12-22 02:00:00+01:00,60242.0
2018-12-22 03:00:00+01:00,59874.0
2018-12-22 04:00:00+01:00,59617.0
2018-12-22 05:00:00+01:00,60771.0
2018-12-22 06:00:00+01:00,63050.0
2018-12-22 07:00:00+01:00,64940.0
2018-12-22 08:00:00+01:00,66793.0
2018-12-22 09:00:00+01:00,69875.0
2018-12-22 10:00:00+01:00,70961.0
2018-12-22 11:00:00+01:00,71299.0
2018-12-22 12:00:00+01:00,71263.0
2018-12-22 13:00:00+01:00,70667.0
2018-12-22 14:00:00+01:00,69595.0
2018-12-22 15:00:00+01:00,68805.0
2018-12-22 16:00:00+01:00,68723.0
2018-12-22 17:00:00+01:00,69561.0
2018-12-22 18:00:00+01:00,70160.0
2018-12-22 19:00:00+01:00,68744.0
2018-12-22 20:00:00+01:00,67091.0
2018-12-22 21:00:00+01:00,65853.0
2018-12-22 22:00:00+01:00,65981.0
2018-12-22 23:00:00+01:00,65259.0
2018-12-23 00:00:00+01:00,62188.0
2018-12-23 01:00:00+01:00,61006.0
2018-12-23 02:00:00+01:00,60086.0
2018-12-23 03:00:00+01:00,59041.0
2018-12-23 04:00:00+01:00,58481.0
2018-12-23 05:00:00+01:00,58578.0
2018-12-23 06:00:00+01:00,58663.0
2018-12-23 07:00:00+01:00,59973.0
2018-12-23 08:00:00+01:00,60824.0
2018-12-23 09:00:00+01:00,62224.0
2018-12-23 10:00:00+01:00,63929.0
2018-12-23 11:00:00+01:00,66675.0
2018-12-23 12:00:00+01:00,67874.0
2018-12-23 13:00:00+01:00,67297.0
2018-12-23 14:00:00+01:00,66513.0
2018-12-23 15:00:00+01:00,65694.0
2018-12-23 16:00:00+01:00,65415.0
2018-12-23 17:00:00+01:00,68112.0
2018-12-23 18:00:00+01:00,71285.0
2018-12-23 19:00:00+01:00,72350.0
2018-12-23 20:00:00+01:00,71156.0
2018-12-23 21:00:00+01:00,70039.0
2018-12-23 22:00:00+01:00,70024.0
2018-12-23 23:00:00+01:00,68597.0
2018-12-24 00:00:00+01:00,65804.0
2018-12-24 01:00:00+01:00,64026.0
2018-12-24 02:00:00+01:00,63235.0
2018-12-24 03:00:00+01:00,61071.0
2018-12-24 04:00:00+01:00,60170.0
2018-12-24 05:00:00+01:00,59747.0
2018-12-24 06:00:00+01:00,62152.0
2018-12-24 07:00:00+01:00,64470.0
2018-12-24 08:00:00+01:00,66132.0
2018-12-24 09:00:00+01:00,68416.0
2018-12-24 10:00:00+01:00,68483.0
2018-12-24 11:00:00+01:00,68758.0
2018-12-24 12:00:00+01:00,68935.0
2018-12-24 13:00:00+01:00,68542.0
2018-12-24 14:00:00+01:00,67391.0
2018-12-24 15:00:00+01:00,66742.0
2018-12-24 16:00:00+01:00,66945.0
2018-12-24 17:00:00+01:00,67373.0
2018-12-24 18:00:00+01:00,68249.0
2018-12-24 19:00:00+01:00,66864.0
2018-12-24 20:00:00+01:00,64668.0
2018-12-24 21:00:00+01:00,64183.0
2018-12-24 22:00:00+01:00,64969.0
2018-12-24 23:00:00+01:00,64836.0
2018-12-25 00:00:00+01:00,62425.0
2018-12-25 01:00:00+01:00,60522.0
2018-12-25 02:00:00+01:00,59558.0
2018-12-25 03:00:00+01:00,57333.0
2018-12-25 04:00:00+01:00,56599.0
2018-12-25 05:00:00+01:00,56571.0
2018-12-25 06:00:00+01:00,56651.0
2018-12-25 07:00:00+01:00,57987.0
2018-12-25 08:00:00+01:00,58654.0
2018-12-25 09:00:00+01:00,60981.0
2018-12-25 10:00:00+01:00,63345.0
2018-12-25 11:00:00+01:00,64134.0
2018-12-25 12:00:00+01:00,63585.0
2018-12-25 13:00:00+01:00,63032.0
2018-12-25 14:00:00+01:00,62419.0
2018-12-25 15:00:00+01:00,61592.0
2018-12-25 16:00:00+01:00,61576.0
2018-12-25 17:00:00+01:00,65509.0
2018-12-25 18:00:00+01:00,67490.0
2018-12-25 19:00:00+01:00,68333.0
2018-12-25 20:00:00+01:00,67539.0
2018-12-25 21:00:00+01:00,66371.0
2018-12-25 22:00:00+01:00,66630.0
2018-12-25 23:00:00+01:00,65770.0
2018-12-26 00:00:00+01:00,62600.0
2018-12-26 01:00:00+01:00,60212.0
2018-12-26 02:00:00+01:00,59838.0
2018-12-26 03:00:00+01:00,58907.0
2018-12-26 04:00:00+01:00,58772.0
2018-12-26 05:00:00+01:00,59163.0
2018-12-26 06:00:00+01:00,61241.0
2018-12-26 07:00:00+01:00,64366.0
2018-12-26 08:00:00+01:00,66344.0
2018-12-26 09:00:00+01:00,68768.0
2018-12-26 10:00:00+01:00,69754.0
2018-12-26 11:00:00+01:00,70453.0
2018-12-26 12:00:00+01:00,70519.0
2018-12-26 13:00:00+01:00,69372.0
2018-12-26 14:00:00+01:00,68306.0
2018-12-26 15:00:00+01:00,67657.0
2018-12-26 16:00:00+01:00,69686.0
2018-12-26 17:00:00+01:00,72534.0
2018-12-26 18:00:00+01:00,74710.0
2018-12-26 19:00:00+01:00,75406.0
2018-12-26 20:00:00+01:00,73636.0
2018-12-26 21:00:00+01:00,72523.0
2018-12-26 22:00:00+01:00,73249.0
2018-12-26 23:00:00+01:00,73343.0
2018-12-27 00:00:00+01:00,69347.0
2018-12-27 01:00:00+01:00,67155.0
2018-12-27 02:00:00+01:00,66750.0
2018-12-27 03:00:00+01:00,66034.0
2018-12-27 04:00:00+01:00,65917.0
2018-12-27 05:00:00+01:00,67080.0
2018-12-27 06:00:00+01:00,70736.0
2018-12-27 07:00:00+01:00,73868.0
2018-12-27 08:00:00+01:00,75485.0
2018-12-27 09:00:00+01:00,76830.0
2018-12-27 10:00:00+01:00,77364.0
2018-12-27 11:00:00+01:00,77319.0
2018-12-27 12:00:00+01:00,77458.0
2018-12-27 13:00:00+01:00,76994.0
2018-12-27 14:00:00+01:00,76707.0
2018-12-27 15:00:00+01:00,76057.0
2018-12-27 16:00:00+01:00,76461.0
2018-12-27 17:00:00+01:00,77745.0
2018-12-27 18:00:00+01:00,78712.0
2018-12-27 19:00:00+01:00,78039.0
2018-12-27 20:00:00+01:00,76864.0
2018-12-27 21:00:00+01:00,74956.0
2018-12-27 22:00:00+01:00,74977.0
2018-12-27 23:00:00+01:00,73759.0
2018-12-28 00:00:00+01:00,72602.0
2018-12-28 01:00:00+01:00,71511.0
2018-12-28 02:00:00+01:00,70031.0
2018-12-28 03:00:00+01:00,68767.0
2018-12-28 04:00:00+01:00,68565.0
2018-12-28 05:00:00+01:00,70025.0
2018-12-28 06:00:00+01:00,72009.0
2018-12-28 07:00:00+01:00,74845.0
2018-12-28 08:00:00+01:00,76216.0
2018-12-28 09:00:00+01:00,77091.0
2018-12-28 10:00:00+01:00,78046.0
2018-12-28 11:00:00+01:00,78487.0
2018-12-28 12:00:00+01:00,78166.0
2018-12-28 13:00:00+01:00,77587.0
2018-12-28 14:00:00+01:00,77122.0
2018-12-28 15:00:00+01:00,76718.0
2018-12-28 16:00:00+01:00,76144.0
2018-12-28 17:00:00+01:00,77221.0
2018-12-28 18:00:00+01:00,78388.0
2018-12-28 19:00:00+01:00,77836.0
2018-12-28 20:00:00+01:00,76053.0
2018-12-28 21:00:00+01:00,74272.0
2018-12-28 22:00:00+01:00,74284.0
2018-12-28 23:00:00+01:00,73506.0
2018-12-29 00:00:00+01:00,70542.0
2018-12-29 01:00:00+01:00,68592.0
2018-12-29 02:00:00+01:00,67744.0
2018-12-29 03:00:00+01:00,66505.0
2018-12-29 04:00:00+01:00,65452.0
2018-12-29 05:00:00+01:00,65664.0
2018-12-29 06:00:00+01:00,66025.0
2018-12-29 07:00:00+01:00,67424.0
2018-12-29 08:00:00+01:00,68851.0
2018-12-29 09:00:00+01:00,70801.0
2018-12-29 10:00:00+01:00,71637.0
2018-12-29 11:00:00+01:00,72756.0
2018-12-29 12:00:00+01:00,72952.0
2018-12-29 13:00:00+01:00,72179.0
2018-12-29 14:00:00+01:00,71265.0
2018-12-29 15:00:00+01:00,70385.0
2018-12-29 16:00:00+01:00,70346.0
2018-12-29 17:00:00+01:00,71957.0
2018-12-29 18:00:00+01:00,73851.0
2018-12-29 19:00:00+01:00,74060.0
2018-12-29 20:00:00+01:00,72396.0
2018-12-29 21:00:00+01:00,71360.0
2018-12-29 22:00:00+01:00,71616.0
2018-12-29 23:00:00+01:00,71655.0
2018-12-30 00:00:00+01:00,68854.0
2018-12-30 01:00:00+01:00,67015.0
2018-12-30 02:00:00+01:00,65355.0
2018-12-30 03:00:00+01:00,63812.0
2018-12-30 04:00:00+01:00,62589.0
2018-12-30 05:00:00+01:00,62040.0
2018-12-30 06:00:00+01:00,61847.0
2018-12-30 07:00:00+01:00,62296.0
2018-12-30 08:00:00+01:00,63609.0
2018-12-30 09:00:00+01:00,66383.0
2018-12-30 10:00:00+01:00,68395.0
2018-12-30 11:00:00+01:00,69562.0
2018-12-30 12:00:00+01:00,69815.0
2018-12-30 13:00:00+01:00,69320.0
2018-12-30 14:00:00+01:00,67283.0
2018-12-30 15:00:00+01:00,66334.0
2018-12-30 16:00:00+01:00,66650.0
2018-12-30 17:00:00+01:00,69831.0
2018-12-30 18:00:00+01:00,72401.0
2018-12-30 19:00:00+01:00,72495.0
2018-12-30 20:00:00+01:00,71699.0
2018-12-30 21:00:00+01:00,71099.0
2018-12-30 22:00:00+01:00,71237.0
2018-12-30 23:00:00+01:00,70270.0
2018-12-31 00:00:00+01:00,67247.0
2018-12-31 01:00:00+01:00,65041.0
2018-12-31 02:00:00+01:00,64608.0
2018-12-31 03:00:00+01:00,63406.0
2018-12-31 04:00:00+01:00,63325.0
2018-12-31 05:00:00+01:00,64335.0
2018-12-31 06:00:00+01:00,66327.0
2018-12-31 07:00:00+01:00,68518.0
2018-12-31 08:00:00+01:00,70720.0
2018-12-31 09:00:00+01:00,72763.0
2018-12-31 10:00:00+01:00,74126.0
2018-12-31 11:00:00+01:00,74840.0
2018-12-31 12:00:00+01:00,75056.0
2018-12-31 13:00:00+01:00,74811.0
2018-12-31 14:00:00+01:00,73588.0
2018-12-31 15:00:00+01:00,72258.0
2018-12-31 16:00:00+01:00,71846.0
2018-12-31 17:00:00+01:00,72733.0
2018-12-31 18:00:00+01:00,73681.0
2018-12-31 19:00:00+01:00,72047.0
2018-12-31 20:00:00+01:00,68176.0
2018-12-31 21:00:00+01:00,65829.0
2018-12-31 22:00:00+01:00,66179.0
2018-12-31 23:00:00+01:00,65849.0
2019-01-01 00:00:00+01:00,64931.0
2019-01-01 01:00:00+01:00,63555.0
2019-01-01 02:00:00+01:00,62104.0
2019-01-01 03:00:00+01:00,59954.0
2019-01-01 04:00:00+01:00,56724.0
2019-01-01 05:00:00+01:00,55856.0
2019-01-01 06:00:00+01:00,55606.0
2019-01-01 07:00:00+01:00,56483.0
2019-01-01 08:00:00+01:00,57554.0
2019-01-01 09:00:00+01:00,60627.0
2019-01-01 10:00:00+01:00,62621.0
2019-01-01 11:00:00+01:00,64920.0
2019-01-01 12:00:00+01:00,65370.0
2019-01-01 13:00:00+01:00,64846.0
2019-01-01 14:00:00+01:00,64161.0
2019-01-01 15:00:00+01:00,63305.0
2019-01-01 16:00:00+01:00,62597.0
2019-01-01 17:00:00+01:00,64425.0
2019-01-01 18:00:00+01:00,69402.0
2019-01-01 19:00:00+01:00,70231.0
2019-01-01 20:00:00+01:00,68539.0
2019-01-01 21:00:00+01:00,66935.0
2019-01-01 22:00:00+01:00,67511.0
2019-01-01 23:00:00+01:00,66967.0
